2.328908317537039530e-01
5.346850352646075333e-01
5.538974774670080148e-01
9.197450100777593285e-01
9.331566950083592937e-01
1.407155988824225989e+00
1.382720109307212786e+00
1.962265246528982487e+00
1.857348206551651337e+00
2.496789220142897392e+00
2.303004332982586000e+00
2.997001759873304305e+00
2.795500094335544361e+00
3.556403550759342558e+00
3.879450659460250250e+00
4.215962820579153281e+00
4.952970702395880664e+00
4.746197984174610696e+00
5.262102180691172748e+00
5.058257617200659695e+00
5.398044368184214292e+00
5.261620651316727404e+00
5.511167386225787723e+00
5.450921237580711676e+00
5.668557133549383842e+00
5.705164417576323643e+00
5.937005372318289176e+00
6.110299319659610262e+00
6.368035718610459028e+00
6.658971475528055350e+00
6.861294529870376913e+00
7.146278144812499455e+00
7.251051877374548482e+00
7.497553833689825531e+00
7.545896939790967650e+00
7.784542260109318157e+00
7.814983860820244210e+00
8.065228917664486019e+00
8.105442709399037327e+00
8.362850568097961457e+00
8.435295040793995724e+00
8.672969506289103236e+00
8.788774458477190521e+00
8.976059418287899661e+00
9.129873602689539069e+00
9.261188776082544649e+00
9.445607018840618707e+00
9.548895429494777432e+00
9.777705432181051037e+00
9.914512444541006886e+00
1.024202246446465914e+01
1.051125464750601779e+01
1.094507851436041967e+01
1.126611105969138826e+01
1.157059150394468006e+01
1.175396830821182803e+01
1.191864063467602364e+01
1.201532885858260080e+01
1.211607305506919019e+01
1.217623878667261650e+01
1.224410793286984855e+01
1.228802859754791221e+01
1.233329414553475090e+01
1.236818542008537669e+01
1.239347004752094250e+01
1.242116600807154825e+01
1.242623042457411131e+01
1.244638071530226853e+01
1.243013387840802508e+01
1.244166421976214210e+01
1.240308775233093641e+01
1.240480867209515381e+01
1.234333147115293805e+01
1.233413235360817772e+01
1.224999547487750995e+01
1.222932945715503550e+01
1.212492879573368754e+01
1.209450961016584003e+01
1.197731910758799323e+01
1.194352407138782723e+01
1.182810313553100201e+01
1.180124149360013242e+01
1.170522737104789535e+01
1.169352105803793407e+01
1.162959649563187803e+01
1.163425126692606071e+01
1.160678924257850753e+01
1.162314473275439397e+01
1.163032102780060839e+01
1.165161717459375446e+01
1.168808638089732099e+01
1.170814213835055106e+01
1.176642442725390936e+01
1.178067510513888649e+01
1.185186814825848245e+01
1.185727786369482217e+01
1.193167272446776472e+01
1.192604920637477051e+01
1.199372636282029347e+01
1.197494801711601120e+01
1.202629753110660360e+01
1.199180088477959671e+01
1.201779391902742944e+01
1.196390630529227117e+01
1.195517169449526840e+01
1.187397319806881768e+01
1.181605183091309286e+01
1.168347618012464473e+01
1.154513257607553811e+01
1.129205293281582101e+01
1.103684211825415318e+01
1.061780676903234877e+01
1.037972523027009331e+01
1.003394257141209422e+01
9.928222553054681043e+00
9.724290289966118550e+00
9.674646577562194594e+00
9.549535369246672900e+00
9.509897684395742345e+00
9.427936619680252761e+00
9.381445926050012929e+00
9.327346358797232284e+00
9.269134417381422963e+00
9.236441119687345491e+00
9.167876462488120382e+00
9.154385361900445162e+00
9.081254747211346512e+00
9.087585548629858678e+00
9.019152097440061411e+00
9.047691482802759921e+00
8.994955143311598178e+00
9.047544454338673603e+00
9.020516244759738456e+00
9.095647907907720153e+00
9.101213848992383504e+00
9.192787649431966912e+00
9.234087686588940969e+00
9.332459848064234009e+00
9.408794225260210808e+00
9.503464913072750875e+00
9.609821790684025089e+00
9.692819836694397395e+00
9.819990247811514195e+00
9.888640654689613285e+00
1.002546258249002875e+01
1.008300818376203445e+01
1.021999652433209782e+01
1.027377353858947018e+01
1.040545714491509521e+01
1.046389944472889511e+01
1.058852070649302846e+01
1.065850544534048439e+01
1.077629326098568008e+01
1.086185582895665647e+01
1.097387494304065392e+01
1.107649802694228391e+01
1.118464558440723167e+01
1.130409631964896633e+01
1.141115836870767808e+01
1.154550648506033106e+01
1.165422161992460204e+01
1.179877565421905317e+01
1.191015559582530869e+01
1.205657944639112245e+01
1.216898959119560431e+01
1.230650181384454456e+01
1.241677659844026671e+01
1.253569320702757395e+01
1.264130903425047592e+01
1.273647704186863194e+01
1.283651160885866638e+01
1.290818198670026717e+01
1.300246560805906881e+01
1.305455659093676068e+01
1.314217339813363949e+01
1.317948097130399354e+01
1.325779447136988587e+01
1.328374333370467753e+01
1.334835514083675534e+01
1.336402726418837794e+01
1.340949794454972377e+01
1.341396725913788934e+01
1.343530886766783183e+01
1.342749955140227414e+01
1.342306370927487436e+01
1.340549288328114486e+01
1.338091784674496765e+01
1.336312641636864385e+01
1.333187513659017043e+01
1.332758117369915496e+01
1.330384549255905924e+01
1.332217346838098138e+01
1.331312678637123170e+01
1.335406936423158797e+01
1.335949315948752414e+01
1.341627312035450714e+01
1.343216740667815756e+01
1.349510324637473246e+01
1.351651416472516232e+01
1.357580844393443797e+01
1.359833191250719509e+01
1.364608327996664983e+01
1.366676911776832171e+01
1.369846452040527751e+01
1.371629110878035362e+01
1.373134007390566680e+01
1.374689234898825418e+01
1.374768720045008763e+01
1.376188189881247581e+01
1.375176079613559565e+01
1.376439973473173950e+01
1.374590591298906617e+01
1.375524964671264527e+01
1.372980079541593312e+01
1.373350263809533445e+01
1.370235566757726531e+01
1.369908160827280952e+01
1.366468642399982514e+01
1.365541472357774211e+01
1.362211203899002854e+01
1.361021401217480076e+01
1.358353916551034146e+01
1.357339803435797165e+01
1.355829858894011863e+01
1.355345242463133459e+01
1.355278975351268755e+01
1.355499377242285419e+01
1.356929267557407215e+01
1.357884326274265163e+01
1.360701001561209722e+01
1.362373168817596181e+01
1.366403972499288599e+01
1.368841283418496957e+01
1.373939418077458541e+01
1.377365490767403244e+01
1.383475845249145664e+01
1.388370219839494268e+01
1.395534780963962618e+01
1.402567885279046678e+01
1.410779029591741818e+01
1.420350434904032966e+01
1.429205803883627723e+01
1.440581394510085289e+01
1.449127354878958940e+01
1.460318445415135358e+01
1.467686671667326692e+01
1.476934001536792351e+01
1.483043699973797303e+01
1.489932579088273457e+01
1.495253209687151852e+01
1.500282862023904329e+01
1.505282244589763252e+01
1.509122660102817193e+01
1.514035345147194533e+01
1.517199742300785203e+01
1.522053332677446491e+01
1.524871644560694151e+01
1.529591478260965687e+01
1.532285443020867532e+01
1.536794126555107454e+01
1.539561231537211938e+01
1.543849652062624500e+01
1.546924623660075326e+01
1.551088206536615388e+01
1.554771959473902854e+01
1.559012446822766051e+01
1.563674019861149489e+01
1.568282351793946816e+01
1.574362400962211339e+01
1.579720974269022093e+01
1.587796414438658488e+01
1.594474988715919750e+01
1.605522579390192206e+01
1.614680297377377727e+01
1.631094089031781635e+01
1.646528195970962472e+01
1.679630995422457929e+01
1.752982272175364642e+01
1.928825253486033020e+01
1.998761952892882832e+01
2.037831751492424814e+01
2.072690789439802828e+01
2.101669227687201413e+01
2.124568868428182711e+01
2.143969390120766150e+01
2.158457325102720148e+01
2.172158037305480249e+01
2.182238534040838118e+01
2.193173031775980419e+01
2.201216354092670002e+01
2.210976293491384936e+01
2.218305413748539934e+01
2.227736277804051568e+01
2.235097529134101890e+01
2.244606357582073386e+01
2.252385690136840068e+01
2.262098760462252756e+01
2.270462175434867902e+01
2.280357649660368224e+01
2.289381485801544969e+01
2.299414564725189791e+01
2.309191051751156465e+01
2.319388622918580722e+01
2.330080512814576821e+01
2.340594997143236355e+01
2.352424816837216781e+01
2.363542253329806186e+01
2.376685233986726331e+01
2.388739526991751205e+01
2.403068679573664923e+01
2.416177692888501838e+01
2.430956789214850744e+01
2.444688517598135746e+01
2.458681911550944932e+01
2.472144022813557029e+01
2.484396417856279271e+01
2.496875032967292185e+01
2.507338098266946247e+01
2.518734252006040464e+01
2.528108049843406491e+01
2.538833956606545428e+01
2.548142279565470858e+01
2.558893799321224805e+01
2.569335199202727438e+01
2.581093261931622607e+01
2.594307773755151203e+01
2.608753160346489608e+01
2.627558265486130296e+01
2.647952292963797305e+01
2.676340408923286418e+01
2.705745036193134467e+01
2.739987524407742825e+01
2.769636103327849241e+01
2.794582000612678740e+01
2.814925322764207749e+01
2.829390937938348571e+01
2.842566665933993164e+01
2.851377767531089802e+01
2.860477278558878567e+01
2.866489109325262774e+01
2.873222206066309781e+01
2.877829477417473925e+01
2.883096338816360316e+01
2.887003241680402965e+01
2.891293019823839927e+01
2.894856803586286276e+01
2.898437492182444686e+01
2.901823392608981322e+01
2.904842449777936508e+01
2.908104975830516281e+01
2.910650181535012848e+01
2.913779715663506664e+01
2.915916534852413378e+01
2.918865373421622422e+01
2.920658539594207781e+01
2.923356542244449940e+01
2.924882652789447945e+01
2.927251449603555500e+01
2.928604969844941763e+01
2.930574282623016558e+01
2.931862703615871624e+01
2.933387226939020564e+01
2.934710864974361044e+01
2.935784868158290806e+01
2.937204157078901545e+01
2.937868146437376993e+01
2.939369350763340805e+01
2.939699573987655157e+01
2.941174633344554223e+01
2.941251886641012447e+01
2.942503843409737385e+01
2.942371338168587158e+01
2.943142231036159018e+01
2.942771201564079320e+01
2.942779936858692480e+01
2.942061122534691009e+01
2.941046332076447811e+01
2.939819493241313353e+01
2.937596151969009384e+01
2.935721749915999368e+01
2.932259859731286866e+01
2.929716884865055704e+01
2.925216988456960365e+01
2.922166160598124662e+01
2.917054821302527046e+01
2.913781623942951882e+01
2.908567595924861138e+01
2.905304572398254948e+01
2.900368652985404339e+01
2.897134210923329078e+01
2.892608410668431418e+01
2.889188046072435867e+01
2.884983076462505380e+01
2.881044091963907050e+01
2.876972290147077160e+01
2.872244186027693047e+01
2.868182133287598390e+01
2.862648635062370062e+01
2.858685830349116230e+01
2.852693746490248117e+01
2.849145718007649464e+01
2.843285840980184531e+01
2.840479485361751699e+01
2.835262295476277217e+01
2.833259999376159044e+01
2.828875140860715476e+01
2.827422070509400243e+01
2.823782848562734671e+01
2.822509132290567635e+01
2.819484168897842125e+01
2.818175630896259065e+01
2.815805322399220501e+01
2.814554767953655556e+01
2.813095656669407418e+01
2.812227192155511091e+01
2.811980466762341280e+01
2.811801104647378224e+01
2.812870159200623732e+01
2.813460758652364291e+01
2.815646037798963164e+01
2.816834516939714206e+01
2.819704986608303443e+01
2.821168232022095879e+01
2.824199373187750695e+01
2.825577309248088653e+01
2.828261775846206660e+01
2.829230583822601375e+01
2.831142836771469007e+01
2.831453505247883129e+01
2.832281794764696770e+01
2.831772795174349966e+01
2.831313822427024718e+01
2.829877678588054124e+01
2.827961342447498794e+01
2.825425905292107842e+01
2.821735427104788840e+01
2.817636962953261559e+01
2.811427700988700451e+01
2.804707619121924012e+01
2.794531927324780440e+01
2.783387446183076719e+01
2.767437432443918510e+01
2.750504763551836618e+01
2.729461496131830955e+01
2.709740999678513163e+01
2.689658128871262477e+01
2.673387130887627450e+01
2.658995151057879269e+01
2.648324083467827705e+01
2.639649807346253851e+01
2.633894581450440597e+01
2.629967834875125021e+01
2.628339205813986013e+01
2.628511241453602310e+01
2.630436519236953785e+01
2.634278257056406147e+01
2.639321410932856082e+01
2.646642074990909066e+01
2.654682757829967699e+01
2.665878676606414643e+01
2.677649140039621756e+01
2.694497101121792326e+01
2.712728073851032917e+01
2.739365654298637764e+01
2.769049152502159217e+01
2.806177206278928793e+01
2.841771022028654414e+01
2.872847948228496051e+01
2.899222726807848716e+01
2.918900522297641942e+01
2.937053687104162947e+01
2.950724369523908308e+01
2.964416863106685440e+01
2.975069713953527639e+01
2.986023504903171499e+01
2.994785115696252831e+01
3.003732977902519252e+01
3.011093917174008538e+01
3.018441090828368800e+01
3.024684619229621063e+01
3.030700335877864404e+01
3.036003759336244201e+01
3.040869942450280661e+01
3.045340698432235627e+01
3.049189325020312680e+01
3.052903916068244428e+01
3.055861670935336605e+01
3.058907182717411644e+01
3.061136122558098549e+01
3.063639406966049705e+01
3.065355506465488844e+01
3.067481509731202038e+01
3.068932855132855764e+01
3.070839855500746296e+01
3.072238045832247622e+01
3.073996230636360849e+01
3.075414449636048175e+01
3.076914876056640935e+01
3.078186467714955654e+01
3.079089283327989790e+01
3.079780506495865211e+01
3.079595420559687113e+01
3.079188734590910315e+01
3.077597735941397161e+01
3.075945881223098866e+01
3.073254912864082655e+01
3.070942029688276875e+01
3.068132937920042025e+01
3.066188855934227320e+01
3.064353419404920942e+01
3.063628638544797411e+01
3.063470457676949366e+01
3.064413344614767709e+01
3.066230002299154478e+01
3.069010962756219385e+01
3.072845657570981359e+01
3.077465530119249593e+01
3.083179984585538591e+01
3.089474634684854948e+01
3.096740160763468452e+01
3.104342097846493687e+01
3.112625694654711594e+01
3.120974549346385629e+01
3.129613948818251856e+01
3.138089188849849620e+01
3.146482677696332075e+01
3.154610711725936767e+01
3.162405469858308038e+01
3.169988412821103907e+01
3.177132167907383575e+01
3.184223187268456456e+01
3.190880215664171260e+01
3.197667153940592755e+01
3.204088774183269095e+01
3.210774926618101688e+01
3.217193032517577933e+01
3.223919076880218881e+01
3.230485293402696811e+01
3.237299955125641304e+01
3.244068960413149227e+01
3.250940755384812064e+01
3.257887734686160286e+01
3.264744910644947140e+01
3.271805140799710898e+01
3.278589833521969865e+01
3.285708509156579282e+01
3.292430793315043047e+01
3.299611259273588360e+01
3.306388744682574554e+01
3.313726951813772814e+01
3.320796353279683899e+01
3.328489858037563920e+01
3.336182288440691934e+01
3.344508734761159019e+01
3.353194132698352803e+01
3.362466619237410725e+01
3.372484784968256122e+01
3.382993610826143538e+01
3.394579432243357076e+01
3.406510675847998471e+01
3.419696567284032085e+01
3.433008050071775585e+01
3.447499056091200487e+01
3.461790699643547953e+01
3.476901916959856464e+01
3.491430202589802434e+01
3.506248588756557183e+01
3.520195665070686175e+01
3.533940021809503662e+01
3.546752482285489805e+01
3.559035407494599212e+01
3.570546329493357973e+01
3.581368903801001125e+01
3.591697107718914594e+01
3.601296763633565945e+01
3.610692971990374645e+01
3.619398130958741433e+01
3.628139231488687244e+01
3.636282079664249522e+01
3.644624372280689784e+01
3.652503491184783968e+01
3.660673908125318121e+01
3.668545744723535051e+01
3.676748123676345870e+01
3.684828329232003341e+01
3.693246611389588452e+01
3.701706875553355758e+01
3.710495997132080959e+01
3.719454951212999561e+01
3.728731744192285191e+01
3.738264734490573460e+01
3.748136319327740296e+01
3.758339949054250440e+01
3.768991504479062371e+01
3.780090787543392139e+01
3.791877808737848454e+01
3.804274534739982983e+01
3.817675436000378397e+01
3.831756448676229354e+01
3.846971561826769914e+01
3.862478822890592767e+01
3.878616993902586785e+01
3.893905033215047240e+01
3.908689469418837348e+01
3.921258103915232596e+01
3.932399935747021402e+01
3.940605941175029159e+01
3.947207700605969194e+01
3.950915449980034566e+01
3.953443477983033461e+01
3.953628590946357235e+01
3.953379666249306013e+01
3.951527252590869921e+01
3.949918619855691304e+01
3.947243641260855895e+01
3.945115123434598559e+01
3.942117570052266728e+01
3.939629520174538868e+01
3.936287840142833261e+01
3.933277205039000535e+01
3.929434841999290029e+01
3.925739587123223373e+01
3.921327967127800207e+01
3.916904454805661828e+01
3.911959058229805919e+01
3.906822007956917275e+01
3.901356642807195385e+01
3.895434699333861772e+01
3.889296430082565337e+01
3.882352890230340847e+01
3.875225265883098302e+01
3.866995922236843342e+01
3.858665072147633168e+01
3.849213986743220062e+01
3.839944764596610582e+01
3.829878402677347538e+01
3.820394388998188617e+01
3.810525604020327251e+01
3.801504780164692932e+01
3.792395471957985364e+01
3.784223174365445175e+01
3.776215678908764062e+01
3.769169637231962611e+01
3.762561885092853231e+01
3.756877948895179031e+01
3.751843154174804340e+01
3.747570865412787100e+01
3.744023417834978318e+01
3.740965160515230536e+01
3.738590729463341233e+01
3.736392760052393669e+01
3.734777347988550389e+01
3.733055976673149701e+01
3.731803339190588531e+01
3.730237993767674709e+01
3.729046409496297088e+01
3.727436493611507728e+01
3.726141646884290992e+01
3.724432164419390290e+01
3.723015419312002905e+01
3.721284162047017219e+01
3.719837126631456670e+01
3.718236713082863787e+01
3.716883356709318775e+01
3.715549739325159351e+01
3.714347845292189731e+01
3.713302469392061766e+01
3.712149554953541042e+01
3.711210655911962419e+01
3.709753756069525821e+01
3.708437867355831941e+01
3.705947313899014262e+01
3.703305513554245465e+01
3.698450774565947086e+01
3.692822214845051576e+01
3.683497859038061506e+01
3.672785923299126409e+01
3.657561480929865638e+01
3.642656040561939790e+01
3.625993129963713102e+01
3.614172789769692429e+01
3.603699426545541940e+01
3.599512735273069097e+01
3.596764209343918139e+01
3.599659509585029582e+01
3.604208105733117407e+01
3.615323305602038317e+01
3.633611996594382276e+01
3.681295870629369915e+01
3.806194894432802300e+01
3.880076119521665134e+01
3.910279069122165652e+01
3.927512519283123993e+01
3.943273402211140422e+01
3.955179578911914007e+01
3.968107187722075935e+01
3.978663281310950595e+01
3.990174898552935190e+01
4.000211145628635734e+01
4.010604268654391547e+01
4.020218701302690079e+01
4.029488810242928309e+01
4.038491717214168375e+01
4.046541143367046800e+01
4.054669549649892701e+01
4.061410630765527685e+01
4.068431798140412070e+01
4.073831008094471429e+01
4.079593445872316693e+01
4.083710038158879740e+01
4.088204169257804210e+01
4.091256019630985463e+01
4.094688934823196291e+01
4.097103587141913295e+01
4.099908567599489118e+01
4.102260173008323818e+01
4.104960959287406297e+01
4.107775794418562043e+01
4.110776853798216735e+01
4.114356124913499002e+01
4.117833284965003315e+01
4.122230318138143446e+01
4.126177795971477735e+01
4.131302508781081428e+01
4.135658600178221889e+01
4.141424864667015981e+01
4.146229177852184478e+01
4.152773435357453025e+01
4.158541776231605525e+01
4.167131126270842856e+01
4.178247119509362051e+01
4.224001047451187674e+01
4.468966573538315856e+01
4.494071528046134745e+01
4.514611526253450791e+01
4.549476068042135068e+01
4.614871354216917609e+01
4.687459004170679577e+01
4.724287897095179289e+01
4.742963416304890245e+01
4.752659930341191341e+01
4.759556286070302633e+01
4.763764306020864581e+01
4.767638772202639075e+01
4.770303718151174621e+01
4.773158363815255711e+01
4.775341397990662529e+01
4.777737620287764742e+01
4.779698652120639224e+01
4.781725544650828397e+01
4.783435903053236871e+01
4.785015909898258712e+01
4.786356233971653751e+01
4.787383591406722871e+01
4.788250766081810639e+01
4.788682576326544904e+01
4.789075617761159265e+01
4.789014592678577742e+01
4.789111705255943718e+01
4.788865456210531590e+01
4.789049596319600255e+01
4.789102538702191225e+01
4.789868975701456577e+01
4.790727740470913432e+01
4.792493204331846357e+01
4.794497647800017148e+01
4.797458060345746844e+01
4.800713957777918495e+01
4.804862259213311404e+01
4.809328152240749432e+01
4.814583568609710085e+01
4.820206752497777813e+01
4.826529606062577216e+01
4.833315381629907392e+01
4.840724217581947642e+01
4.848705759840572682e+01
4.857231571755936272e+01
4.866456813916910562e+01
4.876224660067406091e+01
4.886971729043729340e+01
4.898531723068673216e+01
4.911623898841872915e+01
4.925978197391229685e+01
4.942046483845660987e+01
4.958549290329040105e+01
4.974347681226350915e+01
4.986467575795444418e+01
4.992935631273353181e+01
4.990924680149380777e+01
4.980290442396969297e+01
4.961902088527372712e+01
4.942505847303534949e+01
4.925923528187199452e+01
4.915034196441467884e+01
4.907715520485152183e+01
4.903729132517283062e+01
4.901115734073481178e+01
4.899927667106513240e+01
4.899063381985635601e+01
4.898713869262540754e+01
4.898290195715135553e+01
4.897949565976134068e+01
4.897449900337304030e+01
4.896873171406826941e+01
4.896234401442352180e+01
4.895532125103265741e+01
4.894952158274452358e+01
4.894400639644473472e+01
4.894146604704951642e+01
4.894005177310138777e+01
4.894262566704475148e+01
4.894668815260889971e+01
4.895492121573667532e+01
4.896461703429734769e+01
4.897814095544592305e+01
4.899304734264059391e+01
4.901135219210080152e+01
4.903126902513206176e+01
4.905448605896859249e+01
4.908016732147069661e+01
4.910973861852379230e+01
4.914349802561906699e+01
4.918271163833904325e+01
4.922888485715481011e+01
4.928325136930236283e+01
4.934849149136319113e+01
4.942596385257836289e+01
4.951938868792350945e+01
4.963035518294329052e+01
4.976309336174828957e+01
4.991879479424929400e+01
5.010009450955251964e+01
5.030506461925763517e+01
5.053077160588260597e+01
5.077020432434672159e+01
5.101606921982626375e+01
5.126251499955553470e+01
5.150471087017587024e+01
5.174175043817596986e+01
5.196983893657957765e+01
5.218852549435443677e+01
5.239234852934770004e+01
5.258038206540169313e+01
5.274879853563129473e+01
5.289840723853185978e+01
5.302916269701745478e+01
5.314309517572813490e+01
5.324246046756896078e+01
5.332900886428004128e+01
5.340561523984182202e+01
5.347322700306320087e+01
5.353455907062691210e+01
5.358990492430238817e+01
5.364158218326663530e+01
5.368957205159128421e+01
5.373579883025635695e+01
5.378030113682852686e+01
5.382475782817225252e+01
5.386967684803519774e+01
5.391682304919153523e+01
5.396777125571001932e+01
5.402508960962309459e+01
5.409254972459567057e+01
5.417510038296980213e+01
5.428087576236890754e+01
5.441947037787885222e+01
5.460289795855213413e+01
5.483471918264231704e+01
5.509905761153494552e+01
5.535561187387021675e+01
5.556840071393952485e+01
5.572653221296535264e+01
5.583701814685058196e+01
5.591166949090840887e+01
5.596042399616362673e+01
5.599080982587379651e+01
5.600810181942507882e+01
5.601614476671744569e+01
5.601782951972855074e+01
5.601535306976718687e+01
5.601056058789070846e+01
5.600488847482539256e+01
5.599962445936179734e+01
5.599573977268040892e+01
5.599411189467234351e+01
5.599534037096053396e+01
5.599994787851528599e+01
5.600821931802255449e+01
5.602036842806539596e+01
5.603643338107049487e+01
5.605638114018191231e+01
5.608009868648781548e+01
5.610739837562542220e+01
5.613813266665513879e+01
5.617205757044833092e+01
5.620908006796832979e+01
5.624894279538533226e+01
5.629161841463719895e+01
5.633679043190893765e+01
5.638444405942074411e+01
5.643409805183239314e+01
5.648569453398995677e+01
5.653847011487178520e+01
5.659232677288454738e+01
5.664615047342059029e+01
5.669995456678798007e+01
5.675239118523016657e+01
5.680405245485938792e+01
5.685388250134381849e+01
5.690408406333263258e+01
5.695521539480340323e+01
5.701342158985133324e+01
5.708454789828842024e+01
5.718581774019348529e+01
5.734038021111389583e+01
5.759190396207883111e+01
5.795334198404884773e+01
5.833880385197591067e+01
5.861131819595338754e+01
5.876477143251300106e+01
5.883197670590470807e+01
5.884960878144997309e+01
5.883029877666081120e+01
5.878846002159616546e+01
5.872565219180540907e+01
5.865028057306740550e+01
5.856250001927287485e+01
5.847055751277960667e+01
5.837565110710575311e+01
5.828586036591671871e+01
5.820143415568577439e+01
5.812764502300979075e+01
5.806200440723108613e+01
5.800668234960558323e+01
5.795757689475657060e+01
5.791548997986146219e+01
5.787650897758744861e+01
5.784149766530603642e+01
5.780786960175359468e+01
5.777722883369703766e+01
5.774887257652972039e+01
5.772518553860074064e+01
5.770738686761143299e+01
5.769800776222987793e+01
5.769983246824197920e+01
5.771456517836273292e+01
5.774641604981599130e+01
5.779557916634060177e+01
5.786799326167006541e+01
5.796161109836560854e+01
5.808300221104441619e+01
5.822497231916287319e+01
5.838874064246574846e+01
5.855837094058365722e+01
5.872637074711965965e+01
5.887827828532223862e+01
5.900846885330777525e+01
5.911554883853136744e+01
5.919807064414139575e+01
5.926221565953824211e+01
5.930648196431263841e+01
5.933863340344032622e+01
5.935625718979291321e+01
5.936661349600250048e+01
5.936696243095296666e+01
5.936331035706845682e+01
5.935306155452407495e+01
5.934049682647230384e+01
5.932341680659159522e+01
5.930403619188270170e+01
5.928072274414081733e+01
5.925337035761791071e+01
5.922097959174941195e+01
5.918076993721405188e+01
5.913206041058268170e+01
5.906847077174725769e+01
5.898814132914120023e+01
5.887836567090104722e+01
5.873154991536088687e+01
5.852383752130793937e+01
5.824354024736052793e+01
5.789390289793968236e+01
5.754021034602857299e+01
5.724852448593733811e+01
5.703949295530054542e+01
5.689722236982146342e+01
5.680561662266316603e+01
5.675019594447252302e+01
5.672416129625969461e+01
5.672096563893802568e+01
5.673638344590031579e+01
5.676759736859111172e+01
5.680862921230090024e+01
5.685921098827910214e+01
5.691105048411822054e+01
5.696639452545886684e+01
5.701652746673789807e+01
5.706597319357604192e+01
5.710788298922815898e+01
5.714796010822718131e+01
5.718232177163693564e+01
5.721632706553080538e+01
5.724889013039395991e+01
5.728377608385565622e+01
5.732192243237415141e+01
5.736486173608491868e+01
5.741475454779094889e+01
5.747080163303218114e+01
5.753567252845135727e+01
5.760631542971614749e+01
5.768517289249663804e+01
5.776709667924160385e+01
5.785389301606221579e+01
5.793913077808321077e+01
5.802456807594569455e+01
5.810421542351184598e+01
5.818085037060299669e+01
5.825029986575032126e+01
5.831641721895786645e+01
5.837683680924718033e+01
5.843539237759239313e+01
5.849077414785483597e+01
5.854561640334955541e+01
5.859918097607607024e+01
5.865236133997655088e+01
5.870507927317345320e+01
5.875655768456610417e+01
5.880776175970166264e+01
5.885656995415271808e+01
5.890530714079076802e+01
5.895083387986741741e+01
5.899690643651621258e+01
5.903964349262088263e+01
5.908403894157240188e+01
5.912574463720852691e+01
5.917055041231753876e+01
5.921396612290317307e+01
5.926190047747661538e+01
5.931013358940512603e+01
5.936382254928244606e+01
5.941955181887081494e+01
5.948076916629426591e+01
5.954551417550703718e+01
5.961464703292267586e+01
5.968831652598686333e+01
5.976421217200356750e+01
5.984502217596846663e+01
5.992523562068393517e+01
6.001004496591312432e+01
6.009146718765356354e+01
6.017657722444769774e+01
6.025635016274500799e+01
6.033861181467656820e+01
6.041500002988573215e+01
6.049269742909029901e+01
6.056538530737890369e+01
6.063824962457886159e+01
6.070767662794079911e+01
6.077577581724287370e+01
6.084161292561344681e+01
6.090352793617242355e+01
6.096298074270470124e+01
6.101424753236733522e+01
6.106127589304657022e+01
6.109439777119283121e+01
6.112119600881226233e+01
6.112901487181829907e+01
6.113152914489268142e+01
6.111565802089205590e+01
6.110223757454437532e+01
6.107999497940301126e+01
6.107036930267858565e+01
6.106312227478198906e+01
6.107062178821323073e+01
6.108483103263878888e+01
6.110745859234387467e+01
6.113578398063529562e+01
6.116458177399755414e+01
6.119711719367469982e+01
6.122482839180233327e+01
6.125525979752273997e+01
6.127885260600197626e+01
6.130493657309401101e+01
6.132447606385582617e+01
6.134629487984835805e+01
6.136300006563041620e+01
6.138116962847036007e+01
6.139592443986825288e+01
6.141044225979362636e+01
6.142300213137718856e+01
6.143275728305317784e+01
6.144155073587600668e+01
6.144434917503539850e+01
6.144670288631681387e+01
6.143962064929695543e+01
6.143219067713863524e+01
6.141198383400470107e+01
6.139101059039808206e+01
6.135398270014664490e+01
6.131432012819180954e+01
6.125358760756788001e+01
6.118207102020653565e+01
6.107073179446931022e+01
6.090037813231890595e+01
6.052826158203856721e+01
5.969034324564839267e+01
5.883366101114333446e+01
5.852042151327370334e+01
5.833830680606106966e+01
5.825089496748137208e+01
5.816886762974021963e+01
5.812515431199042837e+01
5.807568629001698923e+01
5.805088683195475596e+01
5.802250562198338457e+01
5.801332282550205832e+01
5.800895450371345419e+01
5.802282459524920455e+01
5.806012854003392931e+01
5.812296957289376564e+01
5.825104623409978899e+01
5.842729810890162412e+01
5.871375407534017654e+01
5.899983913847205486e+01
5.926013708594180684e+01
5.942639384769498179e+01
5.951783570515542010e+01
5.956908563912330123e+01
5.957423151833265251e+01
5.957263527235264178e+01
5.954246414634670259e+01
5.951814162804205921e+01
5.947591916479072438e+01
5.944415089220120763e+01
5.940191663857959270e+01
5.937079182214156958e+01
5.933435729991504104e+01
5.930723148491907182e+01
5.927827111874856314e+01
5.925547848025050257e+01
5.923332426931796135e+01
5.921386687129796655e+01
5.919714797657931626e+01
5.918018315380470540e+01
5.916819819089121779e+01
5.915424246177573764e+01
5.914797989398019240e+01
5.913961064159528291e+01
5.914203292263454159e+01
5.914356899111490407e+01
5.915866097389925926e+01
5.917454200681115140e+01
5.920525961152674199e+01
5.923777813056852892e+01
5.928402355688831449e+01
5.933183249091945299e+01
5.938990250632127754e+01
5.944847240819157719e+01
5.951259443115583281e+01
5.957646004182336696e+01
5.964141931882335257e+01
5.970656930241398186e+01
5.976954772144239314e+01
5.983438490813347244e+01
5.989512745908146485e+01
5.995994457334342087e+01
6.001982178582360916e+01
6.008568860795236333e+01
6.014654102615844522e+01
6.021432506702490173e+01
6.027757264587100394e+01
6.034738107979632105e+01
6.041354403724619715e+01
6.048461863514197034e+01
6.055323349461954763e+01
6.062418444097821180e+01
6.069399941418222966e+01
6.076317922676406624e+01
6.083247053719713904e+01
6.089830452215201717e+01
6.096518929439181989e+01
6.102637689314940417e+01
6.108907076362288535e+01
6.114468033226646071e+01
6.120171025985911228e+01
6.125123519790494697e+01
6.130161358345566214e+01
6.134499966675085147e+01
6.138829816958195806e+01
6.142586423033284859e+01
6.146208520959257271e+01
6.149423692909670081e+01
6.152340801941613790e+01
6.155009037175196340e+01
6.157157841348293914e+01
6.159149864784856732e+01
6.160314223700652292e+01
6.161292664391660878e+01
6.161025540937490064e+01
6.160395478751647147e+01
6.158016832467657764e+01
6.155019931063279159e+01
6.149861525582934973e+01
6.144044157115567373e+01
6.136172353218566400e+01
6.128258058698452260e+01
6.119202445068941643e+01
6.111191029463699920e+01
6.103102084581084341e+01
6.096656700182981581e+01
6.090587300589839970e+01
6.085996110521398350e+01
6.081791019086270467e+01
6.078569051366713438e+01
6.075700431841204363e+01
6.073318585108046364e+01
6.071379258268035528e+01
6.069537774260251695e+01
6.068356989159386217e+01
6.067011391168486512e+01
6.066619329004450378e+01
6.065918279515327072e+01
6.066453124259649599e+01
6.066635894577387944e+01
6.068225364478564643e+01
6.069502637399762079e+01
6.072151749212127925e+01
6.074596121666775161e+01
6.078114357124030676e+01
6.081582294628231011e+01
6.085572794185384282e+01
6.089678361271154472e+01
6.093596865399055673e+01
6.097757839540426517e+01
6.101020397150989538e+01
6.104566211294624622e+01
6.106644289773015544e+01
6.108917398923759379e+01
6.109344829988435777e+01
6.109695660559023622e+01
6.107918398141634952e+01
6.105476781854946466e+01
6.100421007944035523e+01
6.093432068445397931e+01
6.082542567328934524e+01
6.067166820478402656e+01
6.046024201276108556e+01
6.019448702845153321e+01
5.992597331798336313e+01
5.968633898623889422e+01
5.952515657110222946e+01
5.940781050522582518e+01
5.935457754017866705e+01
5.932239015725679110e+01
5.933736060092354592e+01
5.936784967174378380e+01
5.943963867894021291e+01
5.953789972683387077e+01
5.967045593766283673e+01
5.984302072471979272e+01
6.001540860995905291e+01
6.020900402655325934e+01
6.035086546158774468e+01
6.048616739244701535e+01
6.056582913595715922e+01
6.063493573821702398e+01
6.067063209608679131e+01
6.069781298503377798e+01
6.071028315770922745e+01
6.071467163379927001e+01
6.071568433154823197e+01
6.070730368018215017e+01
6.070153176337529999e+01
6.068408504178518115e+01
6.067188903791068810e+01
6.064550922752690099e+01
6.062511290603407588e+01
6.058845708942993724e+01
6.055763214611113199e+01
6.050957640262387827e+01
6.046711684168602119e+01
6.040825426603225878e+01
6.035521384143024193e+01
6.028882716887065385e+01
6.022890242922986204e+01
6.016061841001717880e+01
6.009905596825700513e+01
6.003503038407194481e+01
5.997664842193736945e+01
5.992154813833317917e+01
5.986939090323221535e+01
5.982553686965405859e+01
5.978084062269249443e+01
5.974857419116054302e+01
5.971152466394474345e+01
5.969007466142019780e+01
5.966064534454937984e+01
5.964890549863253000e+01
5.962739534504714811e+01
5.962433219293166076e+01
5.961143057203972262e+01
5.961599920969194955e+01
5.961230353539727389e+01
5.962292345056016529e+01
5.962808989515190206e+01
5.964206655859609896e+01
5.965413133330125106e+01
5.966760268811029277e+01
5.968302741449343785e+01
5.969171540616775928e+01
5.970625382408562132e+01
5.970673530179632849e+01
5.971670732182695929e+01
5.970757797758102470e+01
5.971096547593396053e+01
5.969338612376810715e+01
5.969039316840456877e+01
5.966792135752973536e+01
5.966092338512581250e+01
5.963873980751574777e+01
5.963152546580687385e+01
5.961507826771406826e+01
5.961141868511865027e+01
5.960485420854405447e+01
5.960717125979343223e+01
5.961250281643469862e+01
5.962160809821770613e+01
5.963908704827593965e+01
5.965496199553726342e+01
5.968406519129902676e+01
5.970689524167386253e+01
5.974712876253417448e+01
5.977795259931843930e+01
5.982905682085819876e+01
5.986971609577622644e+01
5.993119104980863199e+01
5.998346349244238240e+01
6.005367169084564694e+01
6.011785246816555173e+01
6.019343241610059181e+01
6.026726938761609631e+01
6.034367948314741170e+01
6.042269434953664131e+01
6.049575879368882170e+01
6.057487552216610993e+01
6.064210728409872786e+01
6.071730287944669158e+01
6.077813232419930500e+01
6.084714177814689151e+01
6.090237160083032109e+01
6.096458140287089122e+01
6.101578955272114513e+01
6.107189174494837403e+01
6.112113050143270243e+01
6.117287555546596423e+01
6.122262232794042802e+01
6.127269344016602304e+01
6.132587860559854676e+01
6.137780751581456684e+01
6.143783283196242451e+01
6.149596202081906426e+01
6.156678143941223880e+01
6.163640132948430050e+01
6.172285971077647559e+01
6.181073096559853752e+01
6.191937266641576798e+01
6.203469227487104831e+01
6.217472667394045516e+01
6.232932263906707249e+01
6.251079491183369896e+01
6.271282222469397993e+01
6.293360151826414040e+01
6.316779115865730887e+01
6.339528094610759013e+01
6.361982628711277243e+01
6.381533275096435887e+01
6.400437382164625433e+01
6.416058340656397263e+01
6.431683411305908749e+01
6.444637882463402434e+01
6.458065029113259925e+01
6.469818197019910144e+01
6.481919287620357295e+01
6.493610099663200685e+01
6.504959715669744469e+01
6.517299948495013950e+01
6.528277273647856305e+01
6.541465402767138926e+01
6.552315097314314585e+01
6.565964155116890311e+01
6.576775085006528343e+01
6.590008165942120399e+01
6.600659365942127010e+01
6.612478966807694292e+01
6.622666370217439180e+01
6.632418794944558726e+01
6.641801989862469213e+01
6.649398664559197414e+01
6.657762713183487335e+01
6.663581351382890716e+01
6.670908404735419595e+01
6.675567045054481241e+01
6.682011682745618941e+01
6.686175533436366436e+01
6.691989990446231218e+01
6.696247478049079405e+01
6.701704579877545598e+01
6.706502636444136556e+01
6.711849346950930340e+01
6.717474047802295445e+01
6.722922785072788088e+01
6.729504387836581714e+01
6.735244135345530481e+01
6.742762457532748499e+01
6.748962317041682013e+01
6.757239789199874735e+01
6.764020887050887154e+01
6.772713468007427196e+01
6.780083641265488836e+01
6.788708583532809371e+01
6.796495945381010984e+01
6.804537530817660240e+01
6.812392949564545575e+01
6.819462108788425780e+01
6.826959206585451057e+01
6.832897131718334549e+01
6.839654159182356352e+01
6.844488125253337785e+01
6.850202751726257588e+01
6.853968345712263499e+01
6.858311383034981645e+01
6.860740168769225988e+01
6.862941481992692161e+01
6.862371975603142005e+01
6.858289584174605125e+01
6.836323962717474956e+01
6.698827643371490126e+01
6.610099380924702928e+01
6.594193537992768483e+01
6.590003074567079011e+01
6.585843534652744324e+01
6.584921722590019044e+01
6.581644161030962437e+01
6.580932783458149515e+01
6.577580308716443369e+01
6.576725193596280405e+01
6.573413625460000276e+01
6.572493077185276888e+01
6.569474710095130376e+01
6.568517116277496370e+01
6.565878048880304618e+01
6.564722906577065942e+01
6.562345018101476057e+01
6.560711977686008822e+01
6.558396393866561880e+01
6.556059668313372413e+01
6.553717083069864202e+01
6.550704688441157941e+01
6.548537777424274964e+01
6.545267400884395670e+01
6.543831657581546324e+01
6.541051403588727453e+01
6.541076300620409256e+01
6.539558308015656962e+01
6.541568040459566191e+01
6.541687245803564110e+01
6.545586012006174315e+01
6.546946061048808474e+01
6.551715691363608585e+01
6.553019643102709324e+01
6.556809345512854748e+01
6.556270077446012579e+01
6.556987057189510892e+01
6.552998350973336983e+01
6.548740356331231283e+01
6.540096312938601386e+01
6.529167201330736248e+01
6.515289336539757414e+01
6.497437153392613141e+01
6.480156992891701861e+01
6.459707007629961595e+01
6.443819921905100045e+01
6.426704029546613128e+01
6.414801080318051163e+01
6.402196672540389955e+01
6.393424617798777376e+01
6.383566911971433910e+01
6.376300947448572742e+01
6.367232966888585111e+01
6.360097061066491619e+01
6.350266651355457270e+01
6.342218339823466522e+01
6.330573356002099672e+01
6.321110106641307880e+01
6.307497721821656000e+01
6.297138621819377136e+01
6.282733690606801247e+01
6.272974363638385853e+01
6.259659778916548589e+01
6.251847298369173700e+01
6.240962469493035769e+01
6.235554562884340157e+01
6.227669801254936033e+01
6.224571396669523438e+01
6.219881968135689476e+01
6.218803033828140769e+01
6.217203114982640955e+01
6.217692220928663005e+01
6.218686177449234265e+01
6.220173135433014977e+01
6.222966082727666048e+01
6.224908587873352417e+01
6.228639621570476947e+01
6.230639470915900802e+01
6.234578731586978506e+01
6.236401261830215503e+01
6.240033112221337319e+01
6.241571020634782485e+01
6.244592677910216594e+01
6.245828757402097153e+01
6.248118047372020101e+01
6.249106498792423281e+01
6.250687866700812378e+01
6.251545914128112713e+01
6.252557381005263437e+01
6.253451348391681108e+01
6.254105486774895439e+01
6.255222029989013777e+01
6.255758430194143216e+01
6.257263532711451148e+01
6.257899940281404838e+01
6.259897743945867887e+01
6.260791878614614347e+01
6.263295190145180413e+01
6.264524521869961404e+01
6.267440679855053531e+01
6.268999135890544494e+01
6.272127899007480778e+01
6.273935612037647047e+01
6.276976074992069243e+01
6.278901665000884691e+01
6.281466223174913921e+01
6.283357908017023874e+01
6.284974960404449007e+01
6.286668865503798997e+01
6.286699800410528383e+01
6.287895937859698847e+01
6.285138474865138392e+01
6.284794517593934415e+01
6.276014817879141106e+01
6.269863812056266283e+01
6.245166008903453303e+01
6.219622145157103432e+01
6.176308848383658301e+01
6.149677061366628550e+01
6.134221006476897742e+01
6.131628547414095465e+01
6.137125089518363552e+01
6.153809156699165328e+01
6.191894166964448232e+01
6.272965831221492294e+01
6.352571844118315880e+01
6.393033750527823145e+01
6.411582622240294427e+01
6.429753637145344669e+01
6.439544478676469907e+01
6.452627538566915177e+01
6.460899657461413881e+01
6.471082380857168914e+01
6.479666524001922312e+01
6.487369336273297904e+01
6.497141557988322802e+01
6.502701899735868096e+01
6.514211928768753523e+01
6.518320925886769146e+01
6.531840194603597638e+01
6.535747053367259696e+01
6.551106646624143082e+01
6.556710342395538760e+01
6.573016733211252927e+01
6.582646223159522947e+01
6.598118659249658435e+01
6.613505473959520486e+01
6.626034455212300145e+01
6.646551896064974585e+01
6.655202744729044184e+01
6.677325709827357514e+01
6.683080280580179533e+01
6.702093266053680054e+01
6.706172175958471371e+01
6.717321511061567207e+01
6.718044477425368655e+01
6.714286872129915196e+01
6.704471330397939255e+01
6.677951323712471776e+01
6.665147682063590651e+01
6.642350589036092856e+01
6.646243734420025362e+01
6.639607898540316455e+01
6.648443842755659716e+01
6.650463170579322991e+01
6.656686875052687924e+01
6.662737635802244540e+01
6.664932115369163057e+01
6.672460959217551135e+01
6.671476952395468629e+01
6.678983920244709793e+01
6.676064837382259043e+01
6.682583846653449200e+01
6.678705740529503032e+01
6.683463632747572092e+01
6.679224517783285364e+01
6.681449695986347592e+01
6.677153617822020237e+01
6.676014072998952997e+01
6.671824366621152080e+01
6.666561336567608009e+01
6.662749403890251187e+01
6.653239962900991600e+01
6.650537234536975006e+01
6.638313248929725319e+01
6.637848868099885635e+01
6.626302871916371373e+01
6.628299892880525590e+01
6.620646236426364339e+01
6.623325821350576348e+01
6.620400604385494603e+01
6.621526904307884820e+01
6.622099116348675807e+01
6.621007431703299062e+01
6.623427387882924222e+01
6.620778099183979748e+01
6.623831960774774075e+01
6.620514595910404410e+01
6.623450336629619528e+01
6.620109898519083913e+01
6.622491844214596313e+01
6.619532603342568677e+01
6.621150884445199836e+01
6.618850765140749104e+01
6.619681089010683195e+01
6.618279704012766729e+01
6.618459712022686858e+01
6.618193630659288829e+01
6.617988889058955237e+01
6.619073471161675570e+01
6.618820374236500470e+01
6.621391050704781378e+01
6.621424544051635053e+01
6.625465194314844553e+01
6.626053911152010301e+01
6.631345530144631084e+01
6.632655323132323133e+01
6.638769582104742994e+01
6.640860468591739618e+01
6.647205028094990098e+01
6.650046791292507464e+01
6.655951584706073731e+01
6.659435568547024786e+01
6.664261336535057012e+01
6.668200934728164953e+01
6.671451836680284941e+01
6.675588902530961377e+01
6.677008347894715712e+01
6.681046604313414150e+01
6.680666509415519272e+01
6.684323840682066020e+01
6.682439372324256510e+01
6.685482320898628927e+01
6.682554291804831337e+01
6.684791987962091753e+01
6.681322477264683357e+01
6.682580275467628894e+01
6.679022412768068762e+01
6.679134357215468754e+01
6.675867687008403095e+01
6.674707207901951733e+01
6.672069285330118760e+01
6.669612171125800160e+01
6.667955444325562553e+01
6.664352702016023500e+01
6.664083645441741055e+01
6.659705416157947866e+01
6.661252344930977642e+01
6.656662334110887969e+01
6.660340334951030172e+01
6.656207043500376130e+01
6.662019158113184858e+01
6.659024731727669177e+01
6.666488018513871339e+01
6.665255433178214162e+01
6.673327566102875608e+01
6.674283793876759319e+01
6.681466991009710910e+01
6.684589811989263808e+01
6.689284399440498419e+01
6.693922982105749497e+01
6.694897535402492394e+01
6.699948342698121451e+01
6.696537658720234276e+01
6.700868351407575574e+01
6.692756245671205306e+01
6.695476440539761143e+01
6.682512132629420876e+01
6.682988864690827313e+01
6.665798546689103432e+01
6.663752958337494192e+01
6.645222165353703758e+01
6.641120520780708603e+01
6.626135675724901830e+01
6.621088729907336301e+01
6.613068123118000585e+01
6.607964625876769560e+01
6.607349650544210817e+01
6.602512605968922799e+01
6.608399661478074449e+01
6.603768546287432173e+01
6.615222973936886319e+01
6.610476786196647936e+01
6.626967965569178887e+01
6.621776864984286703e+01
6.643727282467597206e+01
6.638816437939914294e+01
6.668784390464929857e+01
6.669897412078790921e+01
6.712393150318570179e+01
6.741713914786311079e+01
6.780231520421904179e+01
6.827608794099933220e+01
6.835341951705197516e+01
6.864845247551420471e+01
6.863728922649858077e+01
6.880198724754097839e+01
6.878391032948093198e+01
6.887812039707586109e+01
6.886871641617045725e+01
6.892209207962127948e+01
6.892452351808731237e+01
6.895249749947583950e+01
6.896751812419722683e+01
6.897907776974886929e+01
6.900692810183278425e+01
6.900777155029908272e+01
6.904840427817305226e+01
6.904234774350214821e+01
6.909521789561853211e+01
6.908504813674335310e+01
6.914850379970590666e+01
6.913704651552211544e+01
6.920586880953624132e+01
6.920134872679960836e+01
6.925243891894166381e+01
