-1.574362157064398415e+00
-1.589723764360410962e+00
-1.610176026230721646e+00
-1.679206557341108796e+00
-1.711736043243142324e+00
-1.854459495171832062e+00
-1.879208134272604802e+00
-2.077909278469254328e+00
-2.062488118968244244e+00
-2.248382298534462809e+00
-2.186651653379200422e+00
-2.314657732358967657e+00
-2.223968488354540529e+00
-2.292153078536319999e+00
-2.188016327811153516e+00
-2.208997784117886276e+00
-2.100713596846128794e+00
-2.087644931531720704e+00
-1.981951106457197076e+00
-1.946982919534652634e+00
-1.851220782468478099e+00
-1.807644365184551738e+00
-1.732406750259603001e+00
-1.699038791365182544e+00
-1.661492123031675261e+00
-1.670782191184328358e+00
-1.695270120001556302e+00
-1.794226557502202724e+00
-1.879168254012927308e+00
-2.051046259070684386e+00
-2.105269811597722196e+00
-2.225081925751089429e+00
-2.197905744937409533e+00
-2.230075128192743783e+00
-2.154132085475036984e+00
-2.127496988724510096e+00
-2.031022902666510532e+00
-1.969299714125040346e+00
-1.865864035753403538e+00
-1.782344084555937513e+00
-1.678741562738870874e+00
-1.581501826676785072e+00
-1.482806068627316121e+00
-1.378737857798971511e+00
-1.291680788174836669e+00
-1.190095112133819022e+00
-1.127307915700250129e+00
-1.046233661771986290e+00
-1.035591799981733230e+00
-1.018335251171667455e+00
-1.119637201269374271e+00
-1.249327624354954036e+00
-1.470472118969116115e+00
-1.655622442100211922e+00
-1.759429207570661013e+00
-1.804131218419249727e+00
-1.778775056960808731e+00
-1.730963963276530126e+00
-1.651898110054968782e+00
-1.561165738793382385e+00
-1.460003634181729515e+00
-1.347675802402439782e+00
-1.235979674962935038e+00
-1.111283606039387806e+00
-9.933668903391442706e-01
-8.606200418132459173e-01
-7.380134193154417321e-01
-5.994519813589319623e-01
-4.726212707624619647e-01
-3.296006006508693242e-01
-1.986580876585367361e-01
-5.216001473756749079e-02
8.286257250217962667e-02
2.320484414060375311e-01
3.711246808571417310e-01
5.223620126714674239e-01
6.654649192377654066e-01
8.182683584602014060e-01
9.653593290886643974e-01
1.119369343696953623e+00
1.270348390921238080e+00
1.425267424141420713e+00
1.579892896657878021e+00
1.735404266762787140e+00
1.893215418805399564e+00
2.048918708430887303e+00
2.209193563528709436e+00
2.364581764307433609e+00
2.526349674977414139e+00
2.680840515993791584e+00
2.842956728681400591e+00
2.995981211890227147e+00
3.157262869277402295e+00
3.308407401658627123e+00
3.467822372558879263e+00
3.617009170673135543e+00
3.773891421842346272e+00
3.921556385484969987e+00
4.075789988233115224e+00
4.222982514915846863e+00
4.375070198045367675e+00
4.523392156205251702e+00
4.674351818160370264e+00
4.825715913516008371e+00
4.976844908698955905e+00
5.133138629707232781e+00
5.285780450238958927e+00
5.448576773486697888e+00
5.604026236904239511e+00
5.774428243108694403e+00
5.934004302042327872e+00
6.112586186128887711e+00
6.277752368720825871e+00
6.464461237680246164e+00
6.636777048646194999e+00
6.830688999280555507e+00
7.011421035550798209e+00
7.210438049265892602e+00
7.399878851819631898e+00
7.600678012122290106e+00
7.797512774181750039e+00
7.996035435810218139e+00
8.197216416039534437e+00
8.389592302555126224e+00
8.590915018380613333e+00
8.774317800508896426e+00
8.971413568595099974e+00
9.144436907908376710e+00
9.333695319759380382e+00
9.496293629541460390e+00
9.675443223880977328e+00
9.828725017245897533e+00
9.997054121770032609e+00
1.014305924479567800e+01
1.030128090386993378e+01
1.044261354891654037e+01
1.059232411511143646e+01
1.073150347174179053e+01
1.087433368503394071e+01
1.101302266727270762e+01
1.114985831222973722e+01
1.128836709772103930e+01
1.141902593586918258e+01
1.155633726729022825e+01
1.167979428549314491e+01
1.181406937071611374e+01
1.192910335312448034e+01
1.205850714196716567e+01
1.216456592858848929e+01
1.228815065031762188e+01
1.238605473510521904e+01
1.250420793098586714e+01
1.259611066706121996e+01
1.271006318724747786e+01
1.279841239183834212e+01
1.290900146906239776e+01
1.299521378026586405e+01
1.310199579088395794e+01
1.318608166933135095e+01
1.328779034123257041e+01
1.336946863564688215e+01
1.346571029060572755e+01
1.354627167874986426e+01
1.363913712902955311e+01
1.372233013979444749e+01
1.381618465639172300e+01
1.390685009551898510e+01
1.400611871678074394e+01
1.410768635944248572e+01
1.421477099635334085e+01
1.432802555286196799e+01
1.444306563720505210e+01
1.456676094449080949e+01
1.468867815540716215e+01
1.482079088601803818e+01
1.494833918508745008e+01
1.508694074272720620e+01
1.521919251241912363e+01
1.536273240295737708e+01
1.549907886939400647e+01
1.564629923109097120e+01
1.578623958214724787e+01
1.593598196955121082e+01
1.607891133947201823e+01
1.622996993108798947e+01
1.637506517063019729e+01
1.652615008834899513e+01
1.667238817440334486e+01
1.682221657203655596e+01
1.696852317857096182e+01
1.711601897399901162e+01
1.726150932903535917e+01
1.740605812675547881e+01
1.755029979085730218e+01
1.769197068629902603e+01
1.783516108481957829e+01
1.797477433825165249e+01
1.811771341684277203e+01
1.825666089851314311e+01
1.840048069753480675e+01
1.854033963182165579e+01
1.868611325183873006e+01
1.882824278716629962e+01
1.897668706260990135e+01
1.912200339262543025e+01
1.927340654419209542e+01
1.942238723544561196e+01
1.957672815534203181e+01
1.972955387352148193e+01
1.988668508157934767e+01
2.004338709604350299e+01
2.020316329130688615e+01
2.036369185924363379e+01
2.052599805007638878e+01
2.069020798883898138e+01
2.085491918217237384e+01
2.102252732096837562e+01
2.118946353639415037e+01
2.136003411065432545e+01
2.152895391967899386e+01
2.170193576793261059e+01
2.187257959081057024e+01
2.204739358104235691e+01
2.221956961932848174e+01
2.239573204457434130e+01
2.256942651022228929e+01
2.274668498705040776e+01
2.292216918311675400e+01
2.310062168748408595e+01
2.327852307591810899e+01
2.345868687588817991e+01
2.363998444739257465e+01
2.382277390250231619e+01
2.400867139569359310e+01
2.419524496853084727e+01
2.438689387771903228e+01
2.457836333493884950e+01
2.477646064079513621e+01
2.497350416418390395e+01
2.517785169714687044e+01
2.538031475225970013e+01
2.558948957862083873e+01
2.579610925625014772e+01
2.600745179424776055e+01
2.621589163108472320e+01
2.642597752241451303e+01
2.663329375262516407e+01
2.683880069488337128e+01
2.704219831368634885e+01
2.724075217013753658e+01
2.743824002422100961e+01
2.762879948678830999e+01
2.781942082626116886e+01
2.800209981932958669e+01
2.818572665374066588e+01
2.836128592061365339e+01
2.853819349771940850e+01
2.870749957888567394e+01
2.887795158182147404e+01
2.904158711291773187e+01
2.920556061874871290e+01
2.936363546075867248e+01
2.952070913406515018e+01
2.967283668675435848e+01
2.982219798995824078e+01
2.996755706967899968e+01
3.010803784462229871e+01
3.024539998558687870e+01
3.037539249076464287e+01
3.050292755123415844e+01
3.061993703607437922e+01
3.073448420303424911e+01
3.083388930286770702e+01
3.092912061588183192e+01
3.100133970117580162e+01
3.106378962850333281e+01
3.108886304059351247e+01
3.109206403124409235e+01
3.103791532038044565e+01
3.095610697056631366e+01
3.083020332871865321e+01
3.072516511410021067e+01
3.063906528480128344e+01
3.060901939257785287e+01
3.060700798870778527e+01
3.064471961588158422e+01
3.069463429079611316e+01
3.076791533578595050e+01
3.084262608418244511e+01
3.093205929317158365e+01
3.101744648363835566e+01
3.111338273384992448e+01
3.120294862862516894e+01
3.130128553113760503e+01
3.139289434146761337e+01
3.149279644973692527e+01
3.158681387808094598e+01
3.168917832362863152e+01
3.178706969288788997e+01
3.189331377836219517e+01
3.199661507704868768e+01
3.210791591733733696e+01
3.221773487183337892e+01
3.233480173037697369e+01
3.245178602240458332e+01
3.257496966170061370e+01
3.269945451969480388e+01
3.282888644955699675e+01
3.296095717824962890e+01
3.309654704239842715e+01
3.323595416049771956e+01
3.337727999533277767e+01
3.352330776458062900e+01
3.366952186113698531e+01
3.382092674536334442e+01
3.397076073167116306e+01
3.412583369891153495e+01
3.427772269496095703e+01
3.443447991118540585e+01
3.458679378150211647e+01
3.474327972393693642e+01
3.489463529370152628e+01
3.504929893360130677e+01
3.519889432504481164e+01
3.535094325195445464e+01
3.549879121410614857e+01
3.564836063506106711e+01
3.579525981131998691e+01
3.594325121798745215e+01
3.609043231391884632e+01
3.623806019602037054e+01
3.638667387820950694e+01
3.653498414289389018e+01
3.668573449629661098e+01
3.683536909164058670e+01
3.698846623638352327e+01
3.713973018578744956e+01
3.729509527541096503e+01
3.744818717589192403e+01
3.760572801910229401e+01
3.776095785477109956e+01
3.792075889032012981e+01
3.807863772809128733e+01
3.824099410674306654e+01
3.840217654805231007e+01
3.856750306819138530e+01
3.873265185125341503e+01
3.890136113009122454e+01
3.907102970098173955e+01
3.924346343896475986e+01
3.941805362726620388e+01
3.959449794803044398e+01
3.977429602288174948e+01
3.995506226453287724e+01
4.014031545554534119e+01
4.032583145892517962e+01
4.051680145505771691e+01
4.070763921053676881e+01
4.090456790181799818e+01
4.110134199978563885e+01
4.130429681669241404e+01
4.150741359631630445e+01
4.171604725952685300e+01
4.192537004557195246e+01
4.213871497011253808e+01
4.235330832807514412e+01
4.256976822430771534e+01
4.278790893159882813e+01
4.300553031257810943e+01
4.322504615126288741e+01
4.344196833460408413e+01
4.366075361383822440e+01
4.387561005306007900e+01
4.409206603560568283e+01
4.430417094938639622e+01
4.451741773831503934e+01
4.472673589947571315e+01
4.493660591744175292e+01
4.514359942118021252e+01
4.535049945112341874e+01
4.555593380451460206e+01
4.576064999205922845e+01
4.596539737998569564e+01
4.616888466528013879e+01
4.637373794043290332e+01
4.657691533721533261e+01
4.678242127126008398e+01
4.698598550303152876e+01
4.719230873543937577e+01
4.739657951621940413e+01
4.760341712729200481e+01
4.780823512862155411e+01
4.801480687901222666e+01
4.821950897046152562e+01
4.842464109950226714e+01
4.862813279658912791e+01
4.883043596683428689e+01
4.903136651496490828e+01
4.922948144169973972e+01
4.942649419579355907e+01
4.961934310863185260e+01
4.981133011735125393e+01
4.999829136983811395e+01
5.018456316164893138e+01
5.036550879288564886e+01
5.054582541313931188e+01
5.072102371996010817e+01
5.089550445928327349e+01
5.106545403996702959e+01
5.123444222671241022e+01
5.139972889767733477e+01
5.156369747896815880e+01
5.172494011393137470e+01
5.188448341018088428e+01
5.204237370619651415e+01
5.219826198489568014e+01
5.235363614442650260e+01
5.250685616235706732e+01
5.266071254349809294e+01
5.281242509755755066e+01
5.296584359640752382e+01
5.311725034217643326e+01
5.327123963240678961e+01
5.342341654907352932e+01
5.357876933680896769e+01
5.373256155370708598e+01
5.388981603237330376e+01
5.404588493622572543e+01
5.420546494238797663e+01
5.436453691241564457e+01
5.452709629503895172e+01
5.469042676740477305e+01
5.485741305535008649e+01
5.502750573251103106e+01
5.520202270006992507e+01
5.538373737863279445e+01
5.557190068323794208e+01
5.577415018216979092e+01
5.598708704937454428e+01
5.622469804517052694e+01
5.647956195928025380e+01
5.676977340742274691e+01
5.707839381519252697e+01
5.741330431483800822e+01
5.774434912916889573e+01
5.806379037528056131e+01
5.835588197630271168e+01
5.861602179614887831e+01
5.885201789160209529e+01
5.905918562895934087e+01
5.925239336711025118e+01
5.942359383523812966e+01
5.958744854676481140e+01
5.973438835979900574e+01
5.987743002589774477e+01
6.000722869074704846e+01
6.013497663351773070e+01
6.025240733702811724e+01
6.036882038446876919e+01
6.047727435614155667e+01
6.058505383421812240e+01
6.068651481344851817e+01
6.078687152868594268e+01
6.088176251057672062e+01
6.097450778926124570e+01
6.106219502550705158e+01
6.114672374779852504e+01
6.122698251925533697e+01
6.130410315607402794e+01
6.137907145836042844e+01
6.145266271208969755e+01
6.152771260089825489e+01
6.160433763892739734e+01
6.168630312638195790e+01
6.177234556717429825e+01
6.186630859351606659e+01
6.196527922167329194e+01
6.207300686530443556e+01
6.218530298979415960e+01
6.230604934993930755e+01
6.243035495952243252e+01
6.256239536960232073e+01
6.269704978320452682e+01
6.283873778846052005e+01
6.298245769371145997e+01
6.313265886793162451e+01
6.328474916576686127e+01
6.344290071191144165e+01
6.360321950901552412e+01
6.376925050908972992e+01
6.393811723699965199e+01
6.411237446783663074e+01
6.429052337534854189e+01
6.447377260334222626e+01
6.466238487772081101e+01
6.485589394984569367e+01
6.505666460748963686e+01
6.526228022273275542e+01
6.547733062547349903e+01
6.569725982908161654e+01
6.592842682932975151e+01
6.616410020520328317e+01
6.641089863006888550e+01
6.666031843268967805e+01
6.691679657059110298e+01
6.717171335447669378e+01
6.742561579691486884e+01
6.767301119674689858e+01
6.791101982722244657e+01
6.813973077352126495e+01
6.835413690567484934e+01
6.855925760557688875e+01
6.874881032747005349e+01
6.893037999516859315e+01
6.909712518532784031e+01
6.925721711448474593e+01
6.940406091177374037e+01
6.954538902007026024e+01
6.967561994535449799e+01
6.980170282491602052e+01
6.991961072027949342e+01
7.003538203363446257e+01
7.014664818813750458e+01
7.025824675485762327e+01
7.036909357276410049e+01
7.048239264951637040e+01
7.059783393626992165e+01
7.071677888422621550e+01
7.083942899583770725e+01
7.096549710684996626e+01
7.109569276951292238e+01
7.122850801619374295e+01
7.136521137415405747e+01
7.150351930761712538e+01
7.164523352419219293e+01
7.178766291311761449e+01
7.193302049335825643e+01
7.207848602418195583e+01
7.222649153924753307e+01
7.237429021780025096e+01
7.252430434831379102e+01
7.267400595286346743e+01
7.282557366778888763e+01
7.297680389744330398e+01
7.312941855999191887e+01
7.328161891335780354e+01
7.343449831947224027e+01
7.358672880157875795e+01
7.373865579750328436e+01
7.388947558310256625e+01
7.403871860916292746e+01
7.418614208572620328e+01
7.433044233269660594e+01
7.447195821759429180e+01
7.460858602476771750e+01
7.474127012796105873e+01
7.486722053848572500e+01
7.498805990199657856e+01
7.510055885655960140e+01
7.520720556511807331e+01
7.530476133478212830e+01
7.539688395351664951e+01
7.548084090270162960e+01
7.556162146877896646e+01
7.563719112018195290e+01
7.571340130113176770e+01
7.578843643084648818e+01
7.586792956455352055e+01
7.594960585232989558e+01
7.603801153408328162e+01
7.613029585358620466e+01
7.622972507791600094e+01
7.633328112932865395e+01
7.644309855028078005e+01
7.655646911205603544e+01
7.667452049177229867e+01
7.679518568842760828e+01
7.691860890944714413e+01
7.704356125488754969e+01
7.716917467089977833e+01
7.729518168215292917e+01
7.741967843153344120e+01
7.754345676492714290e+01
7.766359788231648054e+01
7.778205292282611083e+01
7.789496897861602065e+01
7.800555735998490547e+01
7.810914571708292442e+01
7.821025048606878727e+01
7.830343138571534212e+01
7.839438001739482331e+01
7.847674938357229735e+01
7.855703542504994630e+01
7.862766602769048063e+01
7.869549941715406760e+01
7.875150858208071725e+01
7.880282715519805947e+01
7.883931946040661387e+01
7.886925937765587946e+01
7.888295651558684085e+01
7.889189928896242066e+01
7.888913199833046974e+01
7.889013312542489587e+01
7.888994930760591728e+01
7.890382268169241797e+01
7.892502253536861190e+01
7.896453936449364619e+01
7.901366276005256850e+01
7.907985997466504102e+01
7.915479291906403603e+01
7.924405396684072400e+01
7.934099496558962983e+01
7.944990362224731939e+01
7.956602505891956412e+01
7.969230875065561293e+01
7.982574482990659703e+01
7.996783534395031268e+01
8.011717922543792270e+01
8.027383821454552049e+01
8.043795702920934332e+01
8.060829374777674161e+01
8.078649008277706400e+01
8.097023364206631868e+01
8.116254680167178037e+01
8.136036013969346925e+01
8.156780891153380253e+01
8.178145702596793853e+01
8.200601003434003644e+01
8.223808060031517186e+01
8.248192196413006627e+01
8.273446603816283584e+01
8.299786772906779220e+01
8.326936291801047219e+01
8.354735051531042700e+01
8.382955200972304510e+01
8.411082301193097521e+01
8.439047865612280930e+01
8.466252010135187334e+01
8.492864435789287825e+01
8.518439743089560068e+01
8.543285399465835894e+01
8.567158451598463387e+01
8.590344562349420698e+01
8.612761412270521078e+01
8.634586080233319194e+01
8.655852137129022594e+01
8.676615616009692644e+01
8.696992383901726953e+01
8.716940703149334979e+01
8.736631424310893124e+01
8.755958474005593928e+01
8.775123186102727857e+01
8.793987516975627727e+01
8.812760243303388563e+01
8.831298570926033165e+01
8.849796931033689873e+01
8.868128999825415804e+01
8.886454989466203358e+01
8.904680826557095941e+01
8.922915731877810686e+01
8.941109176397243630e+01
8.959307061179590903e+01
8.977510002841313508e+01
8.995693917062972389e+01
9.013914804456582885e+01
9.032078474004781299e+01
9.050296867197694439e+01
9.068412455284888551e+01
9.086588966313000526e+01
9.104618999797327206e+01
9.122707754447975503e+01
9.140617638813748158e+01
9.158577320281902701e+01
9.176344145184819467e+01
9.194142950044943063e+01
9.211755384610145825e+01
9.229364178909237637e+01
9.246807581043921687e+01
9.264175206189690925e+01
9.281395987234633083e+01
9.298398203805801643e+01
9.315233477954602392e+01
9.331562912128796938e+01
9.347566185317050724e+01
9.362390751493663288e+01
9.376136883165257530e+01
9.386281029515396312e+01
9.389886219729584127e+01
9.365556338634976896e+01
9.265099723574401480e+01
9.215508311400286345e+01
9.211110520962361647e+01
9.218130611887079340e+01
9.228275179035635745e+01
9.240069242820486295e+01
9.252326309658353409e+01
9.264928763535262135e+01
9.277659545210180170e+01
9.290466115802682623e+01
9.303455502367908991e+01
9.316508682426206178e+01
9.329862918286714546e+01
9.343318352448292785e+01
9.357151319820040669e+01
9.371099078582989250e+01
9.385435925032035698e+01
9.399869521063197908e+01
9.414656252407029058e+01
9.429508164410358972e+01
9.444656301872343818e+01
9.459843422918436318e+01
9.475268935665489778e+01
9.490723225115641526e+01
9.506366993381013231e+01
9.522046636756509486e+01
9.537876314508136488e+01
9.553760213593444917e+01
9.569758465576335027e+01
9.585830737307026084e+01
9.601977367137087072e+01
9.618209088851624244e+01
9.634462871738416823e+01
9.650794745793697871e+01
9.667076170714219074e+01
9.683400813814235164e+01
9.699571560913219059e+01
9.715707323558937958e+01
9.731531680691328745e+01
9.747161502140507139e+01
9.762200567947388663e+01
9.776682201028688723e+01
9.789927345117425261e+01
9.801546454008752107e+01
9.809722139285932485e+01
9.811430536861227836e+01
9.796884679671619267e+01
9.749802170399622980e+01
9.695583778275693021e+01
9.675782576241216759e+01
9.674551806338955373e+01
9.681361573014014255e+01
9.691555453498513373e+01
9.703856622803304788e+01
9.717129143491001741e+01
9.731298311312980331e+01
9.745845030675678800e+01
9.760905308038179840e+01
9.776143624606335436e+01
9.791717839650250710e+01
9.807378041466176910e+01
9.823250425813941433e+01
9.839145058448680459e+01
9.855137483433409784e+01
9.871093261251007789e+01
9.887030096852456040e+01
9.902871556643404460e+01
9.918575720020515973e+01
9.934129044689544230e+01
9.949431780991052676e+01
9.964538392892175978e+01
9.979295350387562280e+01
9.993827883632884834e+01
1.000793259468264722e+02
1.002180239455433934e+02
1.003518498740730678e+02
1.004832918489533711e+02
1.006093064746169148e+02
1.007327386003223069e+02
1.008499809111839340e+02
1.009640098962230468e+02
1.010706930664492660e+02
1.011730283324457815e+02
1.012666218643756082e+02
1.013546387841325327e+02
1.014329401254562697e+02
1.015051318849077973e+02
1.015676683539678749e+02
1.016243106831477832e+02
1.016714169725085952e+02
1.017114815342481933e+02
1.017391653828352815e+02
1.017545866745123817e+02
1.017511032459985501e+02
1.017306314834094394e+02
1.016934173048797163e+02
1.016544186822229108e+02
1.016252634330865305e+02
1.016230972156153172e+02
1.016500840329376985e+02
1.017086638216459562e+02
1.017920250611136908e+02
1.018969165072246170e+02
1.020174067300082328e+02
1.021502076677294326e+02
1.022921415550156894e+02
1.024405069741531094e+02
1.025941959417623508e+02
1.027509171889985851e+02
1.029108583489223747e+02
1.030720341217650429e+02
1.032353516801258735e+02
1.033990969293656690e+02
1.035644699308121517e+02
1.037300071553783027e+02
1.038968888722933599e+02
1.040638808852834387e+02
1.042319340076093113e+02
1.044000263734279486e+02
1.045687658510758808e+02
1.047373368324946199e+02
1.049059739519545928e+02
1.050740717148110974e+02
1.052415201098712885e+02
1.054079252382478131e+02
1.055728883867737693e+02
1.057362121929848655e+02
1.058972680997587617e+02
1.060560186958011144e+02
1.062116533882519889e+02
1.063642339320310555e+02
1.065127878093481542e+02
1.066573775052309827e+02
1.067968340307367043e+02
1.069310617500977969e+02
1.070585796665867093e+02
1.071789060367760129e+02
1.072900663167558122e+02
1.073909766266299641e+02
1.074791197085686605e+02
1.075530359708950101e+02
1.076105410090338808e+02
1.076516971063603876e+02
1.076777828101114522e+02
1.076941230320174299e+02
1.077077695428223905e+02
1.077275396529800418e+02
1.077598010998939202e+02
1.078086997773145299e+02
1.078747521025039333e+02
1.079571059063681560e+02
1.080534961516395498e+02
1.081618042390672798e+02
1.082798021352032833e+02
1.084057292533729253e+02
1.085380887172206315e+02
1.086756913514165888e+02
1.088176982126838510e+02
1.089633601714522086e+02
1.091122979812602125e+02
1.092640480030744214e+02
1.094185131300268239e+02
1.095753944920041221e+02
1.097347404815381395e+02
1.098963340471106989e+02
1.100602720177875824e+02
1.102263693126087958e+02
1.103947092180589635e+02
1.105651167874549543e+02
1.107376313940563932e+02
1.109120900578899551e+02
1.110884853053968442e+02
1.112666847624483211e+02
1.114466510334804923e+02
1.116283080154448868e+02
1.118116157635349737e+02
1.119965767159926173e+02
1.121831759438703529e+02
1.123715019806038242e+02
1.125615800042709083e+02
1.127535644664352361e+02
1.129475080678195127e+02
1.131435716275777139e+02
1.133417830869617688e+02
1.135422109273725795e+02
1.137447702531592313e+02
1.139493247576621826e+02
1.141555833057970943e+02
1.143631316568968259e+02
1.145714258069836688e+02
1.147797982843320455e+02
1.149874954128657549e+02
1.151937368783952564e+02
1.153976858012676132e+02
1.155986543110276585e+02
1.157958767140583944e+02
1.159889453204039427e+02
1.161772952085333941e+02
1.163609155500034831e+02
1.165395261982911990e+02
1.167135377053336214e+02
1.168829758166661748e+02
1.170485814159704603e+02
1.172106150823799453e+02
1.173699304530126994e+02
1.175268707547953824e+02
1.176821202517908489e+02
1.178359655557420211e+02
1.179886989845333147e+02
1.181405319255994328e+02
1.182912822364430809e+02
1.184412106616362621e+02
1.185897027436903528e+02
1.187372747663399650e+02
1.188829694645318398e+02
1.190277306651369713e+02
1.191702615357131236e+02
1.193118878640278950e+02
1.194506887857165083e+02
1.195878702581309625e+02
1.197200439381573887e+02
1.198469508937900940e+02
1.199615680122354320e+02
1.200584205700418323e+02
1.201198096113170806e+02
1.201228670849553026e+02
1.200238237522654714e+02
1.198096519602285355e+02
1.195663587084370647e+02
1.194301612192299302e+02
1.194073183353927590e+02
1.194633617821596658e+02
1.195617872090058711e+02
1.196875533679573493e+02
1.198269390494750439e+02
1.199760752608976873e+02
1.201290258545537171e+02
1.202849329308216397e+02
1.204409705071712722e+02
1.205971463349801098e+02
1.207523143449362664e+02
1.209067135533563260e+02
1.210602456929332504e+02
1.212131073974388187e+02
1.213658117468286690e+02
1.215183353122618684e+02
1.216714556928240825e+02
1.218248342658557277e+02
1.219792794891962160e+02
1.221341491208962111e+02
1.222901716099355980e+02
1.224465038543252149e+02
1.226037739756455522e+02
1.227610867936464842e+02
1.229189936483074632e+02
1.230766963789811399e+02
1.232346985621528290e+02
1.233924167423210747e+02
1.235503183795585329e+02
1.237081034250832801e+02
1.238661853014386338e+02
1.240245576648197670e+02
1.241835289508719882e+02
1.243433418848926379e+02
1.245041305002066139e+02
1.246663113781044103e+02
1.248297889010110850e+02
1.249950818823092931e+02
1.251618541282617514e+02
1.253306794637339436e+02
1.255010238300086769e+02
1.256734925940529308e+02
1.258474407686018992e+02
1.260234928046659633e+02
1.262010077944293727e+02
1.263806146592783790e+02
1.265618068003655878e+02
1.267451956618310334e+02
1.269305524922009738e+02
1.271184518785619133e+02
1.273091170768223179e+02
1.275031045567489087e+02
1.277013483398295648e+02
1.279045355250165841e+02
1.281148008809876728e+02
1.283334959212363913e+02
1.285651042680850935e+02
1.288133338042716787e+02
1.290880437003202132e+02
1.294000123034477667e+02
1.297696896795982866e+02
1.302133572103213908e+02
1.307242330277974247e+02
1.312428396202336103e+02
1.316997571248916756e+02
1.320806603344456391e+02
1.323983828227682125e+02
1.326746309410874574e+02
1.329212469895919355e+02
1.331484359805740496e+02
1.333608785544205659e+02
1.335625909932263369e+02
1.337558062600816982e+02
1.339419172857813862e+02
1.341224375722048023e+02
1.342974974930865528e+02
1.344683986749916471e+02
1.346345631092485746e+02
1.347971806770127614e+02
1.349552166406714946e+02
1.351097092045208115e+02
1.352592966847288096e+02
1.354047875475819467e+02
1.355445830666837423e+02
1.356792042557675586e+02
1.358069260100749602e+02
1.359280091403421977e+02
1.360408143840433013e+02
1.361455541541130003e+02
1.362410952204649561e+02
1.363280806311080653e+02
1.364064955180208756e+02
1.364779494846301873e+02
1.365438678427433388e+02
1.366066912333988057e+02
1.366686045683461828e+02
1.367317580544401494e+02
1.367978692332223147e+02
1.368678364662186766e+02
1.369424892073895137e+02
1.370215782369893134e+02
1.371055257923934505e+02
1.371935450236655640e+02
1.372861956855885524e+02
1.373825576324150290e+02
1.374835109422183450e+02
1.375880689022268086e+02
1.376973278518274242e+02
1.378101450979738445e+02
1.379276582879978434e+02
1.380485121856723367e+02
1.381737767973560835e+02
1.383019298231673986e+02
1.384339444065206521e+02
1.385682515414936802e+02
1.387057337752703745e+02
1.388449215899509568e+02
1.389866072016224621e+02
1.391295571744601034e+02
1.392744430176758215e+02
1.394203738961155921e+02
1.395678297016310978e+02
1.397163314761159825e+02
1.398660608306533391e+02
1.400169882721821750e+02
1.401688726268559719e+02
1.403221537991838090e+02
1.404760512024986099e+02
1.406314914804413263e+02
1.407870728718915814e+02
1.409442320291835529e+02
1.411009227946293834e+02
1.412591182665356939e+02
1.414161853825354456e+02
1.415746516743963639e+02
1.417314665689604851e+02
1.418897052624569142e+02
1.420462283550601228e+02
1.422045933393280563e+02
1.423621100331003220e+02
1.425225995964720198e+02
1.426845855584268747e+02
1.428515728250650056e+02
1.430242432409044966e+02
1.432045185358647359e+02
1.433961779029222896e+02
1.435972070402254417e+02
1.438147353481066943e+02
1.440393231884369811e+02
1.442799755642331831e+02
1.445180473516244319e+02
1.447629391006449282e+02
1.449930655063550375e+02
1.452192980972609178e+02
1.454269285896235715e+02
1.456269679365738057e+02
1.458136788117639355e+02
1.459945300228772851e+02
1.461697551344698525e+02
1.463417605895339477e+02
1.465139422608343693e+02
1.466843695100442915e+02
1.468580055550234817e+02
1.470301293244187377e+02
1.472064011451648753e+02
1.473808168774573062e+02
1.475591463320856462e+02
1.477352867499355966e+02
1.479146439613190296e+02
1.480918573653710268e+02
1.482715763709151133e+02
1.484497160411544030e+02
1.486298565480045113e+02
1.488094493675171748e+02
1.489907811503243806e+02
1.491728683183438022e+02
1.493565922858694535e+02
1.495423870043153158e+02
1.497297616859258937e+02
1.499203057261321987e+02
1.501123516621229612e+02
1.503083130779363046e+02
1.505056879983236513e+02
1.507073365239448037e+02
1.509103642875464857e+02
1.511176683409671568e+02
1.513264429421410000e+02
1.515392044550308412e+02
1.517536900526471584e+02
1.519716489751753556e+02
1.521917197294735331e+02
1.524145826622674633e+02
1.526399725907253355e+02
1.528673481467499755e+02
1.530975219544699257e+02
1.533287896764642824e+02
1.535627986831719909e+02
1.537969841489277769e+02
1.540334052301984400e+02
1.542691486835051364e+02
1.545061815417741116e+02
1.547418473283003095e+02
1.549775613327788335e+02
1.552114550292978947e+02
1.554440844964558721e+02
1.556746816420102846e+02
1.559028442007627007e+02
1.561289407014003245e+02
1.563517157317079977e+02
1.565724729969253985e+02
1.567893632612383215e+02
1.570042793897637239e+02
1.572151189339994346e+02
1.574239691421601037e+02
1.576288226898412574e+02
1.578315873119849186e+02
1.580306487069773027e+02
1.582274231697410016e+02
1.584209022779940312e+02
1.586117825452257648e+02
1.587997769494203624e+02
1.589847270294161774e+02
1.591670885261559647e+02
1.593458081754955060e+02
1.595220256967640466e+02
1.596938490688903869e+02
1.598629877738167977e+02
1.600268668104548055e+02
1.601876315860743318e+02
1.603422885214167763e+02
1.604933100805015442e+02
1.606376654129528276e+02
1.607781061899370059e+02
1.609120361704810875e+02
1.610424678050020759e+02
1.611676672811977653e+02
1.612907541052950364e+02
1.614109983834604520e+02
1.615311590637133747e+02
1.616512740552326193e+02
1.617730951185396293e+02
1.618971055316964964e+02
1.620236446404624644e+02
1.621535680191898621e+02
1.622858361004579137e+02
1.624218185290709755e+02
1.625594018614100094e+02
1.627005895493488197e+02
1.628425534826153864e+02
1.629878882892819547e+02
1.631333696734291436e+02
1.632819760379251193e+02
1.634303572436181184e+02
1.635815704012484559e+02
1.637323832493862881e+02
1.638856113798000251e+02
1.640383738653610237e+02
1.641929750068621274e+02
1.643471052770733252e+02
1.645023744123230358e+02
1.646572306282681666e+02
1.648125003072991888e+02
1.649675128113643439e+02
1.651223023880147309e+02
1.652771105621336289e+02
1.654312251952844406e+02
1.655857237865511138e+02
1.657392305266221229e+02
1.658934887325111163e+02
1.660465779998150992e+02
1.662006798885207388e+02
1.663534923898147895e+02
1.665073939182979927e+02
1.666599117789458262e+02
1.668134039463695899e+02
1.669654786625820009e+02
1.671183022889814254e+02
1.672698304913270420e+02
1.674219116871844903e+02
1.675730857520988764e+02
1.677247827815282335e+02
1.678762848400983216e+02
1.680285091498336385e+02
1.681815234258166925e+02
1.683356374536842850e+02
1.684916278529927922e+02
1.686491254281527290e+02
1.688094537960207902e+02
1.689715646694967290e+02
1.691371373139709817e+02
1.693045526505609075e+02
1.694756608679660133e+02
1.696484823317746020e+02
1.698248639226006560e+02
1.700027355810806853e+02
1.701837694228612463e+02
1.703660840150365345e+02
1.705510085931339574e+02
1.707370949616570215e+02
1.709251778652596556e+02
1.711144217317681466e+02
1.713050530678412429e+02
1.714969455727809589e+02
1.716896644726679426e+02
1.718838010139165817e+02
1.720782842001852089e+02
1.722743460641936508e+02
1.724703898787471701e+02
1.726681364334832551e+02
1.728656563610714727e+02
1.730649471830402319e+02
1.732640136802590121e+02
1.734648784995262076e+02
1.736658115609379252e+02
1.738685946208002804e+02
1.740721551636765412e+02
1.742777876429681783e+02
1.744855485336486254e+02
1.746960769545253243e+02
1.749111747821134770e+02
1.751308683476772785e+02
1.753596519586253635e+02
1.755975482816260751e+02
1.758534873610617524e+02
1.761295597376274031e+02
1.764420647515082123e+02
1.767982978614685408e+02
1.772156322274863101e+02
1.776840210317511719e+02
1.781644289576960603e+02
1.786106929159434742e+02
1.789931964733923451e+02
1.793256282680905542e+02
1.796138423418809396e+02
1.798764987226661844e+02
1.801172397468014879e+02
1.803453367263051632e+02
1.805625230739372853e+02
1.807723524432030331e+02
1.809766752637817717e+02
1.811758175992638655e+02
1.813723294482534811e+02
1.815646217827377313e+02
1.817559307756075384e+02
1.819435590988581168e+02
1.821312002742283767e+02
1.823156392289190819e+02
1.825007063766569786e+02
1.826831572005435760e+02
1.828665901388423549e+02
1.830481650719787581e+02
1.832308558239583078e+02
1.834126248870767881e+02
1.835954304502685659e+02
1.837783988602558054e+02
1.839621172330508045e+02
1.841471777475871932e+02
1.843325242607678263e+02
1.845204088071061506e+02
1.847080054623809247e+02
1.848992330906354198e+02
1.850895892759420747e+02
1.852843827701386488e+02
1.854778232618764093e+02
1.856759767825936365e+02
1.858724973058413923e+02
1.860732419218655593e+02
1.862723501497709435e+02
1.864743363962918750e+02
1.866749999957490331e+02
1.868764930802834385e+02
1.870772769345370818e+02
1.872765167859425333e+02
1.874758602720021088e+02
1.876714103382568055e+02
1.878679050075647297e+02
1.880588457512804723e+02
1.882514172281883589e+02
1.884373874148373034e+02
1.886253967115698913e+02
1.888065892869097411e+02
1.889899259276727150e+02
1.891671213282760959e+02
1.893463075144981644e+02
1.895209049699300010e+02
1.896971193327087519e+02
1.898710202786578520e+02
1.900459023121884456e+02
1.902211129771972082e+02
1.903962844032759847e+02
1.905742449179084872e+02
1.907506554687082598e+02
1.909315285826040451e+02
1.911089376235431985e+02
1.912912940016283585e+02
1.914682825515373850e+02
1.916495647463170258e+02
1.918242324760984729e+02
1.920018991357138134e+02
1.921728798441781976e+02
1.923455359718170712e+02
1.925126426463866665e+02
1.926804217988902792e+02
1.928445322839559140e+02
1.930086320078739845e+02
1.931710501059057492e+02
1.933329344390153608e+02
1.934947609695300912e+02
1.936555847948689575e+02
1.938174388082366306e+02
1.939778840748283812e+02
1.941399598089120104e+02
1.943003499033210346e+02
1.944626154819177373e+02
1.946231022517799829e+02
1.947854798120048940e+02
1.949461823061111545e+02
1.951086454074852554e+02
1.952697043693953844e+02
1.954322867133966213e+02
1.955938400050350481e+02
1.957565761248833098e+02
1.959186846452888062e+02
1.960815232118537779e+02
1.962440920369675723e+02
1.964068250507018547e+02
1.965695535727911363e+02
1.967317820236394539e+02
1.968941507215670299e+02
1.970552852116155407e+02
1.972165734301878217e+02
1.973758629602018289e+02
1.975351904838667281e+02
1.976917696262923130e+02
1.978481475700595809e+02
1.980010807624163931e+02
1.981534434220421872e+02
1.983017301794989464e+02
1.984489030098206115e+02
1.985913882104509014e+02
1.987319237304446062e+02
1.988670315883148021e+02
1.989988213329714881e+02
1.991240130072964973e+02
1.992435748295643805e+02
1.993544363281445442e+02
1.994558300422478396e+02
1.995448696114627580e+02
1.996186873082288855e+02
1.996751019663992111e+02
1.997104950391477871e+02
1.997265566470096019e+02
1.997246141729754072e+02
1.997155300982086885e+02
1.997080473080885952e+02
1.997151926395122530e+02
1.997408560456977114e+02
1.997894469002717983e+02
1.998568750972409873e+02
1.999435411432543788e+02
2.000429698380903858e+02
2.001564214881277053e+02
2.002773323309971545e+02
2.004086722523111064e+02
2.005440632590208736e+02
2.006876989189236440e+02
2.008334082763220181e+02
2.009859349611918162e+02
2.011394588889165504e+02
2.012986641081038499e+02
2.014583336248043963e+02
2.016225960869519440e+02
2.017871257237451061e+02
2.019551267217844099e+02
2.021234198303631899e+02
2.022940477671246526e+02
2.024651494067574902e+02
2.026375019247247735e+02
2.028106192604935245e+02
2.029840344452202601e+02
2.031585657572475725e+02
2.033326330067713172e+02
2.035081658232454060e+02
2.036826914300417855e+02
2.038589578726350453e+02
2.040338887770843996e+02
2.042106903207997846e+02
2.043860168513569704e+02
2.045631411573833986e+02
2.047388047043599499e+02
2.049159596944210762e+02
2.050917911259529944e+02
2.052685784919246146e+02
2.054442848038520140e+02
2.056202221910815808e+02
2.057954226247284453e+02
2.059700088100557593e+02
2.061443103786083100e+02
2.063171211440203763e+02
2.064902185279118214e+02
2.066610153061553774e+02
2.068327922398537737e+02
2.070016184506629600e+02
2.071722243047229028e+02
2.073394695765485665e+02
2.075093592034636458e+02
2.076757993286419151e+02
2.078457633328971497e+02
2.080126484410942567e+02
2.081839541904842292e+02
2.083534003908042109e+02
2.085284845463145871e+02
2.087052246221499274e+02
2.088911887839241217e+02
2.090927155667481827e+02
2.093301933565500690e+02
2.097400781495769877e+02
2.112993174654771735e+02
2.123698830509866866e+02
2.126998345244348059e+02
2.129165337911194911e+02
2.131154075252673294e+02
2.132902323852123914e+02
2.134681533556035049e+02
2.136327861374492727e+02
2.138029990946823773e+02
2.139638917250184136e+02
2.141302374251268361e+02
2.142898508160162692e+02
2.144540234754391577e+02
2.146136276904574061e+02
2.147764282703187462e+02
2.149365879893499027e+02
2.150981205800372038e+02
2.152587078709066759e+02
2.154183435919731266e+02
2.155784604230738069e+02
2.157347702993236567e+02
2.158926827247815936e+02
2.160434049652323552e+02
2.161965405477971842e+02
2.163386507204493228e+02
2.164837694243001351e+02
2.166138538047255224e+02
2.167477248898419759e+02
2.168631790339498480e+02
2.169844304325589519e+02
2.170861843713495318e+02
2.171986066144280301e+02
2.172947165733595511e+02
2.174097059451451628e+02
2.175159424422587620e+02
2.176498576013239870e+02
2.177851366708485727e+02
2.179536356853390089e+02
2.181364384772607821e+02
2.183526332529742717e+02
2.186007910307772306e+02
2.188724863661939821e+02
2.191899392992205264e+02
2.195006857590564380e+02
2.198449335819944110e+02
2.201473455489148137e+02
2.204582235117671871e+02
2.207250280820912849e+02
2.209879802277555427e+02
2.212243394656295834e+02
2.214523729161913934e+02
2.216693463945330222e+02
2.218757561211232030e+02
2.220804543759866476e+02
2.222734616650333237e+02
2.224694065848193532e+02
2.226535241537630441e+02
2.228422927632285280e+02
2.230200139893222229e+02
2.232024264683893477e+02
2.233753497302465689e+02
2.235521729923830492e+02
2.237216367842189868e+02
2.238939039480124791e+02
2.240612407197720017e+02
2.242302575272258309e+02
2.243967621872298253e+02
2.245639019566506818e+02
2.247306501760404558e+02
2.248970893791847629e+02
2.250647647843432537e+02
2.252313043907910526e+02
2.254001435505416566e+02
2.255671776201743910e+02
2.257370422265789500e+02
2.259046406248541530e+02
2.260751574615994741e+02
2.262431928644694494e+02
2.264138978932677162e+02
2.265821635959228217e+02
2.267526126219684386e+02
2.269209029465396554e+02
2.270907316096484863e+02
2.272588724722237998e+02
2.274278019689149346e+02
2.275956336865043568e+02
2.277634334072387503e+02
2.279307620917898305e+02
2.280971911091613435e+02
2.282637318657154708e+02
2.284284835554139761e+02
2.285938184167091265e+02
2.287564902506258306e+02
2.289200607547309971e+02
2.290801666116128388e+02
2.292413139326521900e+02
2.293983460257847184e+02
2.295563990547671551e+02
2.297099336050625595e+02
2.298643339871500189e+02
2.300141648321425691e+02
2.301646066997708147e+02
2.303108744152043812e+02
2.304574121912142459e+02
2.306006670355797894e+02
2.307437186561436420e+02
2.308848454193804969e+02
2.310250342334840354e+02
2.311650145008050004e+02
2.313028655859295384e+02
2.314424379748575973e+02
2.315780191388619471e+02
2.317173458643256367e+02
2.318499392355304565e+02
2.319883278347844850e+02
2.321160671136742053e+02
2.322515586711750757e+02
2.323705135850904924e+02
2.324984260641821834e+02
2.325989425145365033e+02
2.327050763871308163e+02
2.327528268881559086e+02
2.327682916001767524e+02
2.325418848314104707e+02
2.319614207382483357e+02
2.313416195394796375e+02
2.311918001201089794e+02
2.311957438673863123e+02
2.312790227044384608e+02
2.313822791728679817e+02
2.315157558685829429e+02
2.316475253331230419e+02
2.318010132277695732e+02
2.319459186005354070e+02
2.321100005658761916e+02
2.322626183704697382e+02
2.324328317147250402e+02
2.325906479262770290e+02
2.327643271903385767e+02
2.329261414826715963e+02
2.331016266758308575e+02
2.332671503986436221e+02
2.334435881517044038e+02
2.336133595931648586e+02
2.337906633234881895e+02
2.339660681998894063e+02
2.341449626042526120e+02
2.343284014281364875e+02
2.345106887459872098e+02
2.347061537206542141e+02
2.348956298643000196e+02
2.351103817571056425e+02
2.353156626646548943e+02
2.355650306081757890e+02
2.358086347820054129e+02
2.361297780764204788e+02
2.364761342564154631e+02
2.369440412978271411e+02
2.374820120252500146e+02
2.380030106383476607e+02
2.384881762247693189e+02
2.388302806854597122e+02
2.391572909784606509e+02
2.394039970541598450e+02
2.396547359522593581e+02
2.398681427309423100e+02
2.400844794416487389e+02
2.402872967867247098e+02
2.404875761822439131e+02
2.406896667046703726e+02
2.408838135586069313e+02
2.410907571963165026e+02
2.412856727254152815e+02
2.415015074748414747e+02
2.417032573540073486e+02
2.419315450207221261e+02
2.421465480666555266e+02
2.423908335727514611e+02
2.426265101092755003e+02
2.428901294829574056e+02
2.431542100915467302e+02
2.434385376137158801e+02
2.437347307650912569e+02
2.440349998322821818e+02
2.443545340235544643e+02
2.446570007326143639e+02
2.449769098108169203e+02
2.452658045076013025e+02
2.455642859427945837e+02
2.458324755421071188e+02
2.461019035178598244e+02
2.463509447105134598e+02
2.465944628678367394e+02
2.468288366967544789e+02
2.470528243007203173e+02
2.472765251936746722e+02
2.474868378178887554e+02
2.477025463980560005e+02
2.479035735267817984e+02
2.481127719161165430e+02
2.483074821055516850e+02
2.485107376406777178e+02
2.487009285141380133e+02
2.488981573035569284e+02
2.490847080649489556e+02
2.492754164284584988e+02
2.494585301949432790e+02
2.496420664019134392e+02
2.498215311459555323e+02
2.499973700326785320e+02
2.501728564763376710e+02
2.503409070601422570e+02
2.505122804917506585e+02
2.506731550198394132e+02
2.508407228387567613e+02
2.509958612786073786e+02
2.511604508502004194e+02
2.513120054621829240e+02
2.514748139920498033e+02
2.516252946892284683e+02
2.517875760905689901e+02
2.519393968729508799e+02
2.521021633726288655e+02
2.522572922867828140e+02
2.524211914292857557e+02
2.525810137376504372e+02
2.527463951271884071e+02
2.529117376998358111e+02
2.530787929732370287e+02
2.532499832010379635e+02
2.534188398054623690e+02
2.535957236580507583e+02
2.537664584984240435e+02
2.539483877551637647e+02
2.541209943180793971e+02
2.543068288600309756e+02
2.544811817317406906e+02
2.546693432359937219e+02
2.548451884764099304e+02
2.550337824073047557e+02
2.552107662418232508e+02
2.553977713471946629e+02
2.555755078203198423e+02
2.557590205604934965e+02
2.559371939754898051e+02
2.561157076871863865e+02
2.562941967558518854e+02
2.564668774881242825e+02
2.566458626294572696e+02
2.568127557596521910e+02
2.569927434518103837e+02
2.571548374819914784e+02
2.573365448304534766e+02
2.574956690968458020e+02
2.576797825550998482e+02
2.578384209860355440e+02
2.580253400481549306e+02
2.581865353963175380e+02
2.583762540221230211e+02
2.585437799623808814e+02
2.587360076773995843e+02
2.589148927707970529e+02
2.591094270876817518e+02
2.593067348079999874e+02
2.595040336429999570e+02
2.597293276627460159e+02
2.599311253182921746e+02
2.601945443533554112e+02
2.604038252270551084e+02
2.607070075516455745e+02
2.609253990978385787e+02
2.612453113860076428e+02
2.614675531500209331e+02
2.617590034858642412e+02
2.619731177459349283e+02
2.622041460929202117e+02
2.624000341935999359e+02
2.625681240067133899e+02
2.627414548053280328e+02
2.628586129495483306e+02
2.630097618519732805e+02
2.630910703141414047e+02
2.632249133456335244e+02
2.632864535339126633e+02
2.634118025017844502e+02
2.634691577405317275e+02
2.635952719855928876e+02
2.636598894817299197e+02
2.637923871209548565e+02
2.638696492025644034e+02
2.640096375920072092e+02
2.641003534866821383e+02
2.642461877201624247e+02
2.643491244499469417e+02
2.644982760995411581e+02
2.646118492705383005e+02
2.647619005067316493e+02
2.648849034011531103e+02
2.650338559966982075e+02
2.651656580515328869e+02
2.653118996871260720e+02
2.654524430612408423e+02
2.655945780707028234e+02
2.657443632652948509e+02
2.658810096060180967e+02
2.660412073568832625e+02
2.661707922242203495e+02
2.663436492305462480e+02
2.664641680027128814e+02
2.666540912441070077e+02
2.667626716714469808e+02
2.669793227144328398e+02
2.670709456292495929e+02
2.673410546639543668e+02
2.673997210866826890e+02
2.678404427537981860e+02
