-6.49
-0.42
-0.36
-0.44
-3.75
-0.98
-0.59
-1.76
-0.26
-1.79
-1.03
-0.67
-3.26
-1.18
-0.62
-0.42
-0.77
-5.48
-0.57
-0.88
-4.03
-0.96
-0.60
-1.12
-6.57
-6.46
-0.87
-0.59
-17.20
-12.01
-0.72
-0.63
-0.88
-15.49
-0.63
-1.41
-3.52
-0.89
-2.36
-3.17
-0.51
-0.84
-0.66
-0.41
-0.80
-10.24
-1.38
-3.11
-2.33
-0.81
-1.48
-1.91
-11.84
-1.00
-1.73
-0.48
-11.58
-5.75
-0.53
-4.34
-0.43
-1.58
-1.66
-1.01
-0.59
-1.31
-3.56
-0.93
-0.74
-1.11
-1.24
-3.08
-1.08
-0.47
-20.55
-5.99
-0.78
-0.82
-0.74
-0.35
-0.50
-2.91
-1.04
-0.98
-9.40
-0.88
-0.70
-2.92
-0.77
-9.69
-7.71
-3.35
-0.41
-32.79
-0.39
-15.90
-0.94
-4.17
-1.54
-5.86
-5.57
-0.31
-11.30
-1.28
-4.44
-0.33
-0.78
-11.99
-0.24
-0.58
-0.68
-0.57
-2.19
-4.92
-1.60
-0.48
-1.28
-3.81
-0.75
-0.23
-1.22
-4.64
-1.36
-1.60
-0.60
-0.96
-1.38
-10.12
-2.95
-5.94
-0.71
-2.56
-2.72
-0.98
-2.01
-1.56
-0.54
-2.62
-5.41
