0.0370657270744
0.0850977663597
0.0881555215051
0.14851650069
1.93790859117
1.94871030127
1.95570049215
1.96290472787
1.96845784668
1.97248202012
1.97688996915
1.97769599607
1.98090301444
1.97831725004
1.98015236086
1.97401272539
1.97428661827
1.96450221786
1.96303813283
1.94964733268
1.94635823381
1.92974235248
1.92490098873
1.90624954096
1.9008708939
1.88250108142
1.87822591833
1.86294479612
1.86108167854
1.85090776844
1.8516485983
1.84727788138
1.84988093849
1.85102308132
1.85441246835
1.8602167228
1.86340869574
1.87268461011
1.87495267594
1.88628340067
1.88714438362
1.89898469345
1.89808968275
1.90886083673
1.90587217019
1.91404469917
1.90855438739
1.91269130727
1.90411482718
1.90272467069
1.88980152861
1.88058305672
1.85948298656
1.83746491813
1.79718604191
1.75656797924
1.68987643209
1.65198457833
1.59695155894
1.58012569544
2.09164185928
2.09757954397
2.11004352461
2.11417341432
2.12445670281
2.12695099871
2.13418788226
2.13489919576
2.13829581826
2.13705292697
2.13634694077
2.13355045696
2.12963921842
2.12680762433
2.12183382867
2.12115042325
2.11737277227
2.12028976022
2.11884993606
2.12536614971
2.12622937353
2.13526618498
2.13779583921
2.1478123892
2.15122004269
2.16065702032
2.16424174168
2.17184160785
2.17513386119
2.18017834119
2.18301553085
2.18541064804
2.18788586949
2.18801237403
2.19027153044
2.18866070692
2.19067225648
2.18772887333
2.18921597474
2.18516566426
2.18575483082
2.1807976365
2.18027655378
2.17480239018
2.17332675323
2.16802646636
2.16613283658
2.16188740287
2.16027339172
2.15787024035
2.15709894934
2.15699348196
2.15734426246
2.15962000358
2.16114002674
2.16562290469
2.16828424153
2.17469946484
2.17857856564
2.18669249896
2.192145263
2.2018701942
2.20965983329
2.22106258647
2.23225611964
2.2453245617
2.26055792638
2.27465168384
2.29275649862
2.30635781699
2.32416899076
2.33589588706
2.35061346965
2.36033735672
2.37130134836
2.37976939496
2.38777433527
2.39573109975
2.40184331087
2.40966209196
2.41469838645
2.42242311545
2.42690859813
2.43442044676
2.43870802485
2.44588381756
2.45028780192
2.45711303516
2.46200700446
2.46863355242
2.47449642731
2.48124537254
2.48866449645
2.49599888452
2.50567558331
2.51420401761
2.52705647982
3.6002419949
3.61355278324
3.62930191961
3.64366380088
3.65963194194
3.6751917043
3.69142164289
3.70843831417
3.72517263572
3.74400037852
3.76169432824
3.78261203163
3.8017970348
3.82460258943
3.84546623212
3.86898789446
3.89084261896
3.91311379714
3.93453941266
3.95403970502
3.9739000378
3.99055252342
4.00869006542
4.02360892803
4.04067973884
4.05549439494
4.07260597009
4.08922397413
4.10793751218
4.12896906095
4.15195960776
4.18188886214
4.21434696497
4.25952805477
4.30632697257
4.3608255852
4.4080127641
4.44771539273
4.48009279552
4.50311553712
4.52408535952
4.53810866325
4.55259098485
4.56215911068
4.57287516697
4.58020786707
4.58859033733
4.59480836636
4.60163576032
4.60730769834
4.61300654124
4.61839536913
4.62320034785
4.62839281934
4.63244364003
4.63742444829
4.64082530165
4.645518524
4.6483724366
4.65266644118
4.65509532155
4.65886537877
4.66101957314
4.66415383177
4.66620441747
4.6686307717
4.67073740706
4.67244673622
4.67470560469
4.67576237658
4.67815161747
4.67867718405
4.68102481393
4.68114776637
4.68314031746
4.68292942881
4.68415634292
4.68356583117
4.68357973383
4.6824357053
4.68082061612
4.67886804147
4.67532948394
4.67234628042
4.66683651106
4.66278924086
4.65562743329
4.65077188995
4.6426369408
4.63742748541
4.62912910208
4.62393583885
4.61608007911
4.61093230469
4.60372926987
4.59828559054
4.59159317355
4.58532408502
4.57884361115
4.57131859973
4.56485364201
4.55604680605
4.54973980647
4.54020310881
4.5345562461
4.52522996215
4.52076350846
4.51246009287
4.50927333965
4.50229462058
4.49998198729
4.49418998567
4.49216280326
4.48734842449
4.48526582158
4.48149335844
4.47950303923
4.47718079149
4.47579858729
4.47540591163
4.47512044796
4.47682190112
4.47776186935
4.48123984913
4.48313137243
4.4876998668
4.4900286942
4.4948529052
4.49704595855
4.50131841984
4.50286032562
4.50590377071
4.50639821495
4.50771647866
4.50690638065
4.50617590284
4.50389020893
4.50084026523
4.69622369111
4.71801597148
4.73497051019
4.75240400994
4.76634854661
4.78058951161
4.79230481032
4.80399820037
4.81393508444
4.82350939485
4.83195005544
4.83969482641
4.84681025554
4.852935535
4.85884749027
4.86355490334
4.86840198589
4.87194945382
4.8759335547
4.87866481188
4.88204845117
4.88435833912
4.88739342447
4.88961871349
4.89241695152
4.89467411716
4.89706211997
4.89908592095
4.95389765299
4.96718526792
4.98093529924
4.99442406269
5.00778271508
5.02071888302
5.03312462589
5.04519325445
5.05656289379
5.06784860162
5.07844359137
5.08924533912
5.09946566517
5.11010700727
5.12032174006
5.13102657214
5.14147703031
5.15232290129
5.16309610781
5.17403290918
5.18508937014
5.19600290463
5.20723960992
5.21803778376
5.22936750791
5.24006635544
5.25149442195
5.262281125
5.27396024438
5.28521154626
5.29745613938
5.30969902261
5.32295097351
5.33677421366
5.35153183433
5.3674762403
5.38420155611
5.4026409636
5.42163012757
5.44261612558
5.46380200843
5.48686516082
5.50961101798
5.5336612673
5.55678375203
5.5803679461
5.60256540747
5.62444023061
5.64483189479
5.66438077742
5.68270097877
5.69992564076
5.71636348782
5.73164181473
5.74659634479
5.7604510356
5.77436292917
5.78732267455
5.80059984562
5.81313985282
5.82614347526
5.83867189231
5.85172638387
6.06463985658
6.05028276951
6.03578485521
6.02277823963
6.01003391479
5.99881979117
5.98830322702
5.9792569616
5.97124383692
5.96444427818
5.95879834
5.95393097231
5.95015194792
5.94665377095
5.9440827628
5.94134311526
5.93934948079
5.93685815617
5.9349616909
5.93239943019
5.93033861762
5.92761789178
5.92536307191
5.92260769039
5.920304662
5.91775752473
5.91560359116
5.91348107317
5.91156819941
5.90990443199
5.90806951167
5.90657520744
5.90425647932
5.90216217739
5.89819833845
5.89399378262
5.88626722554
5.87730909452
6.49287462716
6.49942638727
6.50657901906
6.51143618979
6.51689984401
6.52074288253
6.52520714758
6.52894984383
6.5332482787
6.53772822795
6.5425045623
6.5482011492
6.55373522131
6.56073331695
6.56701592305
6.5751721568
6.58210509159
6.59128238655
6.59892868847
7.79055832188
7.78968055272
7.78927624355
7.78905115486
7.78946080281
7.79010736747
7.79141770016
7.79296083761
7.79511323651
7.79748566172
7.80039896899
7.80356883142
7.80726393712
7.81135123699
7.81605765509
7.8214306316
7.8276716719
7.83502036792
7.84367306706
7.85405635498
7.86638646422
7.88125548857
7.89891635477
8.19722932751
8.23495534646
8.27125675845
8.3060618051
8.33850124864
8.36842771537
8.3952320291
8.4190429937
8.43985337125
8.45798628842
8.47380076579
8.48757537094
8.49976765428
8.51052840061
8.52028970234
8.52909826853
8.53732295974
8.5449607845
8.55231800483
8.5594007669
8.56647626908
8.57362535313
8.58112890409
8.589237563
8.59836006235
8.60909667311
8.62223501845
8.63906969294
8.66112771108
8.69032111725
8.72721661097
8.76928737858
8.8101192576
8.84398565333
8.86915306306
8.88673744558
8.898618576
8.90637809651
8.91121415151
8.91396625776
8.91524633257
9.20576026927
9.20040819673
9.19553156703
9.19101852854
9.18724861937
9.1844158729
9.18292314191
9.18321355289
9.18555833654
9.19062756017
9.19845211318
9.2099771744
9.22487691587
9.24419691151
9.26679215598
9.29285669416
9.3198541946
9.34659219425
9.37076902985
9.39148950229
9.40853181124
9.42166556452
9.43187456079
9.43891976201
9.44403682248
9.44684173519
9.44848999251
9.44854552724
9.44796428163
9.44633313404
9.44433339546
9.44161502587
9.43853050524
9.43482005479
9.43046678727
9.42531163677
9.41891207149
9.41115970955
9.02742205838
9.02987587857
9.03484372866
9.04137414941
9.04942448909
9.0576750011
9.06648327885
9.07446218427
9.08233171611
9.08900186725
9.09538033884
9.10084916743
9.10626127804
9.11144385078
9.11699612271
9.12306730264
9.12990130508
9.13784199269
9.14676216335
9.15708668702
9.16832985395
9.18088040895
9.19391898457
9.20773305062
9.22129906178
9.23489683006
9.24757309913
9.25976992977
9.27082316022
9.28134606381
9.29096214026
9.30028154841
9.3090958309
9.31782424696
9.32634931348
9.33481323127
9.34320355093
9.35139659456
9.35954597623
9.36731404164
9.3750708058
9.38231661137
9.3896492865
9.39645110023
9.40351685539
9.410154523
9.41728558359
9.42419540854
9.43182439801
9.43950093619
9.44804579955
9.45691538828
9.46665843172
9.47696291998
9.48796575597
9.49969061994
9.51176978717
9.52463109875
9.53739746498
9.55089529149
9.56385404056
9.57739972362
9.59009598108
9.77068279687
9.7647896251
9.75847713072
9.74881124986
9.73742903147
9.71970884333
9.69259621592
9.63337202754
9.5000131824
9.36366797012
9.31381435566
9.2848298998
9.2709178736
9.25786281733
9.25090562673
9.24303254651
9.23908559017
9.23456858032
9.23310709286
9.23241185286
9.23461934649
9.2405564537
9.25055791471
9.27094194843
9.29899330554
9.34458418857
9.39011604051
9.43154374553
9.45800433099
9.47255775461
9.48071443493
9.48153342704
9.48127937661
9.47647749276
9.47260644375
9.46588653001
9.46083045239
9.45410866216
9.44915499377
9.44335625946
9.43903905192
9.43442986649
9.43080230541
9.42727635323
9.42417961215
9.42151871741
9.41881868201
9.41691121592
9.41469009265
9.41369337403
9.41236136614
9.41274688414
9.41299135703
9.41539332069
9.41792086558
9.42280972421
9.42798520726
9.43534539546
9.44295442363
9.45219655363
9.46151824303
9.47172357994
9.48188810757
9.49222669761
9.50259563954
9.51261896623
9.52293812499
9.53260560223
9.54292156636
9.55245132071
9.56293435104
9.57261931419
9.58340747936
9.59347364417
9.6045840015
9.61511416323
9.62642603681
9.63734643087
9.6486386247
9.65975002278
9.67076033192
9.68178838649
9.69226619062
9.70291123274
9.71264954153
9.72262758092
9.73147811865
9.74055471353
9.74843685223
9.75645482132
9.76335993093
9.77025110169
9.77622992595
9.78199467384
9.78711177893
9.79175450215
9.79600113042
9.79942105848
9.80259146224
9.80444459701
9.80600183374
9.80557669356
9.80457391844
9.8007881853
9.79601846858
9.78780861127
9.7785499818
9.76602161679
9.75342562585
9.73901316913
9.72626260518
9.71338864956
9.70313050168
9.69347075222
9.68616364628
9.67947103539
9.6743431145
9.66977756473
9.66598673792
9.66290020339
9.65996939057
9.65809011271
9.65594852699
9.65532454068
9.65420878576
9.65506001761
9.65535090561
9.65788062552
9.65991346851
9.66412966091
9.6680200005
9.67361944614
9.6791388401
9.6854899174
9.69202413036
9.69826062338
9.7048830194
9.71007554111
9.71571887959
9.71902624421
9.72264400979
9.72332428746
9.72388265165
9.72105405066
9.71716809765
9.70912158356
9.44145162955
9.44383424966
9.44868673599
9.46011231135
9.47575104284
9.49684801903
9.52431255789
9.55174894195
9.58256060947
9.60513855809
9.62667252919
9.63935108945
9.6503497468
9.6560309986
9.66035697144
9.66234166106
9.66304010872
9.66320128457
9.66186746248
9.66094883339
9.65817210141
9.65623104711
9.65203256989
9.6487863945
9.64295244009
9.63804649799
9.63039818887
9.62364053987
9.61427226999
9.60583062423
9.59526485714
9.58572753861
9.57485979942
9.5650618325
9.49065204199
9.48803438912
9.48745194846
9.48640717956
9.48677594972
9.48762449332
9.48907364392
9.49185550522
9.49438208155
9.49901399901
9.50264751438
9.50905087811
9.51395664409
9.52209013357
9.52856125815
9.53834530096
9.54666471859
9.55783870042
9.56805338838
9.58008231069
9.59183382969
9.6039948741
9.61657048066
9.62819904811
9.64079086653
9.65149113377
9.66345888447
9.67314019129
9.68412338701
9.69291348629
9.7028144838
9.71096451397
9.71989345518
9.72773004667
9.7359655278
9.74388297254
9.75185203756
9.76031671953
9.76858146228
9.77813478806
9.7873863358
9.79865759634
9.80973794598
9.82349822474
9.8374833693
9.85477423301
9.87312791873
9.89541508555
9.92001979758
9.94890200682
10.1866124732
10.2114740008
10.2363420731
10.2569597543
10.2783297219
10.2970354696
10.3162949535
10.3349014587
10.3529649336
10.3726050242
10.3900759798
10.4110655392
10.4283333643
10.4500565145
10.4672626438
10.4883237463
10.5052756576
10.5240871366
10.5403008927
10.5558223587
10.5707561772
10.5828466605
10.5961584574
10.6054191077
10.6170804753
10.6244949316
10.6347518911
10.6413788653
10.650632861
10.657408863
10.6660941103
10.6737304545
10.6822400086
10.691191998
10.6998639327
10.7103388788
10.7194739707
10.7314397521
10.741307135
10.7544811411
10.7652735935
10.7791082658
10.7908382608
10.8045652828
10.8169592541
10.8297578348
10.8422601221
10.8535110384
10.8654430401
10.8748935415
10.8856476847
10.8933411807
10.9024362912
10.9084294202
10.4619127148
10.4604476167
10.4556437363
10.4541196784
10.4499194722
10.4480810061
10.4442964791
10.4416974145
10.4380120484
10.4342930342
10.430564694
10.060359193
10.0386944097
10.02220739
9.9992812299
9.98374877862
9.96255795888
9.95012400991
9.93280026671
9.92419331602
9.91164432814
9.90671306408
9.89924960677
9.89753242949
9.89498607956
9.89576451585
9.89734644678
9.89971301392
9.90415812759
9.90724972055
9.91318784511
9.9163707042
9.92264023228
9.92554087925
9.93132114867
9.93376880593
9.93857792285
9.94054520446
9.94418872261
9.9457618919
9.9482787171
9.94964434199
9.95125414153
9.95267693481
9.95371802838
9.9554950621
9.95634876954
9.9587442146
9.9597570887
9.96293669199
9.96435975151
9.96834389555
9.97030043776
9.97494164734
9.97742200716
9.98240158832
9.98527865296
9.99011770005
9.99318237173
9.99726399283
10.0002747028
10.0028483216
10.0055442553
10.0055934897
10.0074972016
10.0031085629
10.0025611379
9.98858781183
9.97879818202
10.5384873764
10.5393980801
10.53766061
10.5415120899
10.537295616
10.5421559877
10.5368762375
10.541548614
10.5362321416
10.5400231259
10.5353133478
10.5378889222
10.5342281686
10.5355496701
10.5333192966
10.5336057882
10.5331823066
10.5328564502
10.5345826162
10.5341798
10.5382711586
10.538324465
10.5447553596
10.5456923315
10.5541142047
10.556198805
10.5659299504
10.5692576996
10.5793553797
10.5838781863
10.5932759569
10.5988208894
10.6065013377
10.6127714029
10.6179453741
10.6245297189
10.6267888363
10.633215921
10.6326109812
10.6384318047
10.6354325802
10.6402755832
10.6356154802
10.6391768843
10.6336549865
10.6356568345
10.6299943201
10.6301724853
10.6249734181
10.6231264583
10.6189280741
10.6150174554
10.6123806928
10.6066467503
10.6062185335
10.5992503652
10.6017123788
10.5944071497
10.6002608698
10.5936825322
10.6029327999
10.5981670223
10.6100452121
10.6080834916
10.6209306902
10.6224525739
10.6338849872
10.6388551112
10.6463267792
10.6537093128
10.5738203756
10.5660045238
10.6137000016
10.6154714305
10.6831054985
10.7297709445
10.7910736178
10.8664768908
10.8787845934
10.9257405471
10.9239638608
10.950176365
10.9472993341
10.9622933321
10.960796642
10.9692916427
10.9696786182
10.9741308156
10.9765214222
10.978361197
10.982793715
10.982927954
10.9893948535
10.988430926
10.9968454721
10.9952269047
11.0053261871
11.0035027037
11.014456112
11.0137367185
11.0218679751
