120.250,-9.750
124.250,-9.750
148.250,-9.750
108.250,-7.750
110.250,-7.750
112.250,-7.750
114.250,-7.750
126.250,-7.750
138.250,-7.750
140.250,-7.750
142.250,-7.750
144.250,-7.750
146.250,-7.750
104.250,-5.750
106.250,-5.750
120.250,-5.750
134.250,-5.750
138.250,-5.750
140.250,-5.750
142.250,-5.750
144.250,-5.750
146.250,-5.750
148.250,-5.750
102.250,-3.750
104.250,-3.750
116.250,-3.750
120.250,-3.750
122.250,-3.750
126.250,-3.750
128.250,-3.750
130.250,-3.750
134.250,-3.750
136.250,-3.750
138.250,-3.750
140.250,-3.750
142.250,-3.750
144.250,-3.750
102.250,-1.750
104.250,-1.750
106.250,-1.750
110.250,-1.750
112.250,-1.750
114.250,-1.750
116.250,-1.750
120.250,-1.750
122.250,-1.750
124.250,-1.750
126.250,-1.750
128.250,-1.750
130.250,-1.750
132.250,-1.750
134.250,-1.750
136.250,-1.750
138.250,-1.750
100.250,0.250	
102.250,0.250	
110.250,0.250	
112.250,0.250	
114.250,0.250	
116.250,0.250	
120.250,0.250	
122.250,0.250	
124.250,0.250	
128.250,0.250	
96.250 ,2.250	
98.250 ,2.250	
100.250,2.250	
102.250,2.250	
112.250,2.250	
114.250,2.250	
116.250,2.250	
128.250,2.250	
96.250 ,4.250	
98.250 ,4.250	
102.250,4.250	
108.250,4.250	
114.250,4.250	
116.250,4.250	
118.250,4.250	
80.250 ,6.250	
100.250,6.250	
102.250,6.250	
116.250,6.250	
122.250,6.250	
124.250,6.250	
78.250 ,8.250	
80.250 ,8.250	
98.250 ,8.250	
100.250,8.250	
124.250,8.250	
126.250,8.250	
76.250 ,10.250
78.250 ,10.250
104.250,10.250
106.250,10.250
124.250,10.250
76.250 ,12.250
78.250 ,12.250
80.250 ,12.250
98.250 ,12.250
102.250,12.250
104.250,12.250
106.250,12.250
108.250,12.250
120.250,12.250
122.250,12.250
124.250,12.250
74.250 ,14.250
76.250 ,14.250
78.250 ,14.250
80.250 ,14.250
98.250 ,14.250
100.250,14.250
102.250,14.250
104.250,14.250
106.250,14.250
108.250,14.250
120.250,14.250
122.250,14.250
74.250 ,16.250
76.250 ,16.250
78.250 ,16.250
80.250 ,16.250
82.250 ,16.250
94.250 ,16.250
96.250 ,16.250
98.250 ,16.250
100.250,16.250
102.250,16.250
104.250,16.250
106.250,16.250
108.250,16.250
120.250,16.250
122.250,16.250
74.250 ,18.250
76.250 ,18.250
78.250 ,18.250
80.250 ,18.250
82.250 ,18.250
84.250 ,18.250
94.250 ,18.250
96.250 ,18.250
98.250 ,18.250
100.250,18.250
102.250,18.250
104.250,18.250
106.250,18.250
122.250,18.250
74.250 ,20.250
76.250 ,20.250
78.250 ,20.250
80.250 ,20.250
82.250 ,20.250
84.250 ,20.250
86.250 ,20.250
94.250 ,20.250
96.250 ,20.250
98.250 ,20.250
100.250,20.250
102.250,20.250
104.250,20.250
106.250,20.250
110.250,20.250
122.250,20.250
70.250 ,22.250
72.250 ,22.250
74.250 ,22.250
76.250 ,22.250
78.250 ,22.250
80.250 ,22.250
82.250 ,22.250
84.250 ,22.250
86.250 ,22.250
88.250 ,22.250
90.250 ,22.250
92.250 ,22.250
94.250 ,22.250
96.250 ,22.250
98.250 ,22.250
100.250,22.250
102.250,22.250
104.250,22.250
106.250,22.250
108.250,22.250
110.250,22.250
112.250,22.250
114.250,22.250
120.250,22.250
68.250 ,24.250
70.250 ,24.250
72.250 ,24.250
74.250 ,24.250
76.250 ,24.250
78.250 ,24.250
80.250 ,24.250
82.250 ,24.250
84.250 ,24.250
86.250 ,24.250
88.250 ,24.250
90.250 ,24.250
92.250 ,24.250
94.250 ,24.250
96.250 ,24.250
98.250 ,24.250
100.250,24.250
102.250,24.250
104.250,24.250
106.250,24.250
108.250,24.250
110.250,24.250
112.250,24.250
114.250,24.250
116.250,24.250
118.250,24.250
120.250,24.250
124.250,24.250
60.250 ,26.250
62.250 ,26.250
64.250 ,26.250
66.250 ,26.250
68.250 ,26.250
70.250 ,26.250
72.250 ,26.250
74.250 ,26.250
76.250 ,26.250
78.250 ,26.250
80.250 ,26.250
82.250 ,26.250
84.250 ,26.250
86.250 ,26.250
88.250 ,26.250
90.250 ,26.250
92.250 ,26.250
94.250 ,26.250
96.250 ,26.250
98.250 ,26.250
100.250,26.250
102.250,26.250
104.250,26.250
106.250,26.250
108.250,26.250
110.250,26.250
112.250,26.250
114.250,26.250
116.250,26.250
118.250,26.250
120.250,26.250
60.250 ,28.250
62.250 ,28.250
64.250 ,28.250
66.250 ,28.250
68.250 ,28.250
70.250 ,28.250
72.250 ,28.250
74.250 ,28.250
76.250 ,28.250
78.250 ,28.250
80.250 ,28.250
82.250 ,28.250
84.250 ,28.250
86.250 ,28.250
88.250 ,28.250
90.250 ,28.250
92.250 ,28.250
94.250 ,28.250
96.250 ,28.250
98.250 ,28.250
100.250,28.250
102.250,28.250
104.250,28.250
106.250,28.250
108.250,28.250
110.250,28.250
112.250,28.250
114.250,28.250
116.250,28.250
118.250,28.250
120.250,28.250
60.250 ,30.250
62.250 ,30.250
64.250 ,30.250
66.250 ,30.250
68.250 ,30.250
70.250 ,30.250
72.250 ,30.250
74.250 ,30.250
76.250 ,30.250
78.250 ,30.250
80.250 ,30.250
82.250 ,30.250
84.250 ,30.250
86.250 ,30.250
88.250 ,30.250
90.250 ,30.250
92.250 ,30.250
94.250 ,30.250
96.250 ,30.250
98.250 ,30.250
100.250,30.250
102.250,30.250
104.250,30.250
106.250,30.250
108.250,30.250
110.250,30.250
112.250,30.250
114.250,30.250
116.250,30.250
118.250,30.250
120.250,30.250
122.250,30.250
130.250,30.250
140.250,30.250
60.250 ,32.250
62.250 ,32.250
64.250 ,32.250
66.250 ,32.250
68.250 ,32.250
70.250 ,32.250
72.250 ,32.250
74.250 ,32.250
76.250 ,32.250
78.250 ,32.250
80.250 ,32.250
82.250 ,32.250
84.250 ,32.250
86.250 ,32.250
88.250 ,32.250
90.250 ,32.250
92.250 ,32.250
94.250 ,32.250
96.250 ,32.250
98.250 ,32.250
100.250,32.250
102.250,32.250
104.250,32.250
106.250,32.250
108.250,32.250
110.250,32.250
112.250,32.250
114.250,32.250
116.250,32.250
118.250,32.250
120.250,32.250
130.250,32.250
60.250 ,34.250
62.250 ,34.250
64.250 ,34.250
66.250 ,34.250
68.250 ,34.250
70.250 ,34.250
72.250 ,34.250
74.250 ,34.250
76.250 ,34.250
78.250 ,34.250
80.250 ,34.250
82.250 ,34.250
84.250 ,34.250
86.250 ,34.250
88.250 ,34.250
90.250 ,34.250
92.250 ,34.250
94.250 ,34.250
96.250 ,34.250
98.250 ,34.250
100.250,34.250
102.250,34.250
104.250,34.250
106.250,34.250
108.250,34.250
110.250,34.250
112.250,34.250
114.250,34.250
116.250,34.250
118.250,34.250
120.250,34.250
126.250,34.250
132.250,34.250
134.250,34.250
136.250,34.250
60.250 ,36.250
62.250 ,36.250
64.250 ,36.250
66.250 ,36.250
68.250 ,36.250
70.250 ,36.250
72.250 ,36.250
74.250 ,36.250
76.250 ,36.250
78.250 ,36.250
80.250 ,36.250
82.250 ,36.250
84.250 ,36.250
86.250 ,36.250
88.250 ,36.250
90.250 ,36.250
92.250 ,36.250
94.250 ,36.250
96.250 ,36.250
98.250 ,36.250
100.250,36.250
102.250,36.250
104.250,36.250
106.250,36.250
108.250,36.250
110.250,36.250
112.250,36.250
114.250,36.250
116.250,36.250
118.250,36.250
120.250,36.250
126.250,36.250
128.250,36.250
136.250,36.250
138.250,36.250
140.250,36.250
60.250 ,38.250
62.250 ,38.250
64.250 ,38.250
66.250 ,38.250
68.250 ,38.250
70.250 ,38.250
72.250 ,38.250
74.250 ,38.250
76.250 ,38.250
78.250 ,38.250
80.250 ,38.250
82.250 ,38.250
84.250 ,38.250
86.250 ,38.250
88.250 ,38.250
90.250 ,38.250
92.250 ,38.250
94.250 ,38.250
96.250 ,38.250
98.250 ,38.250
100.250,38.250
102.250,38.250
104.250,38.250
106.250,38.250
108.250,38.250
110.250,38.250
112.250,38.250
114.250,38.250
116.250,38.250
118.250,38.250
126.250,38.250
128.250,38.250
138.250,38.250
140.250,38.250
60.250 ,40.250
62.250 ,40.250
64.250 ,40.250
66.250 ,40.250
68.250 ,40.250
70.250 ,40.250
72.250 ,40.250
74.250 ,40.250
76.250 ,40.250
78.250 ,40.250
80.250 ,40.250
82.250 ,40.250
84.250 ,40.250
86.250 ,40.250
88.250 ,40.250
90.250 ,40.250
92.250 ,40.250
94.250 ,40.250
96.250 ,40.250
98.250 ,40.250
100.250,40.250
102.250,40.250
104.250,40.250
106.250,40.250
108.250,40.250
110.250,40.250
112.250,40.250
114.250,40.250
116.250,40.250
118.250,40.250
120.250,40.250
122.250,40.250
124.250,40.250
126.250,40.250
128.250,40.250
140.250,40.250
60.250 ,42.250
62.250 ,42.250
64.250 ,42.250
66.250 ,42.250
68.250 ,42.250
70.250 ,42.250
72.250 ,42.250
74.250 ,42.250
76.250 ,42.250
78.250 ,42.250
80.250 ,42.250
82.250 ,42.250
84.250 ,42.250
86.250 ,42.250
88.250 ,42.250
90.250 ,42.250
92.250 ,42.250
94.250 ,42.250
96.250 ,42.250
98.250 ,42.250
100.250,42.250
102.250,42.250
104.250,42.250
106.250,42.250
108.250,42.250
110.250,42.250
112.250,42.250
114.250,42.250
116.250,42.250
118.250,42.250
120.250,42.250
122.250,42.250
124.250,42.250
126.250,42.250
128.250,42.250
130.250,42.250
140.250,42.250
142.250,42.250
60.250 ,44.250
62.250 ,44.250
64.250 ,44.250
66.250 ,44.250
68.250 ,44.250
70.250 ,44.250
72.250 ,44.250
74.250 ,44.250
76.250 ,44.250
78.250 ,44.250
80.250 ,44.250
82.250 ,44.250
84.250 ,44.250
86.250 ,44.250
88.250 ,44.250
90.250 ,44.250
92.250 ,44.250
94.250 ,44.250
96.250 ,44.250
98.250 ,44.250
100.250,44.250
102.250,44.250
104.250,44.250
106.250,44.250
108.250,44.250
110.250,44.250
112.250,44.250
114.250,44.250
116.250,44.250
118.250,44.250
120.250,44.250
122.250,44.250
124.250,44.250
126.250,44.250
128.250,44.250
130.250,44.250
132.250,44.250
134.250,44.250
136.250,44.250
142.250,44.250
144.250,44.250
146.250,44.250
60.250 ,46.250
62.250 ,46.250
64.250 ,46.250
66.250 ,46.250
68.250 ,46.250
70.250 ,46.250
72.250 ,46.250
74.250 ,46.250
76.250 ,46.250
78.250 ,46.250
80.250 ,46.250
82.250 ,46.250
84.250 ,46.250
86.250 ,46.250
88.250 ,46.250
90.250 ,46.250
92.250 ,46.250
94.250 ,46.250
96.250 ,46.250
98.250 ,46.250
100.250,46.250
102.250,46.250
104.250,46.250
106.250,46.250
108.250,46.250
110.250,46.250
112.250,46.250
114.250,46.250
116.250,46.250
118.250,46.250
120.250,46.250
122.250,46.250
124.250,46.250
126.250,46.250
128.250,46.250
130.250,46.250
132.250,46.250
134.250,46.250
136.250,46.250
138.250,46.250
142.250,46.250
60.250 ,48.250
62.250 ,48.250
64.250 ,48.250
66.250 ,48.250
68.250 ,48.250
70.250 ,48.250
72.250 ,48.250
74.250 ,48.250
76.250 ,48.250
78.250 ,48.250
80.250 ,48.250
82.250 ,48.250
84.250 ,48.250
86.250 ,48.250
88.250 ,48.250
90.250 ,48.250
92.250 ,48.250
94.250 ,48.250
96.250 ,48.250
98.250 ,48.250
100.250,48.250
102.250,48.250
104.250,48.250
106.250,48.250
108.250,48.250
110.250,48.250
112.250,48.250
114.250,48.250
116.250,48.250
118.250,48.250
120.250,48.250
122.250,48.250
124.250,48.250
126.250,48.250
128.250,48.250
130.250,48.250
132.250,48.250
134.250,48.250
136.250,48.250
138.250,48.250
140.250,48.250
142.250,48.250
60.250 ,50.250
62.250 ,50.250
64.250 ,50.250
66.250 ,50.250
68.250 ,50.250
70.250 ,50.250
72.250 ,50.250
74.250 ,50.250
76.250 ,50.250
78.250 ,50.250
80.250 ,50.250
82.250 ,50.250
84.250 ,50.250
86.250 ,50.250
88.250 ,50.250
90.250 ,50.250
92.250 ,50.250
94.250 ,50.250
96.250 ,50.250
98.250 ,50.250
100.250,50.250
102.250,50.250
104.250,50.250
106.250,50.250
108.250,50.250
110.250,50.250
112.250,50.250
114.250,50.250
116.250,50.250
118.250,50.250
120.250,50.250
122.250,50.250
124.250,50.250
126.250,50.250
128.250,50.250
130.250,50.250
132.250,50.250
134.250,50.250
136.250,50.250
138.250,50.250
140.250,50.250
142.250,50.250
60.250 ,52.250
62.250 ,52.250
64.250 ,52.250
66.250 ,52.250
68.250 ,52.250
70.250 ,52.250
72.250 ,52.250
74.250 ,52.250
76.250 ,52.250
78.250 ,52.250
80.250 ,52.250
82.250 ,52.250
84.250 ,52.250
86.250 ,52.250
88.250 ,52.250
90.250 ,52.250
92.250 ,52.250
94.250 ,52.250
96.250 ,52.250
98.250 ,52.250
100.250,52.250
102.250,52.250
104.250,52.250
106.250,52.250
108.250,52.250
110.250,52.250
112.250,52.250
114.250,52.250
116.250,52.250
118.250,52.250
120.250,52.250
122.250,52.250
124.250,52.250
126.250,52.250
128.250,52.250
130.250,52.250
132.250,52.250
134.250,52.250
136.250,52.250
138.250,52.250
140.250,52.250
142.250,52.250
60.250 ,54.250
62.250 ,54.250
64.250 ,54.250
66.250 ,54.250
68.250 ,54.250
70.250 ,54.250
72.250 ,54.250
74.250 ,54.250
76.250 ,54.250
78.250 ,54.250
80.250 ,54.250
82.250 ,54.250
84.250 ,54.250
86.250 ,54.250
88.250 ,54.250
90.250 ,54.250
92.250 ,54.250
94.250 ,54.250
96.250 ,54.250
98.250 ,54.250
100.250,54.250
102.250,54.250
104.250,54.250
106.250,54.250
108.250,54.250
110.250,54.250
112.250,54.250
114.250,54.250
116.250,54.250
118.250,54.250
120.250,54.250
122.250,54.250
124.250,54.250
126.250,54.250
128.250,54.250
130.250,54.250
132.250,54.250
134.250,54.250
136.250,54.250
140.250,54.250
142.250,54.250
