ENSO
-1.446
-1.087
 0.536
-0.741
 0.808
 1.801
-1.546
-1.967
 1.568
 0.559
-0.393
 1.184
-0.551
-1.199
-0.055
  0.38
 0.163
 0.443
 0.477
 0.406
-0.622
 0.022
-1.023
 0.375
-1.936
 1.648
 1.203
-0.972
  0.48
 0.593
-1.728
 0.552
 0.131
 0.274
 0.078
-0.403
 0.458
-0.214
 0.202
-0.726
-0.074
 1.551
-0.433
-0.827
-0.211
 0.477
 0.642
-0.475
-0.415
 0.831
-0.001
-0.629
 0.201
 0.851
-1.889
 0.202
 1.639
-1.372
-1.013
  1.19
 1.072
-1.123
  0.16
 0.638
-0.509
-0.435
 0.845
 0.272
 0.325
-1.877
 1.036
 0.042
-1.217
  1.98
 0.851
-2.545
  0.09
 1.701
 -0.17
  0.24
-1.241
-1.814
 1.965
-0.121
-0.901
 0.411
-0.082
 0.192
 0.837
 2.024
-0.972
-0.871
-0.939
-0.773
 0.732
 0.135
 0.749
 0.088
-0.138
-0.981
 1.601
-0.826
 0.283
-0.239
  0.92
-2.914
  0.67
 1.613
  0.55
-0.483
-0.003
-0.234
 0.035
-0.013
-1.408
 0.405
 0.743
 0.495
-0.193
-0.738
 0.639
-0.014
-0.913
 0.173
 1.263
-0.223
-0.026
-0.453
-0.054
 0.107
 0.258
 0.164
-0.263
 0.406
 0.592
-1.618
-0.162
 0.638
 0.395
-0.432
 0.073
-0.726
 0.925
 0.036
-0.783
 0.535
-0.151
 0.549
-1.194
 0.273
 0.401
-0.466
 1.011
-0.071
 0.669
-1.125
-0.059
 0.707
-0.617
-0.939
 1.019
 1.008
-1.868
 0.051
 0.609
 1.679
 0.758
-1.985
-0.963
 0.006
  0.48
 0.124
 0.518
-0.171
-0.532
-0.617
 0.694
 0.245
-0.266
 0.806
 0.301
-1.194
 1.048
-0.943
 0.892
-0.851
-0.747
 0.938
 1.118
  0.96
-2.222
-0.668
  0.95
-0.567
 0.012
 0.389
  1.07
-0.362
 -0.71
-0.707
 0.573
-0.221
 0.644
  0.03
-0.373
 0.082
 0.517
-0.011
-1.171
 0.414
 0.571
-0.236
 0.236
-0.147
-0.285
-0.936
 0.966
 0.568
 0.195
 -0.11
 0.156
-1.569
 1.686
-0.595
 0.407
 0.668
-2.334
-0.154
 1.487
  1.48
 -0.94
-0.676
-0.052
 0.094
-0.549
-0.618
 1.141
 0.109
 -0.63
 0.915
-1.308
 0.797
 0.521
-0.275
 0.524
 0.706
-1.405
 0.196
 -0.42
 0.981
-1.601
-0.856
 1.799
 0.311
-0.429
 0.936
-0.862
-0.001
-1.769
 1.142
 1.138
-1.472
 0.735
  0.93
 -0.78
 0.815
-0.837
 0.879
-0.471
 -0.92
 -0.63
 1.194
 0.241
 1.275
-1.108
-0.152
-0.203
-1.097
 0.954
-0.373
  0.54
  1.07
-1.243
-0.962
 2.098
 0.205
-1.561
-0.222
 0.525
-0.553
 0.676
 0.241
-0.224
-0.395
 -0.72
 1.345
-0.324
 1.385
-0.962
-1.658
 0.903
 0.531
 0.022
 0.401
 0.154
-0.234
-0.685
-0.184
-0.707
 1.251
 0.014
 0.547
 0.159
-0.369
 0.287
-0.246
 0.164
-1.831
-0.967
 1.972
 0.642
-0.466
 0.222
 0.002
-0.205
 -0.18
 1.116
-2.752
  1.45
  1.19
-0.823
 0.448
 0.862
 -1.13
-1.056
 1.248
-1.338
-0.363
 1.397
 0.571
-1.279
 0.751
 0.122
-0.048
 0.327
 0.081
 -0.86
-0.762
 0.746
 1.893
-0.159
-1.954
 0.113
  1.06
-1.777
 0.912
 0.402
 0.473
-2.518
 1.807
 0.502
-0.177
 0.474
-1.064
 -0.69
 0.672
-0.065
 0.217
 0.835
 0.087
-0.514
 0.286
 0.296
-0.974
-0.629
 2.001
-1.104
  0.56
-0.861
  0.11
-0.381
 0.053
 0.748
-0.214
 0.147
-0.229
-0.193
 0.656
 -1.46
 -0.02
 1.685
-0.053
-1.017
 0.968
 0.047
-0.453
-0.943
-0.797
 2.032
-0.194
-0.851
 0.578
  0.66
-0.025
-1.137
 1.216
 0.455
-1.582
-0.749
 0.261
 0.775
 0.169
-0.596
 1.273
 1.926
-0.892
-2.962
 0.054
 1.085
-0.127
-0.122
 1.243
 0.128
-0.671
-1.505
 0.718
 1.128
 0.277
-1.317
 -1.08
 0.818
 0.345
 0.476
   1.1
  0.37
-1.636
-0.388
 1.468
-1.278
 0.332
-0.346
 0.231
-0.266
 0.124
 0.023
 0.507
 0.996
-1.225
-0.374
 0.876
-0.844
-0.248
-1.022
 1.391
 0.807
-1.734
  0.77
   0.7
 0.248
 1.442
 -1.78
-0.582
  0.17
-0.128
-0.281
 -0.38
 0.875
-0.476
 1.759
-1.764
 0.457
 -0.61
  0.62
 0.463
 0.889
-0.923
-0.636
-0.366
 0.936
-1.169
 1.322
-0.075
-1.217
 1.099
-0.715
 0.613
 0.674
-0.033
-0.161
-0.574
-1.019
 0.309
 0.858
-0.629
 0.593
 0.675
 0.619
-1.225
 0.085
-1.449
 0.324
 0.369
 0.084
-0.676
 1.683
-0.171
 0.548
-2.053
 0.541
 1.479
-0.334
-0.831
  1.06
-1.855
 2.038
-1.035
-0.649
 0.518
 0.691
-0.911
 1.128
-0.248
-0.453
-1.537
  0.53
 0.404
 0.505
 0.658
 0.436
 -0.75
-0.431
 0.333
-0.286
  0.56
-0.031
-0.015
 0.572
-0.769
-0.837
-0.594
 0.335
 2.039
-0.742
 0.502
-0.558
-0.552
-0.223
 0.446
-0.346
 0.518
-0.885
 1.238
 0.064
 0.454
 0.212
-1.618
-0.222
 0.052
 1.186
-0.703
-0.511
 0.119
  1.41
 0.237
-1.721
-1.286
 1.477
 1.795
 -1.16
 0.477
 0.309
 -1.75
 0.541
 0.573
 0.007
-1.605
 0.134
 0.934
 1.209
-0.715
-1.107
 0.122
 0.425
-1.392
 1.807
 0.119
 1.321
-0.715
-1.142
-0.085
 0.318
 0.578
-0.168
 0.322
 0.849
-1.856
-0.892
-0.612
 2.312
 1.078
-1.231
-0.187
-0.601
-0.158
 1.173
 0.181
 -2.08
 0.782
 0.271
 0.718
-1.041
  1.21
-0.269
-0.294
 1.012
-0.392
-0.705
-0.797
-0.561
 1.886
 0.257
 0.654
-2.002
 0.138
-0.162
-0.179
 1.951
 0.322
-1.712
-0.503
 1.485
 0.389
-1.878
-0.183
 0.028
-0.198
 1.769
 0.778
-2.376
  1.02
 1.549
 0.471
-2.922
 0.643
 0.048
 0.005
 0.638
-0.768
-0.948
 0.963
 0.847
-0.337
-1.308
 0.789
 0.214
 0.367
 0.347
 0.493
-0.438
 -0.26
 0.034
-0.795
-0.282
-0.377
 1.008
 1.289
  -0.1
-1.408
-0.163
 0.677
 0.366
-0.498
 0.603
-1.126
 0.025
 0.532
 -0.75
 1.034
 1.274
-1.754
-1.202
  0.76
 1.211
 0.333
-1.193
-1.823
 1.629
  0.36
 0.679
 0.755
-1.676
-0.477
-0.271
-0.137
 1.565
-0.238
 0.869
-0.442
-0.959
 1.956
-2.034
-0.958
 0.568
 1.093
 0.397
-0.309
-0.272
-0.958
  0.37
-0.055
 1.196
 0.328
 0.075
 -1.13
-0.357
 0.122
-0.287
  0.37
 0.235
-0.258
 0.309
  1.91
-0.355
-0.936
-0.808
 0.387
-1.477
 0.574
 0.264
 1.193
 0.856
-0.713
-2.415
 0.285
 0.488
 1.404
 0.223
-1.019
-0.998
 0.573
 0.995
-0.189
 0.542
 0.074
 0.167
-1.775
 0.557
  1.34
 -2.14
 0.274
 0.059
 2.332
 0.349
-1.129
-2.918
 0.807
 1.773
-0.446
-0.272
-0.505
 0.265
 1.125
 0.485
-0.048
-0.824
  0.49
 0.144
-0.528
 -0.85
  0.09
-1.346
  0.93
 0.555
-0.209
 1.485
-0.573
-1.312
 0.547
 0.593
-1.207
 1.686
-0.621
-0.228
 2.222
-0.365
-2.772
-0.762
 1.599
 0.269
 0.364
-0.407
-1.183
 1.152
 0.327
 0.406
  0.94
-1.366
-0.247
-1.228
  0.45
 0.114
 1.401
 1.219
-1.238
-0.993
-0.099
 0.877
 0.017
 -1.19
-0.655
 1.148
 0.132
 0.462
 0.237
 0.146
-0.376
-0.867
-0.992
 0.462
 0.659
 1.266
-0.157
-1.111
 0.792
-1.114
-0.896
 2.162
 1.563
-0.622
-1.697
-0.463
 0.024
 1.358
 -1.15
  1.53
-1.377
-0.673
 0.244
 1.347
-0.899
 0.624
  0.35
-1.597
  0.06
-0.881
 0.074
 2.484
 2.368
-3.669
  0.94
 0.162
 0.842
-1.977
 0.185
 0.696
-0.017
 -0.52
-1.306
 0.894
 0.316
 -0.22
 0.816
  1.04
-1.792
 0.373
-1.274
 1.483
 0.025
-0.067
 0.134
-0.483
 2.232
-0.842
-1.918
-0.136
 1.108
 0.503
-0.589
-0.349
 0.694
-0.392
 0.108
-1.976
 0.991
 2.631
-1.099
-1.456
 1.536
 0.147
-1.916
-1.054
 0.434
 1.707
 1.836
-1.149
-0.697
  0.23
 0.645
-1.868
 1.329
-0.011
-1.139
 0.489
 0.483
 1.152
-1.165
-0.615
   0.9
-0.908
-0.506
 0.591
 1.109
-0.611
  -1.4
 0.009
   0.6
 2.362
 0.644
-1.222
-0.863
-1.245
 1.978
-1.175
-0.861
-0.951
 1.336
 0.277
 0.186
 1.441
-0.912
-0.019
-1.445
 0.311
   1.8
-0.613
-0.334
  -0.5
 0.172
 0.182
 1.375
 1.014
-1.515
-1.912
 0.085
 1.911
-0.213
 0.212
-1.947
-0.494
 1.743
 1.373
-2.192
 0.084
 1.535
 0.508
-1.242
-0.072
-1.196
 1.913
-0.208
-0.034
-0.461
 1.299
-1.555
-1.832
 0.022
 1.395
 0.398
 0.554
 1.744
-0.657
-1.744
 0.038
-0.006
-0.087
 -0.15
 0.099
 0.544
 1.775
-1.302
-1.643
  0.19
 0.458
 -0.57
  0.84
 1.691
-0.657
-2.015
 0.906
 0.403
-0.347
 1.696
  0.17
-1.576
-1.058
 0.611
-0.905
 1.236
 1.147
-1.024
-0.048
 0.474
-2.025
 1.746
-2.409
 1.102
 0.763
 1.277
 0.441
-0.058
-1.815
-0.982
 0.784
-0.186
 1.151
 1.106
-0.057
-0.905
-1.828
 0.684
 1.404
 0.461
-0.819
-0.129
 0.652
-2.262
 1.012
 0.771
 0.217
-0.855
 0.157
 0.015
 1.325
 0.416
-2.694
  1.04
-0.552
  0.43
 0.931
 -1.74
 -1.08
 1.902
 1.221
 -0.93
 0.311
 0.431
-1.302
 0.489
-0.124
 1.261
-0.624
 -0.97
 1.412
 0.024
-0.871
-0.112
-1.526
  0.52
 1.804
-0.855
 0.345
-0.873
 0.934
-0.626
-0.944
 1.418
-0.163
-0.693
 0.478
 0.957
 0.288
-1.466
-0.588
 2.052
-1.747
 1.212
-0.094
-1.576
  0.27
  1.87
-0.827
-0.856
-0.565
 1.653
 0.203
-0.089
-0.409
 1.672
 -0.73
-1.475
-0.998
-0.109
 1.379
 1.873
-1.652
 0.531
-0.758
-0.393
 0.977
 1.434
-1.019
 0.065
-1.078
