5.0000000e+002, 5.4956771e-003
5.0100000e+002, 2.6332177e-003
5.0200000e+002,-7.6041689e-004
5.0300000e+002,-3.5949878e-003
5.0400000e+002,-4.6064053e-003
5.0500000e+002,-2.5769792e-003
5.0600000e+002, 3.4017051e-003
5.0700000e+002, 1.3671791e-002
5.0800000e+002, 2.7817781e-002
5.0900000e+002, 4.4599085e-002
5.1000000e+002, 6.2048305e-002
5.1100000e+002, 7.7746657e-002
5.1200000e+002, 8.9248175e-002
5.1300000e+002, 9.4583317e-002
5.1400000e+002, 9.2740415e-002
5.1500000e+002, 8.4010224e-002
5.1600000e+002, 7.0092227e-002
5.1700000e+002, 5.3903041e-002
5.1800000e+002, 3.9091560e-002
5.1900000e+002, 2.9338612e-002
5.2000000e+002, 2.7581714e-002
5.2100000e+002, 3.5338927e-002
5.2200000e+002, 5.2296392e-002
5.2300000e+002, 7.6270412e-002
5.2400000e+002, 1.0356873e-001
5.2500000e+002, 1.2967981e-001
5.2600000e+002, 1.5014036e-001
5.2700000e+002, 1.6139147e-001
5.2800000e+002, 1.6144288e-001
5.2900000e+002, 1.5021648e-001
5.3000000e+002, 1.2951713e-001
5.3100000e+002, 1.0265866e-001
5.3200000e+002, 7.3835833e-002
5.3300000e+002, 4.7369149e-002
5.3400000e+002, 2.6958456e-002
5.3500000e+002, 1.5068675e-002
5.3600000e+002, 1.2544541e-002
5.3700000e+002, 1.8515049e-002
5.3800000e+002, 3.0604431e-002
5.3900000e+002, 4.5416502e-002
5.4000000e+002, 5.9208036e-002
5.4100000e+002, 6.8624285e-002
5.4200000e+002, 7.1348693e-002
5.4300000e+002, 6.6529688e-002
5.4400000e+002, 5.4893068e-002
5.4500000e+002, 3.8520547e-002
5.4600000e+002, 2.0355144e-002
5.4700000e+002, 3.5594449e-003
5.4800000e+002,-9.1160876e-003
5.4900000e+002,-1.5809758e-002
5.5000000e+002,-1.5775859e-002
5.5100000e+002,-9.3406553e-003
5.5200000e+002, 2.3629963e-003
5.5300000e+002, 1.7782253e-002
5.5400000e+002, 3.5335363e-002
5.5500000e+002, 5.3708169e-002
5.5600000e+002, 7.1999094e-002
5.5700000e+002, 8.9706874e-002
5.5800000e+002, 1.0659966e-001
5.5900000e+002, 1.2253081e-001
5.6000000e+002, 1.3727131e-001
5.6100000e+002, 1.5041430e-001
5.6200000e+002, 1.6137982e-001
5.6300000e+002, 1.6951699e-001
5.6400000e+002, 1.7427332e-001
5.6500000e+002, 1.7538253e-001
5.6600000e+002, 1.7301645e-001
5.6700000e+002, 1.6785296e-001
5.6800000e+002, 1.6103042e-001
5.6900000e+002, 1.5398552e-001
5.7000000e+002, 1.4820101e-001
5.7100000e+002, 1.4491604e-001
5.7200000e+002, 1.4486740e-001
5.7300000e+002, 1.4812914e-001
5.7400000e+002, 1.5409866e-001
5.7500000e+002, 1.6164266e-001
5.7600000e+002, 1.6937417e-001
5.7700000e+002, 1.7599503e-001
5.7800000e+002, 1.8061718e-001
5.7900000e+002, 1.8297989e-001
5.8000000e+002, 1.8350680e-001
5.8100000e+002, 1.8318998e-001
5.8200000e+002, 1.8333394e-001
5.8300000e+002, 1.8522712e-001
5.8400000e+002, 1.8982260e-001
5.8500000e+002, 1.9750099e-001
5.8600000e+002, 2.0796275e-001
5.8700000e+002, 2.2026377e-001
5.8800000e+002, 2.3297681e-001
5.8900000e+002, 2.4444059e-001
5.9000000e+002, 2.5304703e-001
5.9100000e+002, 2.5751716e-001
5.9200000e+002, 2.5712089e-001
5.9300000e+002, 2.5180536e-001
5.9400000e+002, 2.4220918e-001
5.9500000e+002, 2.2955620e-001
5.9600000e+002, 2.1544219e-001
5.9700000e+002, 2.0154842e-001
5.9800000e+002, 1.8933307e-001
5.9900000e+002, 1.7975978e-001
6.0000000e+002, 1.7311824e-001
6.0100000e+002, 1.6897522e-001
6.0200000e+002, 1.6626882e-001
6.0300000e+002, 1.6352916e-001
6.0400000e+002, 1.5918342e-001
6.0500000e+002, 1.5188543e-001
6.0600000e+002, 1.4080395e-001
6.0700000e+002, 1.2581032e-001
6.0800000e+002, 1.0752365e-001
6.0900000e+002, 8.7198755e-002
6.1000000e+002, 6.6474279e-002
6.1100000e+002, 4.7030547e-002
6.1200000e+002, 3.0231624e-002
6.1300000e+002, 1.6836460e-002
6.1400000e+002, 6.8544995e-003
6.1500000e+002,-4.0924910e-004
6.1600000e+002,-6.1209547e-003
6.1700000e+002,-1.1549006e-002
6.1800000e+002,-1.7653728e-002
6.1900000e+002,-2.4749196e-002
6.2000000e+002,-3.2338512e-002
6.2100000e+002,-3.9181426e-002
6.2200000e+002,-4.3590207e-002
6.2300000e+002,-4.3883752e-002
6.2400000e+002,-3.8880529e-002
6.2500000e+002,-2.8294137e-002
6.2600000e+002,-1.2917660e-002
6.2700000e+002, 5.4605602e-003
6.2800000e+002, 2.4392475e-002
6.2900000e+002, 4.1269813e-002
6.3000000e+002, 5.3855587e-002
6.3100000e+002, 6.0710767e-002
6.3200000e+002, 6.1414650e-002
6.3300000e+002, 5.6540882e-002
6.3400000e+002, 4.7421445e-002
6.3500000e+002, 3.5785171e-002
6.3600000e+002, 2.3379603e-002
6.3700000e+002, 1.1670988e-002
6.3800000e+002, 1.6761014e-003
6.3900000e+002,-6.0707285e-003
6.4000000e+002,-1.1452330e-002
6.4100000e+002,-1.4659099e-002
6.4200000e+002,-1.6080928e-002
6.4300000e+002,-1.6221579e-002
6.4400000e+002,-1.5629893e-002
6.4500000e+002,-1.4827955e-002
6.4600000e+002,-1.4221114e-002
6.4700000e+002,-1.3995407e-002
6.4800000e+002,-1.4032468e-002
6.4900000e+002,-1.3885927e-002
6.5000000e+002,-1.2855828e-002
6.5100000e+002,-1.0167627e-002
6.5200000e+002,-5.2194676e-003
6.5300000e+002, 2.1768299e-003
6.5400000e+002, 1.1651363e-002
6.5500000e+002, 2.2300308e-002
6.5600000e+002, 3.2899933e-002
6.5700000e+002, 4.2263394e-002
6.5800000e+002, 4.9631740e-002
6.5900000e+002, 5.4960853e-002
6.6000000e+002, 5.8984303e-002
6.6100000e+002, 6.2998163e-002
6.6200000e+002, 6.8409196e-002
6.6300000e+002, 7.6180616e-002
6.6400000e+002, 8.6365215e-002
6.6500000e+002, 9.7908647e-002
6.6600000e+002, 1.0883139e-001
6.6700000e+002, 1.1677529e-001
6.6800000e+002, 1.1976849e-001
6.6900000e+002, 1.1696781e-001
6.7000000e+002, 1.0911728e-001
6.7100000e+002, 9.8531995e-002
6.7200000e+002, 8.8559973e-002
6.7300000e+002, 8.2649335e-002
6.7400000e+002, 8.3293486e-002
6.7500000e+002, 9.1191101e-002
6.7600000e+002, 1.0491101e-001
6.7700000e+002, 1.2120343e-001
6.7800000e+002, 1.3589331e-001
6.7900000e+002, 1.4509707e-001
6.8000000e+002, 1.4638692e-001
6.8100000e+002, 1.3953184e-001
6.8200000e+002, 1.2657171e-001
6.8300000e+002, 1.1119156e-001
6.8400000e+002, 9.7586892e-002
6.8500000e+002, 8.9174056e-002
6.8600000e+002, 8.7546967e-002
6.8700000e+002, 9.2000324e-002
6.8800000e+002, 9.9756953e-002
6.8900000e+002, 1.0681596e-001
6.9000000e+002, 1.0915090e-001
6.9100000e+002, 1.0389162e-001
6.9200000e+002, 9.0145291e-002
6.9300000e+002, 6.9236933e-002
6.9400000e+002, 4.4331914e-002
6.9500000e+002, 1.9580856e-002
6.9600000e+002,-9.5120810e-004
6.9700000e+002,-1.4275077e-002
6.9800000e+002,-1.9141618e-002
6.9900000e+002,-1.6244346e-002
7.0000000e+002,-7.9535685e-003
7.0100000e+002, 2.3141572e-003
7.0200000e+002, 1.0919165e-002
7.0300000e+002, 1.4822878e-002
7.0400000e+002, 1.2243358e-002
7.0500000e+002, 3.0214121e-003
7.0600000e+002,-1.1361766e-002
7.0700000e+002,-2.8109932e-002
7.0800000e+002,-4.3713988e-002
7.0900000e+002,-5.4713558e-002
7.1000000e+002,-5.8465403e-002
7.1100000e+002,-5.3755591e-002
7.1200000e+002,-4.1113768e-002
7.1300000e+002,-2.2743023e-002
7.1400000e+002,-2.0609394e-003
7.1500000e+002, 1.7059932e-002
7.1600000e+002, 3.1183696e-002
7.1700000e+002, 3.8121822e-002
7.1800000e+002, 3.7457595e-002
7.1900000e+002, 3.0642076e-002
7.2000000e+002, 2.0625374e-002
7.2100000e+002, 1.1109287e-002
7.2200000e+002, 5.6120552e-003
7.2300000e+002, 6.5914255e-003
7.2400000e+002, 1.4859540e-002
7.2500000e+002, 2.9442726e-002
7.2600000e+002, 4.7912713e-002
7.2700000e+002, 6.7080105e-002
7.2800000e+002, 8.3837765e-002
7.2900000e+002, 9.5903776e-002
7.3000000e+002, 1.0225338e-001
7.3100000e+002, 1.0313440e-001
7.3200000e+002, 9.9696723e-002
7.3300000e+002, 9.3388936e-002
7.3400000e+002, 8.5343869e-002
7.3500000e+002, 7.5967460e-002
7.3600000e+002, 6.4866480e-002
7.3700000e+002, 5.1128232e-002
7.3800000e+002, 3.3842143e-002
7.3900000e+002, 1.2671113e-002
7.4000000e+002,-1.1734198e-002
7.4100000e+002,-3.7629521e-002
7.4200000e+002,-6.2427003e-002
7.4300000e+002,-8.3232546e-002
7.4400000e+002,-9.7512574e-002
7.4500000e+002,-1.0369652e-001
7.4600000e+002,-1.0154678e-001
7.4700000e+002,-9.2201351e-002
7.4800000e+002,-7.7889460e-002
7.4900000e+002,-6.1406690e-002
7.5000000e+002,-4.5490378e-002
7.5100000e+002,-3.2248113e-002
7.5200000e+002,-2.2765527e-002
7.5300000e+002,-1.6967371e-002
7.5400000e+002,-1.3744490e-002
7.5500000e+002,-1.1302779e-002
7.5600000e+002,-7.6479823e-003
7.5700000e+002,-1.0967431e-003
7.5800000e+002, 9.2981844e-003
7.5900000e+002, 2.3502112e-002
7.6000000e+002, 4.0487337e-002
7.6100000e+002, 5.8459487e-002
7.6200000e+002, 7.5266742e-002
7.6300000e+002, 8.8889856e-002
7.6400000e+002, 9.7887691e-002
7.6500000e+002, 1.0168413e-001
7.6600000e+002, 1.0062725e-001
7.6700000e+002, 9.5818740e-002
7.6800000e+002, 8.8779180e-002
7.6900000e+002, 8.1060717e-002
7.7000000e+002, 7.3926009e-002
7.7100000e+002, 6.8179860e-002
7.7200000e+002, 6.4179346e-002
7.7300000e+002, 6.1982949e-002
7.7400000e+002, 6.1553251e-002
7.7500000e+002, 6.2917323e-002
7.7600000e+002, 6.6216039e-002
7.7700000e+002, 7.1625681e-002
7.7800000e+002, 7.9191121e-002
7.7900000e+002, 8.8647793e-002
7.8000000e+002, 9.9316288e-002
7.8100000e+002, 1.1012738e-001
7.8200000e+002, 1.1978787e-001
7.8300000e+002, 1.2704644e-001
7.8400000e+002, 1.3098190e-001
7.8500000e+002, 1.3122552e-001
7.8600000e+002, 1.2804720e-001
7.8700000e+002, 1.2227547e-001
7.8800000e+002, 1.1507103e-001
7.8900000e+002, 1.0761763e-001
7.9000000e+002, 1.0082016e-001
7.9100000e+002, 9.5099053e-002
7.9200000e+002, 9.0343167e-002
7.9300000e+002, 8.6036017e-002
7.9400000e+002, 8.1516113e-002
7.9500000e+002, 7.6287727e-002
7.9600000e+002, 7.0278157e-002
7.9700000e+002, 6.3950184e-002
7.9800000e+002, 5.8222165e-002
7.9900000e+002, 5.4210486e-002
8.0000000e+002, 5.2870032e-002
8.0100000e+002, 5.4646679e-002
8.0200000e+002, 5.9257332e-002
8.0300000e+002, 6.5675646e-002
8.0400000e+002, 7.2337174e-002
8.0500000e+002, 7.7507999e-002
8.0600000e+002, 7.9709773e-002
8.0700000e+002, 7.8078594e-002
8.0800000e+002, 7.2559456e-002
8.0900000e+002, 6.3892321e-002
8.1000000e+002, 5.3410262e-002
8.1100000e+002, 4.2722412e-002
8.1200000e+002, 3.3378497e-002
8.1300000e+002, 2.6602147e-002
8.1400000e+002, 2.3144248e-002
8.1500000e+002, 2.3260829e-002
8.1600000e+002, 2.6780351e-002
8.1700000e+002, 3.3206318e-002
8.1800000e+002, 4.1807334e-002
8.1900000e+002, 5.1672664e-002
8.2000000e+002, 6.1743875e-002
8.2100000e+002, 7.0857125e-002
8.2200000e+002, 7.7834540e-002
8.2300000e+002, 8.1643855e-002
8.2400000e+002, 8.1609754e-002
8.2500000e+002, 7.7622657e-002
8.2600000e+002, 7.0267883e-002
8.2700000e+002, 6.0802872e-002
8.2800000e+002, 5.0945818e-002
8.2900000e+002, 4.2497210e-002
8.3000000e+002, 3.6878391e-002
8.3100000e+002, 3.4716170e-002
8.3200000e+002, 3.5611001e-002
8.3300000e+002, 3.8189754e-002
8.3400000e+002, 4.0468274e-002
8.3500000e+002, 4.0453344e-002
8.3600000e+002, 3.6826974e-002
8.3700000e+002, 2.9507374e-002
8.3800000e+002, 1.9891520e-002
8.3900000e+002, 1.0658235e-002
8.4000000e+002, 5.1331720e-003
8.4100000e+002, 6.3551305e-003
8.4200000e+002, 1.6095012e-002
8.4300000e+002, 3.4125119e-002
8.4400000e+002, 5.7994374e-002
8.4500000e+002, 8.3436894e-002
8.4600000e+002, 1.0535821e-001
8.4700000e+002, 1.1915837e-001
8.4800000e+002, 1.2202441e-001
8.4900000e+002, 1.1380358e-001
8.5000000e+002, 9.7170312e-002
8.5100000e+002, 7.7000577e-002
8.5200000e+002, 5.9107549e-002
8.5300000e+002, 4.8694899e-002
8.5400000e+002, 4.8978201e-002
8.5500000e+002, 6.0376148e-002
8.5600000e+002, 8.0494473e-002
8.5700000e+002, 1.0487658e-001
8.5800000e+002, 1.2826119e-001
8.5900000e+002, 1.4594840e-001
8.6000000e+002, 1.5487530e-001
8.6100000e+002, 1.5413306e-001
8.6200000e+002, 1.4486434e-001
8.6300000e+002, 1.2968191e-001
8.6400000e+002, 1.1187522e-001
8.6500000e+002, 9.4682537e-002
8.6600000e+002, 8.0813749e-002
8.6700000e+002, 7.2263068e-002
8.6800000e+002, 7.0320192e-002
8.6900000e+002, 7.5626897e-002
8.7000000e+002, 8.8154152e-002
8.7100000e+002, 1.0707009e-001
8.7200000e+002, 1.3058016e-001
8.7300000e+002, 1.5588972e-001
8.7400000e+002, 1.7942891e-001
8.7500000e+002, 1.9738950e-001
8.7600000e+002, 2.0648903e-001
8.7700000e+002, 2.0475838e-001
8.7800000e+002, 1.9209710e-001
8.7900000e+002, 1.7038707e-001
8.8000000e+002, 1.4308536e-001
8.8100000e+002, 1.1438881e-001
8.8200000e+002, 8.8209313e-002
8.8300000e+002, 6.7267577e-002
8.8400000e+002, 5.2576005e-002
8.8500000e+002, 4.3451774e-002
8.8600000e+002, 3.8026048e-002
8.8700000e+002, 3.4056381e-002
8.8800000e+002, 2.9761646e-002
8.8900000e+002, 2.4409330e-002
8.9000000e+002, 1.8484953e-002
8.9100000e+002, 1.3422921e-002
8.9200000e+002, 1.1022879e-002
8.9300000e+002, 1.2767083e-002
8.9400000e+002, 1.9266442e-002
8.9500000e+002, 2.9999771e-002
8.9600000e+002, 4.3401786e-002
8.9700000e+002, 5.7242234e-002
8.9800000e+002, 6.9158824e-002
8.9900000e+002, 7.7181500e-002
9.0000000e+002, 2.6999496e-002
9.0100000e+002, 2.8391647e-002
9.0200000e+002, 3.0986829e-002
9.0300000e+002, 3.5137118e-002
9.0400000e+002, 4.0079731e-002
9.0500000e+002, 4.4210586e-002
9.0600000e+002, 4.5786932e-002
9.0700000e+002, 4.3808988e-002
9.0800000e+002, 3.8728128e-002
9.0900000e+002, 3.2656399e-002
9.1000000e+002, 2.8911220e-002
9.1100000e+002, 3.0972003e-002
9.1200000e+002, 4.1167481e-002
9.1300000e+002, 5.9560112e-002
9.1400000e+002, 8.3480201e-002
9.1500000e+002, 1.0797411e-001
9.1600000e+002, 1.2712116e-001
9.1700000e+002, 1.3584661e-001
9.1800000e+002, 1.3163656e-001
9.1900000e+002, 1.1553786e-001
9.2000000e+002, 9.2029820e-002
9.2100000e+002, 6.7726943e-002
9.2200000e+002, 4.9287900e-002
9.2300000e+002, 4.1212568e-002
9.2400000e+002, 4.4286993e-002
9.2500000e+002, 5.5243080e-002
9.2600000e+002, 6.7794485e-002
9.2700000e+002, 7.4732283e-002
9.2800000e+002, 7.0385286e-002
9.2900000e+002, 5.2610023e-002
9.3000000e+002, 2.3628209e-002
9.3100000e+002,-1.0577582e-002
9.3200000e+002,-4.2106488e-002
9.3300000e+002,-6.3598885e-002
9.3400000e+002,-7.0494313e-002
9.3500000e+002,-6.2355536e-002
9.3600000e+002,-4.2857379e-002
9.3700000e+002,-1.8491628e-002
9.3800000e+002, 3.5457334e-003
9.3900000e+002, 1.7578440e-002
9.4000000e+002, 2.1082703e-002
9.4100000e+002, 1.5256956e-002
9.4200000e+002, 4.4217623e-003
9.4300000e+002,-5.4861623e-003
9.4400000e+002,-8.8044719e-003
9.4500000e+002,-1.8259183e-003
9.4600000e+002, 1.6208978e-002
9.4700000e+002, 4.3036381e-002
9.4800000e+002, 7.4148953e-002
9.4900000e+002, 1.0413024e-001
9.5000000e+002, 1.2812088e-001
9.5100000e+002, 1.4300958e-001
9.5200000e+002, 1.4807064e-001
9.5300000e+002, 1.4495641e-001
9.5400000e+002, 1.3713402e-001
9.5500000e+002, 1.2897933e-001
9.5600000e+002, 1.2478422e-001
9.5700000e+002, 1.2790054e-001
9.5800000e+002, 1.4016558e-001
9.5900000e+002, 1.6166383e-001
9.6000000e+002, 1.9081007e-001
9.6100000e+002, 2.2469931e-001
9.6200000e+002, 2.5965497e-001
9.6300000e+002, 2.9190060e-001
9.6400000e+002, 3.1826696e-001
9.6500000e+002, 3.3682255e-001
9.6600000e+002, 3.4729506e-001
9.6700000e+002, 3.5115558e-001
9.6800000e+002, 3.5128648e-001
9.6900000e+002, 3.5124927e-001
9.7000000e+002, 3.5429069e-001
9.7100000e+002, 3.6233297e-001
9.7200000e+002, 3.7524463e-001
9.7300000e+002, 3.9064938e-001
9.7400000e+002, 4.0440187e-001
9.7500000e+002, 4.1166850e-001
9.7600000e+002, 4.0835678e-001
9.7700000e+002, 3.9250023e-001
9.7800000e+002, 3.6517751e-001
9.7900000e+002, 3.3064371e-001
9.8000000e+002, 2.9555807e-001
9.8100000e+002, 2.6745003e-001
9.8200000e+002, 2.5280061e-001
9.8300000e+002, 2.5525581e-001
9.8400000e+002, 2.7448634e-001
9.8500000e+002, 3.0605507e-001
9.8600000e+002, 3.4238678e-001
9.8700000e+002, 3.7462432e-001
9.8800000e+002, 3.9488996e-001
9.8900000e+002, 3.9833035e-001
9.9000000e+002, 3.8435813e-001
9.9100000e+002, 3.5671490e-001
9.9200000e+002, 3.2231597e-001
9.9300000e+002, 2.8920458e-001
9.9400000e+002, 2.6422667e-001
9.9500000e+002, 2.5114099e-001
9.9600000e+002, 2.4975650e-001
9.9700000e+002, 2.5636416e-001
9.9800000e+002, 2.6530277e-001
9.9900000e+002, 2.7110920e-001
1.0000000e+003, 2.7049341e-001
1.0010000e+003, 2.6343321e-001
1.0020000e+003, 2.5299497e-001
1.0030000e+003, 2.4395179e-001
1.0040000e+003, 2.4072182e-001
1.0050000e+003, 2.4541492e-001
1.0060000e+003, 2.5675035e-001
1.0070000e+003, 2.7029023e-001
1.0080000e+003, 2.7994000e-001
1.0090000e+003, 2.8018105e-001
1.0100000e+003, 2.6821020e-001
1.0110000e+003, 2.4517831e-001
1.0120000e+003, 2.1604342e-001
1.0130000e+003, 1.8806084e-001
1.0140000e+003, 1.6843338e-001
1.0150000e+003, 1.6195225e-001
1.0160000e+003, 1.6946142e-001
1.0170000e+003, 1.8767806e-001
1.0180000e+003, 2.1041545e-001
1.0190000e+003, 2.3076036e-001
1.0200000e+003, 2.4343161e-001
1.0210000e+003, 2.4649867e-001
1.0220000e+003, 2.4187691e-001
1.0230000e+003, 2.3444759e-001
1.0240000e+003, 2.3012318e-001
1.0250000e+003, 2.3353291e-001
1.0260000e+003, 2.4612811e-001
1.0270000e+003, 2.6536617e-001
1.0280000e+003, 2.8527956e-001
1.0290000e+003, 2.9828497e-001
1.0300000e+003, 2.9768041e-001
1.0310000e+003, 2.8004069e-001
1.0320000e+003, 2.4672746e-001
1.0330000e+003, 2.0398205e-001
1.0340000e+003, 1.6149458e-001
1.0350000e+003, 1.2981679e-001
1.0360000e+003, 1.1736315e-001
1.0370000e+003, 1.2790560e-001
1.0380000e+003, 1.5935080e-001
1.0390000e+003, 2.0422118e-001
1.0400000e+003, 2.5174560e-001
1.0410000e+003, 2.9096041e-001
1.0420000e+003, 3.1388799e-001
1.0430000e+003, 3.1781119e-001
1.0440000e+003, 3.0592474e-001
1.0450000e+003, 2.8614459e-001
1.0460000e+003, 2.6843851e-001
1.0470000e+003, 2.6151937e-001
1.0480000e+003, 2.6995798e-001
1.0490000e+003, 2.9264930e-001
1.0500000e+003, 3.2313648e-001
1.0510000e+003, 3.5169855e-001
1.0520000e+003, 3.6853183e-001
1.0530000e+003, 3.6699386e-001
1.0540000e+003, 3.4585189e-001
1.0550000e+003, 3.0979860e-001
1.0560000e+003, 2.6806203e-001
1.0570000e+003, 2.3155844e-001
1.0580000e+003, 2.0951137e-001
1.0590000e+003, 2.0662962e-001
1.0600000e+003, 2.2174575e-001
1.0610000e+003, 2.4832989e-001
1.0620000e+003, 2.7667574e-001
1.0630000e+003, 2.9701338e-001
1.0640000e+003, 3.0251947e-001
1.0650000e+003, 2.9126083e-001
1.0660000e+003, 2.6649478e-001
1.0670000e+003, 2.3531845e-001
1.0680000e+003, 2.0620895e-001
1.0690000e+003, 1.8633517e-001
1.0700000e+003, 1.7953920e-001
1.0710000e+003, 1.8558935e-001
1.0720000e+003, 2.0081915e-001
1.0730000e+003, 2.1977710e-001
1.0740000e+003, 2.3719842e-001
1.0750000e+003, 2.4957558e-001
1.0760000e+003, 2.5583888e-001
1.0770000e+003, 2.5704809e-001
1.0780000e+003, 2.5537821e-001
1.0790000e+003, 2.5290992e-001
1.0800000e+003, 2.5073740e-001
1.0810000e+003, 2.4870581e-001
1.0820000e+003, 2.4579187e-001
1.0830000e+003, 2.4087156e-001
1.0840000e+003, 2.3348526e-001
1.0850000e+003, 2.2424902e-001
1.0860000e+003, 2.1473785e-001
1.0870000e+003, 2.0689782e-001
1.0880000e+003, 2.0223312e-001
1.0890000e+003, 2.0109361e-001
1.0900000e+003, 2.0234073e-001
1.0910000e+003, 2.0352372e-001
1.0920000e+003, 2.0151737e-001
1.0930000e+003, 1.9342021e-001
1.0940000e+003, 1.7743512e-001
1.0950000e+003, 1.5346916e-001
1.0960000e+003, 1.2327925e-001
1.0970000e+003, 9.0124047e-002
1.0980000e+003, 5.8016763e-002
1.0990000e+003, 3.0776398e-002
1.1000000e+003, 1.1122538e-002
1.1010000e+003, 4.4408004e-005
1.1020000e+003,-3.3958210e-003
1.1030000e+003,-1.7753954e-003
1.1040000e+003, 1.3874859e-003
1.1050000e+003, 2.5621807e-003
1.1060000e+003,-8.7897861e-004
1.1070000e+003,-9.9994255e-003
1.1080000e+003,-2.4063290e-002
1.1090000e+003,-4.0779980e-002
1.1100000e+003,-5.6948228e-002
1.1110000e+003,-6.9311369e-002
1.1120000e+003,-7.5385807e-002
1.1130000e+003,-7.4046112e-002
1.1140000e+003,-6.5731763e-002
1.1150000e+003,-5.2252593e-002
1.1160000e+003,-3.6275917e-002
1.1170000e+003,-2.0648851e-002
1.1180000e+003,-7.7307607e-003
1.1190000e+003, 1.1127756e-003
1.1200000e+003, 5.7559014e-003
1.1210000e+003, 7.2628951e-003
1.1220000e+003, 7.5670583e-003
1.1230000e+003, 8.9509531e-003
1.1240000e+003, 1.3437267e-002
1.1250000e+003, 2.2221558e-002
1.1260000e+003, 3.5280212e-002
1.1270000e+003, 5.1261738e-002
1.1280000e+003, 6.7713263e-002
1.1290000e+003, 8.1613473e-002
1.1300000e+003, 9.0097223e-002
1.1310000e+003, 9.1192717e-002
1.1320000e+003, 8.4373898e-002
1.1330000e+003, 7.0769419e-002
1.1340000e+003, 5.2956801e-002
1.1350000e+003, 3.4380975e-002
1.1360000e+003, 1.8537749e-002
1.1370000e+003, 8.1265879e-003
1.1380000e+003, 4.3873605e-003
1.1390000e+003, 6.7915253e-003
1.1400000e+003, 1.3171339e-002
1.1410000e+003, 2.0261515e-002
1.1420000e+003, 2.4521472e-002
1.1430000e+003, 2.3028966e-002
1.1440000e+003, 1.4210242e-002
1.1450000e+003,-1.7897549e-003
1.1460000e+003,-2.3195318e-002
1.1470000e+003,-4.7110676e-002
1.1480000e+003,-7.0289834e-002
1.1490000e+003,-8.9923592e-002
1.1500000e+003,-1.0420455e-001
1.1510000e+003,-1.1251783e-001
1.1520000e+003,-1.1524635e-001
1.1530000e+003,-1.1332075e-001
1.1540000e+003,-1.0772994e-001
1.1550000e+003,-9.9201867e-002
1.1560000e+003,-8.8170374e-002
1.1570000e+003,-7.5002343e-002
1.1580000e+003,-6.0332456e-002
1.1590000e+003,-4.5297851e-002
1.1600000e+003,-3.1506549e-002
1.1610000e+003,-2.0694897e-002
1.1620000e+003,-1.4177447e-002
1.1630000e+003,-1.2302481e-002
1.1640000e+003,-1.4148438e-002
1.1650000e+003,-1.7618587e-002
1.1660000e+003,-1.9943503e-002
1.1670000e+003,-1.8442498e-002
1.1680000e+003,-1.1290412e-002
1.1690000e+003, 1.9722018e-003
1.1700000e+003, 2.0354778e-002
1.1710000e+003, 4.1769585e-002
1.1720000e+003, 6.3671229e-002
1.1730000e+003, 8.3730912e-002
1.1740000e+003, 1.0029336e-001
1.1750000e+003, 1.1246698e-001
1.1760000e+003, 1.1986279e-001
1.1770000e+003, 1.2215769e-001
1.1780000e+003, 1.1874400e-001
1.1790000e+003, 1.0869749e-001
1.1800000e+003, 9.1156102e-002
1.1810000e+003, 6.6001705e-002
1.1820000e+003, 3.4561796e-002
1.1830000e+003,-2.3952154e-005
1.1840000e+003,-3.3051191e-002
1.1850000e+003,-5.9180696e-002
1.1860000e+003,-7.3845203e-002
1.1870000e+003,-7.4697038e-002
1.1880000e+003,-6.2571118e-002
1.1890000e+003,-4.1542879e-002
1.1900000e+003,-1.7940403e-002
1.1910000e+003, 1.4653165e-003
1.1920000e+003, 1.1548859e-002
1.1930000e+003, 1.0504615e-002
1.1940000e+003, 5.0303288e-004
1.1950000e+003,-1.2960716e-002
1.1960000e+003,-2.2874184e-002
1.1970000e+003,-2.3103017e-002
1.1980000e+003,-1.0566328e-002
1.1990000e+003, 1.3580159e-002
1.2000000e+003, 4.4208953e-002
1.2010000e+003, 7.3889500e-002
1.2020000e+003, 9.5404762e-002
1.2030000e+003, 1.0422502e-001
1.2040000e+003, 1.0002761e-001
1.2050000e+003, 8.6673014e-002
1.2060000e+003, 7.0610801e-002
1.2070000e+003, 5.8291633e-002
1.2080000e+003, 5.3571008e-002
1.2090000e+003, 5.6134978e-002
1.2100000e+003, 6.1618336e-002
1.2110000e+003, 6.3442380e-002
1.2120000e+003, 5.5713299e-002
1.2130000e+003, 3.6065132e-002
1.2140000e+003, 7.2962442e-003
1.2150000e+003,-2.2932555e-002
1.2160000e+003,-4.4345327e-002
1.2170000e+003,-4.7497089e-002
1.2180000e+003,-2.7185274e-002
1.2190000e+003, 1.5429609e-002
1.2200000e+003, 7.2793022e-002
1.2210000e+003, 1.3305064e-001
1.2220000e+003, 1.8352891e-001
1.2230000e+003, 2.1437693e-001
1.2240000e+003, 2.2112879e-001
1.2250000e+003, 2.0539399e-001
1.2260000e+003, 1.7360669e-001
1.2270000e+003, 1.3446949e-001
1.2280000e+003, 9.6140702e-002
1.2290000e+003, 6.4189393e-002
1.2300000e+003, 4.0919625e-002
1.2310000e+003, 2.6043347e-002
1.2320000e+003, 1.8131761e-002
1.2330000e+003, 1.6022670e-002
1.2340000e+003, 1.9493854e-002
1.2350000e+003, 2.8946539e-002
1.2360000e+003, 4.4369053e-002
1.2370000e+003, 6.4226124e-002
1.2380000e+003, 8.4976286e-002
1.2390000e+003, 1.0163498e-001
1.2400000e+003, 1.0930331e-001
1.2410000e+003, 1.0509482e-001
1.2420000e+003, 8.9636061e-002
1.2430000e+003, 6.7412931e-002
1.2440000e+003, 4.5658610e-002
1.2450000e+003, 3.2061813e-002
1.2460000e+003, 3.2079642e-002
1.2470000e+003, 4.6854382e-002
1.2480000e+003, 7.2560306e-002
1.2490000e+003, 1.0150082e-001
1.2500000e+003, 1.2462796e-001
1.2510000e+003, 1.3461467e-001
1.2520000e+003, 1.2838572e-001
1.2530000e+003, 1.0819502e-001
1.2540000e+003, 8.0860040e-002
1.2550000e+003, 5.5430834e-002
1.2560000e+003, 4.0133335e-002
1.2570000e+003, 3.9674317e-002
1.2580000e+003, 5.3840808e-002
1.2590000e+003, 7.7833822e-002
1.2600000e+003, 1.0413534e-001
1.2610000e+003, 1.2516146e-001
1.2620000e+003, 1.3570538e-001
1.2630000e+003, 1.3430554e-001
1.2640000e+003, 1.2312446e-001
1.2650000e+003, 1.0650902e-001
1.2660000e+003, 8.8895522e-002
1.2670000e+003, 7.2937205e-002
1.2680000e+003, 5.8597681e-002
1.2690000e+003, 4.3536120e-002
1.2700000e+003, 2.4580650e-002
1.2710000e+003,-3.4779037e-004
1.2720000e+003,-3.0675361e-002
1.2730000e+003,-6.2652290e-002
1.2740000e+003,-9.0142269e-002
1.2750000e+003,-1.0649754e-001
1.2760000e+003,-1.0687272e-001
1.2770000e+003,-9.0144302e-002
1.2780000e+003,-5.9716270e-002
1.2790000e+003,-2.2865937e-002
1.2800000e+003, 1.1213938e-002
1.2810000e+003, 3.4063831e-002
1.2820000e+003, 4.0432316e-002
1.2830000e+003, 2.9754846e-002
1.2840000e+003, 6.1402018e-003
1.2850000e+003,-2.3130594e-002
1.2860000e+003,-5.0081982e-002
1.2870000e+003,-6.8651001e-002
1.2880000e+003,-7.6529528e-002
1.2890000e+003,-7.5610741e-002
1.2900000e+003,-7.0896806e-002
1.2910000e+003,-6.8270531e-002
1.2920000e+003,-7.1946759e-002
1.2930000e+003,-8.2550901e-002
1.2940000e+003,-9.6568569e-002
1.2950000e+003,-1.0743462e-001
1.2960000e+003,-1.0794166e-001
1.2970000e+003,-9.3150995e-002
1.2980000e+003,-6.2760134e-002
1.2990000e+003,-2.2011122e-002
1.3000000e+003, 1.9318417e-002
1.3010000e+003, 4.9657375e-002
1.3020000e+003, 5.9317024e-002
1.3030000e+003, 4.3923178e-002
1.3040000e+003, 6.4255390e-003
1.3050000e+003,-4.3100663e-002
1.3060000e+003,-8.9967007e-002
1.3070000e+003,-1.1905232e-001
1.3080000e+003,-1.1942495e-001
1.3090000e+003,-8.7970928e-002
1.3100000e+003,-3.0838290e-002
1.3110000e+003, 3.7852799e-002
1.3120000e+003, 9.9747157e-002
1.3130000e+003, 1.3738273e-001
1.3140000e+003, 1.3920313e-001
1.3150000e+003, 1.0296545e-001
1.3160000e+003, 3.6536578e-002
1.3170000e+003,-4.4137088e-002
1.3180000e+003,-1.1925562e-001
1.3190000e+003,-1.7032532e-001
1.3200000e+003,-1.8476537e-001
1.3210000e+003,-1.5871131e-001
1.3220000e+003,-9.7367450e-002
1.3230000e+003,-1.3020379e-002
1.3240000e+003, 7.8503707e-002
1.3250000e+003, 1.6177812e-001
1.3260000e+003, 2.2496515e-001
1.3270000e+003, 2.6147960e-001
1.3280000e+003, 2.6992784e-001
1.3290000e+003, 2.5270223e-001
1.3300000e+003, 2.1399778e-001
1.3310000e+003, 1.5809573e-001
1.3320000e+003, 8.8526679e-002
1.3330000e+003, 8.2883069e-003
1.3340000e+003,-7.9177240e-002
1.3350000e+003,-1.6886829e-001
1.3360000e+003,-2.5366059e-001
1.3370000e+003,-3.2477475e-001
1.3380000e+003,-3.7334427e-001
1.3390000e+003,-3.9269749e-001
1.3400000e+003,-3.8062792e-001
1.3410000e+003,-3.4083116e-001
1.3420000e+003,-2.8287606e-001
1.3430000e+003,-2.2050184e-001
1.3440000e+003,-1.6856022e-001
1.3450000e+003,-1.3938258e-001
1.3460000e+003,-1.3959202e-001
1.3470000e+003,-1.6830958e-001
1.3480000e+003,-2.1732958e-001
1.3490000e+003,-2.7326860e-001
1.3500000e+003,-3.2110069e-001
1.3510000e+003,-3.4806795e-001
1.3520000e+003,-3.4684029e-001
1.3530000e+003,-3.1703500e-001
1.3540000e+003,-2.6472161e-001
1.3550000e+003,-2.0016527e-001
1.3560000e+003,-1.3459728e-001
1.3570000e+003,-7.7068303e-002
1.3580000e+003,-3.2355535e-002
1.3590000e+003,-4.9192344e-004
1.3600000e+003, 2.2091362e-002
1.3610000e+003, 4.0368248e-002
1.3620000e+003, 5.8357970e-002
1.3630000e+003, 7.7494907e-002
1.3640000e+003, 9.6297980e-002
1.3650000e+003, 1.1138556e-001
1.3660000e+003, 1.1935340e-001
1.3670000e+003, 1.1869860e-001
1.3680000e+003, 1.1095897e-001
1.3690000e+003, 1.0055054e-001
1.3700000e+003, 9.3308609e-002
1.3710000e+003, 9.4268896e-002
1.3720000e+003, 1.0555780e-001
1.3730000e+003, 1.2525994e-001
1.3740000e+003, 1.4778653e-001
1.3750000e+003, 1.6570358e-001
1.3760000e+003, 1.7240548e-001
1.3770000e+003, 1.6465903e-001
1.3780000e+003, 1.4404217e-001
1.3790000e+003, 1.1667505e-001
1.3800000e+003, 9.1259460e-002
1.3810000e+003, 7.6079626e-002
1.3820000e+003, 7.6030511e-002
1.3830000e+003, 9.0764549e-002
1.3840000e+003, 1.1466231e-001
1.3850000e+003, 1.3867253e-001
1.3860000e+003, 1.5337685e-001
1.3870000e+003, 1.5217697e-001
1.3880000e+003, 1.3345500e-001
1.3890000e+003, 1.0094258e-001
1.3900000e+003, 6.2205439e-002
1.3910000e+003, 2.5849712e-002
1.3920000e+003,-1.4838866e-003
1.3930000e+003,-1.7222896e-002
1.3940000e+003,-2.3320671e-002
1.3950000e+003,-2.4966773e-002
1.3960000e+003,-2.8105200e-002
1.3970000e+003,-3.6740748e-002
1.3980000e+003,-5.1058492e-002
1.3990000e+003,-6.7047459e-002
1.4000000e+003,-1.0957767e-001
1.4010000e+003,-7.2113676e-002
1.4020000e+003,-2.4452266e-002
1.4030000e+003, 2.4405989e-002
1.4040000e+003, 6.6779335e-002
1.4050000e+003, 9.7793789e-002
1.4060000e+003, 1.1592451e-001
1.4070000e+003, 1.2256150e-001
1.4080000e+003, 1.2086546e-001
1.4090000e+003, 1.1436730e-001
1.4100000e+003, 1.0579128e-001
1.4110000e+003, 9.6450042e-002
1.4120000e+003, 8.6324953e-002
1.4130000e+003, 7.4695030e-002
1.4140000e+003, 6.0998451e-002
1.4150000e+003, 4.5558321e-002
1.4160000e+003, 2.9886072e-002
1.4170000e+003, 1.6452701e-002
1.4180000e+003, 8.0204628e-003
1.4190000e+003, 6.7840930e-003
1.4200000e+003, 1.3629893e-002
1.4210000e+003, 2.7770137e-002
1.4220000e+003, 4.6873890e-002
1.4230000e+003, 6.7645928e-002
1.4240000e+003, 8.6662495e-002
1.4250000e+003, 1.0120192e-001
1.4260000e+003, 1.0982782e-001
1.4270000e+003, 1.1257764e-001
1.4280000e+003, 1.1074178e-001
1.4290000e+003, 1.0634021e-001
1.4300000e+003, 1.0147729e-001
1.4310000e+003, 9.7764222e-002
1.4320000e+003, 9.5949790e-002
1.4330000e+003, 9.5820211e-002
1.4340000e+003, 9.6347825e-002
1.4350000e+003, 9.6011403e-002
1.4360000e+003, 9.3187947e-002
1.4370000e+003, 8.6523168e-002
1.4380000e+003, 7.5212560e-002
1.4390000e+003, 5.9153434e-002
1.4400000e+003, 3.8952454e-002
1.4410000e+003, 1.5792689e-002
1.4420000e+003,-8.8159613e-003
1.4430000e+003,-3.3355517e-002
1.4440000e+003,-5.6615372e-002
1.4450000e+003,-7.7916999e-002
1.4460000e+003,-9.7169623e-002
1.4470000e+003,-1.1472104e-001
1.4480000e+003,-1.3103833e-001
1.4490000e+003,-1.4632930e-001
1.4500000e+003,-1.6026354e-001
1.4510000e+003,-1.7194154e-001
1.4520000e+003,-1.8018125e-001
1.4530000e+003,-1.8406223e-001
1.4540000e+003,-1.8353519e-001
1.4550000e+003,-1.7982693e-001
1.4560000e+003,-1.7539318e-001
1.4570000e+003,-1.7330624e-001
1.4580000e+003,-1.7617589e-001
1.4590000e+003,-1.8491995e-001
1.4600000e+003,-1.9783613e-001
1.4610000e+003,-2.1041157e-001
1.4620000e+003,-2.1611845e-001
1.4630000e+003,-2.0812565e-001
1.4640000e+003,-1.8150867e-001
1.4650000e+003,-1.3528747e-001
1.4660000e+003,-7.3575524e-002
1.4670000e+003,-5.3256523e-003
1.4680000e+003, 5.7431433e-002
1.4690000e+003, 1.0246966e-001
1.4700000e+003, 1.2058183e-001
1.4710000e+003, 1.0817134e-001
1.4720000e+003, 6.8413036e-002
1.4730000e+003, 1.0595523e-002
1.4740000e+003,-5.2185629e-002
1.4750000e+003,-1.0630837e-001
1.4760000e+003,-1.4092025e-001
1.4770000e+003,-1.5032184e-001
1.4780000e+003,-1.3483059e-001
1.4790000e+003,-1.0000973e-001
1.4800000e+003,-5.4637564e-002
1.4810000e+003,-8.1239203e-003
1.4820000e+003, 3.1838252e-002
1.4830000e+003, 6.0766091e-002
1.4840000e+003, 7.7740852e-002
1.4850000e+003, 8.4716903e-002
1.4860000e+003, 8.5177503e-002
1.4870000e+003, 8.2664905e-002
1.4880000e+003, 7.9666126e-002
1.4890000e+003, 7.7145594e-002
1.4900000e+003, 7.4759377e-002
1.4910000e+003, 7.1550901e-002
1.4920000e+003, 6.6786832e-002
1.4930000e+003, 6.0580608e-002
1.4940000e+003, 5.4062413e-002
1.4950000e+003, 4.9043186e-002
1.4960000e+003, 4.7318224e-002
1.4970000e+003, 4.9894309e-002
1.4980000e+003, 5.6456064e-002
1.4990000e+003, 6.5301081e-002
1.5000000e+003,-8.9877205e-002
1.5010000e+003,-6.8699958e-002
1.5020000e+003,-4.5075932e-002
1.5030000e+003,-2.4032931e-002
1.5040000e+003,-9.3461240e-003
1.5050000e+003,-2.8078173e-003
1.5060000e+003,-4.1577097e-003
1.5070000e+003,-1.1586515e-002
1.5080000e+003,-2.2557036e-002
1.5090000e+003,-3.4631381e-002
1.5100000e+003,-4.6054386e-002
1.5110000e+003,-5.5978597e-002
1.5120000e+003,-6.4359919e-002
1.5130000e+003,-7.1648073e-002
1.5140000e+003,-7.8417913e-002
1.5150000e+003,-8.5050799e-002
1.5160000e+003,-9.1518654e-002
1.5170000e+003,-9.7285295e-002
1.5180000e+003,-1.0133500e-001
1.5190000e+003,-1.0235133e-001
1.5200000e+003,-9.9066714e-002
1.5210000e+003,-9.0758137e-002
1.5220000e+003,-7.7779904e-002
1.5230000e+003,-6.1938577e-002
1.5240000e+003,-4.6485438e-002
1.5250000e+003,-3.5573277e-002
1.5260000e+003,-3.3198904e-002
1.5270000e+003,-4.1877241e-002
1.5280000e+003,-6.1474320e-002
1.5290000e+003,-8.8671445e-002
1.5300000e+003,-1.1739179e-001
1.5310000e+003,-1.4021959e-001
1.5320000e+003,-1.5047926e-001
1.5330000e+003,-1.4435516e-001
1.5340000e+003,-1.2234373e-001
1.5350000e+003,-8.9492252e-002
1.5360000e+003,-5.4250622e-002
1.5370000e+003,-2.6219234e-002
1.5380000e+003,-1.3454644e-002
1.5390000e+003,-2.0156638e-002
1.5400000e+003,-4.5446396e-002
1.5410000e+003,-8.3596464e-002
1.5420000e+003,-1.2561405e-001
1.5430000e+003,-1.6166938e-001
1.5440000e+003,-1.8363482e-001
1.5450000e+003,-1.8701969e-001
1.5460000e+003,-1.7182329e-001
1.5470000e+003,-1.4218568e-001
1.5480000e+003,-1.0506443e-001
1.5490000e+003,-6.8398550e-002
1.5500000e+003,-3.9282387e-002
1.5510000e+003,-2.2576038e-002
1.5520000e+003,-2.0184914e-002
1.5530000e+003,-3.1032636e-002
1.5540000e+003,-5.1595810e-002
1.5550000e+003,-7.6797933e-002
1.5560000e+003,-1.0106256e-001
1.5570000e+003,-1.1936521e-001
1.5580000e+003,-1.2815833e-001
1.5590000e+003,-1.2605280e-001
1.5600000e+003,-1.1413210e-001
1.5610000e+003,-9.5784965e-002
1.5620000e+003,-7.6002881e-002
1.5630000e+003,-6.0213293e-002
1.5640000e+003,-5.2879695e-002
1.5650000e+003,-5.6235065e-002
1.5660000e+003,-6.9553994e-002
1.5670000e+003,-8.9265164e-002
1.5680000e+003,-1.0996724e-001
1.5690000e+003,-1.2610651e-001
1.5700000e+003,-1.3381345e-001
1.5710000e+003,-1.3228544e-001
1.5720000e+003,-1.2420618e-001
1.5730000e+003,-1.1498975e-001
1.5740000e+003,-1.1103650e-001
1.5750000e+003,-1.1754605e-001
1.5760000e+003,-1.3661788e-001
1.5770000e+003,-1.6630532e-001
1.5780000e+003,-2.0098944e-001
1.5790000e+003,-2.3300163e-001
1.5800000e+003,-2.5499981e-001
1.5810000e+003,-2.6233570e-001
1.5820000e+003,-2.5463377e-001
1.5830000e+003,-2.3604197e-001
1.5840000e+003,-2.1403299e-001
1.5850000e+003,-1.9709949e-001
1.5860000e+003,-1.9204974e-001
1.5870000e+003,-2.0175814e-001
1.5880000e+003,-2.2410937e-001
1.5890000e+003,-2.5252475e-001
1.5900000e+003,-2.7797480e-001
1.5910000e+003,-2.9190531e-001
1.5920000e+003,-2.8918384e-001
1.5930000e+003,-2.7011732e-001
1.5940000e+003,-2.4083516e-001
1.5950000e+003,-2.1181742e-001
1.5960000e+003,-1.9493358e-001
1.5970000e+003,-1.9985842e-001
1.5980000e+003,-2.3097573e-001
1.5990000e+003,-2.8577124e-001
1.6000000e+003,-3.6143636e-001
1.6010000e+003,-3.8897783e-001
1.6020000e+003,-4.1241459e-001
1.6030000e+003,-4.2807319e-001
1.6040000e+003,-4.3478400e-001
1.6050000e+003,-4.3433511e-001
1.6060000e+003,-4.3092354e-001
1.6070000e+003,-4.2977207e-001
1.6080000e+003,-4.3535831e-001
1.6090000e+003,-4.4983482e-001
1.6100000e+003,-4.7216167e-001
1.6110000e+003,-4.9824571e-001
1.6120000e+003,-5.2205798e-001
1.6130000e+003,-5.3738626e-001
1.6140000e+003,-5.3967447e-001
1.6150000e+003,-5.2737099e-001
1.6160000e+003,-5.0236403e-001
1.6170000e+003,-4.6937302e-001
1.6180000e+003,-4.3449798e-001
1.6190000e+003,-4.0339429e-001
1.6200000e+003,-3.7965306e-001
1.6210000e+003,-3.6389091e-001
1.6220000e+003,-3.5381376e-001
1.6230000e+003,-3.4519991e-001
1.6240000e+003,-3.3345406e-001
1.6250000e+003,-3.1521525e-001
1.6260000e+003,-2.8950866e-001
1.6270000e+003,-2.5810623e-001
1.6280000e+003,-2.2503578e-001
1.6290000e+003,-1.9545458e-001
1.6300000e+003,-1.7428687e-001
1.6310000e+003,-1.6505931e-001
1.6320000e+003,-1.6925533e-001
1.6330000e+003,-1.8630097e-001
1.6340000e+003,-2.1407397e-001
1.6350000e+003,-2.4967215e-001
1.6360000e+003,-2.9013476e-001
1.6370000e+003,-3.3288154e-001
1.6380000e+003,-3.7578126e-001
1.6390000e+003,-4.1692180e-001
1.6400000e+003,-4.5426896e-001
1.6410000e+003,-4.8543329e-001
1.6420000e+003,-5.0770881e-001
1.6430000e+003,-5.1842960e-001
1.6440000e+003,-5.1555478e-001
1.6450000e+003,-4.9828868e-001
1.6460000e+003,-4.6750645e-001
1.6470000e+003,-4.2580111e-001
1.6480000e+003,-3.7708249e-001
1.6490000e+003,-3.2580431e-001
1.6500000e+003,-2.7602643e-001
1.6510000e+003,-2.3058747e-001
1.6520000e+003,-1.9064412e-001
1.6530000e+003,-1.5572725e-001
1.6540000e+003,-1.2430431e-001
1.6550000e+003,-9.4672019e-002
1.6560000e+003,-6.5889699e-002
1.6570000e+003,-3.8439783e-002
1.6580000e+003,-1.4380603e-002
1.6590000e+003, 3.0855454e-003
1.6600000e+003, 1.0517067e-002
1.6610000e+003, 5.3381487e-003
1.6620000e+003,-1.3206905e-002
1.6630000e+003,-4.3570317e-002
1.6640000e+003,-8.2072661e-002
1.6650000e+003,-1.2371152e-001
1.6660000e+003,-1.6338151e-001
1.6670000e+003,-1.9713608e-001
1.6680000e+003,-2.2309218e-001
1.6690000e+003,-2.4168187e-001
1.6700000e+003,-2.5516407e-001
1.6710000e+003,-2.6655941e-001
1.6720000e+003,-2.7837631e-001
1.6730000e+003,-2.9157981e-001
1.6740000e+003,-3.0517796e-001
1.6750000e+003,-3.1658260e-001
1.6760000e+003,-3.2261453e-001
1.6770000e+003,-3.2077502e-001
1.6780000e+003,-3.1029273e-001
1.6790000e+003,-2.9253096e-001
1.6800000e+003,-2.7058223e-001
1.6810000e+003,-2.4819841e-001
1.6820000e+003,-2.2847731e-001
1.6830000e+003,-2.1283917e-001
1.6840000e+003,-2.0072455e-001
1.6850000e+003,-1.9016216e-001
1.6860000e+003,-1.7899820e-001
1.6870000e+003,-1.6629158e-001
1.6880000e+003,-1.5328097e-001
1.6890000e+003,-1.4346874e-001
1.6900000e+003,-1.4169605e-001
1.6910000e+003,-1.5248045e-001
1.6920000e+003,-1.7819639e-001
1.6930000e+003,-2.1777834e-001
1.6940000e+003,-2.6646852e-001
1.6950000e+003,-3.1677125e-001
1.6960000e+003,-3.6034422e-001
1.6970000e+003,-3.9021469e-001
1.6980000e+003,-4.0258448e-001
1.6990000e+003,-3.9762948e-001
1.7000000e+003,-3.0673369e-001
1.7010000e+003,-2.8846215e-001
1.7020000e+003,-2.7347954e-001
1.7030000e+003,-2.6414648e-001
1.7040000e+003,-2.6049081e-001
1.7050000e+003,-2.5997278e-001
1.7060000e+003,-2.5818390e-001
1.7070000e+003,-2.5028444e-001
1.7080000e+003,-2.3272325e-001
1.7090000e+003,-2.0467029e-001
1.7100000e+003,-1.6866743e-001
1.7110000e+003,-1.3024307e-001
1.7120000e+003,-9.6563105e-002
1.7130000e+003,-7.4499426e-002
1.7140000e+003,-6.8686064e-002
1.7150000e+003,-8.0143831e-002
1.7160000e+003,-1.0588444e-001
1.7170000e+003,-1.3961105e-001
1.7180000e+003,-1.7330832e-001
1.7190000e+003,-1.9926154e-001
1.7200000e+003,-2.1193469e-001
1.7210000e+003,-2.0919835e-001
1.7220000e+003,-1.9260301e-001
1.7230000e+003,-1.6667450e-001
1.7240000e+003,-1.3748080e-001
1.7250000e+003,-1.1090788e-001
1.7260000e+003,-9.1137753e-002
1.7270000e+003,-7.9738656e-002
1.7280000e+003,-7.5584416e-002
1.7290000e+003,-7.5577406e-002
1.7300000e+003,-7.5924441e-002
1.7310000e+003,-7.3568419e-002
1.7320000e+003,-6.7346796e-002
1.7330000e+003,-5.8534991e-002
1.7340000e+003,-5.0611581e-002
1.7350000e+003,-4.8301839e-002
1.7360000e+003,-5.6158245e-002
1.7370000e+003,-7.7068136e-002
1.7380000e+003,-1.1110687e-001
1.7390000e+003,-1.5507280e-001
1.7400000e+003,-2.0286857e-001
1.7410000e+003,-2.4667531e-001
1.7420000e+003,-2.7865629e-001
1.7430000e+003,-2.9277913e-001
1.7440000e+003,-2.8629962e-001
1.7450000e+003,-2.6052004e-001
1.7460000e+003,-2.2060589e-001
1.7470000e+003,-1.7447642e-001
1.7480000e+003,-1.3101883e-001
1.7490000e+003,-9.8053852e-002
1.7500000e+003,-8.0554869e-002
1.7510000e+003,-7.9570660e-002
1.7520000e+003,-9.2132496e-002
1.7530000e+003,-1.1217785e-001
1.7540000e+003,-1.3225771e-001
1.7550000e+003,-1.4558153e-001
1.7560000e+003,-1.4785429e-001
1.7570000e+003,-1.3840637e-001
1.7580000e+003,-1.2030425e-001
1.7590000e+003,-9.9410565e-002
1.7600000e+003,-8.2658901e-002
1.7610000e+003,-7.6033669e-002
1.7620000e+003,-8.2830441e-002
1.7630000e+003,-1.0268727e-001
1.7640000e+003,-1.3164785e-001
1.7650000e+003,-1.6321260e-001
1.7660000e+003,-1.9004906e-001
1.7670000e+003,-2.0585498e-001
1.7680000e+003,-2.0684920e-001
1.7690000e+003,-1.9250464e-001
1.7700000e+003,-1.6538490e-001
1.7710000e+003,-1.3021642e-001
1.7720000e+003,-9.2537534e-002
1.7730000e+003,-5.7352133e-002
1.7740000e+003,-2.8162230e-002
1.7750000e+003,-6.5903140e-003
1.7760000e+003, 7.4086751e-003
1.7770000e+003, 1.4930767e-002
1.7780000e+003, 1.7387439e-002
1.7790000e+003, 1.5928245e-002
1.7800000e+003, 1.1195596e-002
1.7810000e+003, 3.4336401e-003
1.7820000e+003,-7.1689793e-003
1.7830000e+003,-2.0104530e-002
1.7840000e+003,-3.4337550e-002
1.7850000e+003,-4.8376705e-002
1.7860000e+003,-6.0614419e-002
1.7870000e+003,-6.9800637e-002
1.7880000e+003,-7.5449948e-002
1.7890000e+003,-7.7995328e-002
1.7900000e+003,-7.8594182e-002
1.7910000e+003,-7.8629868e-002
1.7920000e+003,-7.9082123e-002
1.7930000e+003,-8.0010321e-002
1.7940000e+003,-8.0372587e-002
1.7950000e+003,-7.8293777e-002
1.7960000e+003,-7.1733876e-002
1.7970000e+003,-5.9354739e-002
1.7980000e+003,-4.1295536e-002
1.7990000e+003,-1.9580343e-002
1.8000000e+003, 1.5343366e-003
1.8010000e+003, 1.2764721e-003
1.8020000e+003,-5.0180905e-003
1.8030000e+003,-2.1154447e-002
1.8040000e+003,-4.9838333e-002
1.8050000e+003,-9.1897971e-002
1.8060000e+003,-1.4587137e-001
1.8070000e+003,-2.0806762e-001
1.8080000e+003,-2.7310771e-001
1.8090000e+003,-3.3484539e-001
1.8100000e+003,-3.8748180e-001
1.8110000e+003,-4.2663598e-001
1.8120000e+003,-4.5013007e-001
1.8130000e+003,-4.5829909e-001
1.8140000e+003,-4.5373546e-001
1.8150000e+003,-4.4051415e-001
1.8160000e+003,-4.2308332e-001
1.8170000e+003,-4.0511085e-001
1.8180000e+003,-3.8861216e-001
1.8190000e+003,-3.7362561e-001
1.8200000e+003,-3.5855379e-001
1.8210000e+003,-3.4108761e-001
1.8220000e+003,-3.1943479e-001
1.8230000e+003,-2.9345164e-001
1.8240000e+003,-2.6527643e-001
1.8250000e+003,-2.3919599e-001
1.8260000e+003,-2.2071039e-001
1.8270000e+003,-2.1502383e-001
1.8280000e+003,-2.2539520e-001
1.8290000e+003,-2.5186011e-001
1.8300000e+003,-2.9075289e-001
1.8310000e+003,-3.3523576e-001
1.8320000e+003,-3.7674636e-001
1.8330000e+003,-4.0699801e-001
1.8340000e+003,-4.1999331e-001
1.8350000e+003,-4.1349586e-001
1.8360000e+003,-3.8955081e-001
1.8370000e+003,-3.5390867e-001
1.8380000e+003,-3.1450929e-001
1.8390000e+003,-2.7943669e-001
1.8400000e+003,-2.5489070e-001
1.8410000e+003,-2.4370391e-001
1.8420000e+003,-2.4477487e-001
1.8430000e+003,-2.5353870e-001
1.8440000e+003,-2.6332493e-001
1.8450000e+003,-2.6723028e-001
1.8460000e+003,-2.6001356e-001
1.8470000e+003,-2.3952844e-001
1.8480000e+003,-2.0733890e-001
1.8490000e+003,-1.6837947e-001
1.8500000e+003,-1.3822176e-001
1.8510000e+003,-1.0598688e-001
1.8520000e+003,-8.8027162e-002
1.8530000e+003,-8.8221383e-002
1.8540000e+003,-1.0707948e-001
1.8550000e+003,-1.4171448e-001
1.8560000e+003,-1.8647521e-001
1.8570000e+003,-2.3401485e-001
1.8580000e+003,-2.7652857e-001
1.8590000e+003,-3.0694494e-001
1.8600000e+003,-3.1995330e-001
1.8610000e+003,-3.1282388e-001
1.8620000e+003,-2.8598166e-001
1.8630000e+003,-2.4323117e-001
1.8640000e+003,-1.9145559e-001
1.8650000e+003,-1.3961724e-001
1.8660000e+003,-9.7028245e-002
1.8670000e+003,-7.1132939e-002
1.8680000e+003,-6.5348528e-002
1.8690000e+003,-7.7696012e-002
1.8700000e+003,-1.0087891e-001
1.8710000e+003,-1.2408639e-001
1.8720000e+003,-1.3620092e-001
1.8730000e+003,-1.2949360e-001
1.8740000e+003,-1.0255068e-001
1.8750000e+003,-6.1283232e-002
1.8760000e+003,-1.7451403e-002
1.8770000e+003, 1.4990357e-002
1.8780000e+003, 2.4572036e-002
1.8790000e+003, 6.3782438e-003
1.8800000e+003,-3.6006521e-002
1.8810000e+003,-9.1486510e-002
1.8820000e+003,-1.4512921e-001
1.8830000e+003,-1.8326574e-001
1.8840000e+003,-1.9818533e-001
1.8850000e+003,-1.9069715e-001
1.8860000e+003,-1.6959241e-001
1.8870000e+003,-1.4817951e-001
1.8880000e+003,-1.3915544e-001
1.8890000e+003,-1.4970495e-001
1.8900000e+003,-1.7864397e-001
1.8910000e+003,-2.1667220e-001
1.8920000e+003,-2.4965441e-001
1.8930000e+003,-2.6374052e-001
1.8940000e+003,-2.5047299e-001
1.8950000e+003,-2.1005403e-001
1.8960000e+003,-1.5163243e-001
1.8970000e+003,-9.0550619e-002
1.8980000e+003,-4.3561641e-002
1.8990000e+003,-2.3693661e-002
1.9000000e+003,-3.6484376e-002
1.9010000e+003,-7.8744308e-002
1.9020000e+003,-1.4007533e-001
1.9030000e+003,-2.0642768e-001
1.9040000e+003,-2.6436302e-001
1.9050000e+003,-3.0459507e-001
1.9060000e+003,-3.2378789e-001
1.9070000e+003,-3.2430597e-001
1.9080000e+003,-3.1233766e-001
1.9090000e+003,-2.9529025e-001
1.9100000e+003,-2.7944037e-001
1.9110000e+003,-2.6854368e-001
1.9120000e+003,-2.6362286e-001
1.9130000e+003,-2.6367872e-001
1.9140000e+003,-2.6678553e-001
1.9150000e+003,-2.7101662e-001
1.9160000e+003,-2.7485783e-001
1.9170000e+003,-2.7708158e-001
1.9180000e+003,-2.7632372e-001
1.9190000e+003,-2.7072449e-001
1.9200000e+003,-2.5793243e-001
1.9210000e+003,-2.3557503e-001
1.9220000e+003,-2.0206710e-001
1.9230000e+003,-1.5745590e-001
1.9240000e+003,-1.0395603e-001
1.9250000e+003,-4.5914869e-002
1.9260000e+003, 1.0866600e-002
1.9270000e+003, 6.0324229e-002
1.9280000e+003, 9.7533386e-002
1.9290000e+003, 1.1995125e-001
1.9300000e+003, 1.2815778e-001
1.9310000e+003, 1.2587569e-001
1.9320000e+003, 1.1922374e-001
1.9330000e+003, 1.1534225e-001
1.9340000e+003, 1.2068480e-001
1.9350000e+003, 1.3936419e-001
1.9360000e+003, 1.7195431e-001
1.9370000e+003, 2.1507153e-001
1.9380000e+003, 2.6189866e-001
1.9390000e+003, 3.0359523e-001
1.9400000e+003, 3.3130747e-001
1.9410000e+003, 3.3830791e-001
1.9420000e+003, 3.2171860e-001
1.9430000e+003, 2.8334202e-001
1.9440000e+003, 2.2933868e-001
1.9450000e+003, 1.6880365e-001
1.9460000e+003, 1.1161480e-001
1.9470000e+003, 6.6149742e-002
1.9480000e+003, 3.7513107e-002
1.9490000e+003, 2.6753158e-002
1.9500000e+003, 3.1224165e-002
1.9510000e+003, 4.5878477e-002
1.9520000e+003, 6.4985243e-002
1.9530000e+003, 8.3678400e-002
1.9540000e+003, 9.8867036e-002
1.9550000e+003, 1.0933738e-001
1.9560000e+003, 1.1520906e-001
1.9570000e+003, 1.1713698e-001
1.9580000e+003, 1.1568234e-001
1.9590000e+003, 1.1111153e-001
1.9600000e+003, 1.0361175e-001
1.9610000e+003, 9.3674975e-002
1.9620000e+003, 8.2316825e-002
1.9630000e+003, 7.0902855e-002
1.9640000e+003, 6.0596154e-002
1.9650000e+003, 5.1688152e-002
1.9660000e+003, 4.3196104e-002
1.9670000e+003, 3.3031703e-002
1.9680000e+003, 1.8791094e-002
1.9690000e+003,-1.0968786e-003
1.9700000e+003,-2.6347285e-002
1.9710000e+003,-5.4412878e-002
1.9720000e+003,-8.0962854e-002
1.9730000e+003,-1.0114356e-001
1.9740000e+003,-1.1116275e-001
1.9750000e+003,-1.0956400e-001
1.9760000e+003,-9.7655040e-002
1.9770000e+003,-7.8895101e-002
1.9780000e+003,-5.7490918e-002
1.9790000e+003,-3.6803849e-002
1.9800000e+003,-1.8266608e-002
1.9810000e+003,-1.2915512e-003
1.9820000e+003, 1.5794301e-002
1.9830000e+003, 3.4236942e-002
1.9840000e+003, 5.3517247e-002
1.9850000e+003, 7.0907936e-002
1.9860000e+003, 8.2275733e-002
1.9870000e+003, 8.3914305e-002
1.9880000e+003, 7.4678615e-002
1.9890000e+003, 5.7462008e-002
1.9900000e+003, 3.9237176e-002
1.9910000e+003, 2.9420958e-002
1.9920000e+003, 3.7011540e-002
1.9930000e+003, 6.7499718e-002
1.9940000e+003, 1.2073257e-001
1.9950000e+003, 1.9061524e-001
1.9960000e+003, 3.2133256e-001
1.9970000e+003, 3.5247351e-001
1.9980000e+003, 3.8309108e-001
1.9990000e+003, 4.1281514e-001
2.0000000e+003, 4.4294112e-001
2.0010000e+003, 4.7589413e-001
2.0020000e+003, 5.1398877e-001
2.0030000e+003, 5.5794466e-001
2.0040000e+003, 6.0577130e-001
2.0050000e+003, 6.5254678e-001
2.0060000e+003, 6.9131063e-001
