"Year";"Target ENSO index (ERSSTv4 Nino3.4, SST °C, anomalies wrt to 1981-2010)";"Full Period PC1 (Patched)";"Full Period PC1 upper CI";"Full Period PC1 lower CI";"Full Period PC1 31-year filtered";"Full Period PC1 31-year filtered upper CI";"Full Period PC1 31-year filtered lower CI"
1000;NA;-0.1191;1.2191;-1.4572;0.517;1.0979;-0.0511
1001;NA;-0.4158;0.9223;-1.754;0.5571;1.1345;-0.0145
1002;NA;1.0134;2.3515;-0.3248;0.5864;1.1616;0.0127
1003;NA;1.7161;3.0542;0.3779;0.6044;1.1789;0.0299
1004;NA;1.151;2.4892;-0.1871;0.6128;1.1871;0.0382
1005;NA;0.4915;1.8297;-0.8466;0.6134;1.1872;0.0383
1006;NA;0.8709;2.209;-0.4673;0.6056;1.1788;0.0298
1007;NA;1.7494;3.0875;0.4112;0.589;1.1608;0.0118
1008;NA;0.8732;2.2114;-0.465;0.563;1.1327;-0.0163
1009;NA;0.693;2.0312;-0.6451;0.5278;1.0951;-0.0538
1010;NA;-0.903;0.4352;-2.2412;0.4837;1.0488;-0.1002
1011;NA;-0.9629;0.3753;-2.3011;0.431;0.9942;-0.1548
1012;NA;0.322;1.6602;-1.0161;0.3612;0.9319;-0.217
1013;NA;-0.4434;0.8947;-1.7816;0.2736;0.856;-0.293
1014;NA;-0.0234;1.3148;-1.3616;0.1798;0.7645;-0.3845
1015;NA;0.4267;1.7649;-0.9114;0.0914;0.6647;-0.4843
1016;NA;0.8328;2.171;-0.5053;-0.0048;0.5637;-0.5853
1017;NA;-0.1354;1.2028;-1.4735;-0.1167;0.4686;-0.6803
1018;NA;1.4074;2.7455;0.0692;-0.2238;0.3867;-0.7623
1019;NA;0.4494;1.7876;-0.8887;-0.3061;0.3025;-0.8465
1020;NA;-0.9088;0.4293;-2.247;-0.3906;0.2038;-0.9452
1021;NA;-0.9562;0.3819;-2.2944;-0.497;0.1025;-1.0465
1022;NA;-1.1455;0.1926;-2.4837;-0.5938;0.0103;-1.1387
1023;NA;-0.1251;1.2131;-1.4633;-0.6496;-0.061;-1.2099
1024;NA;-1.3477;-0.0095;-2.6859;-0.6561;-0.0995;-1.2485
1025;NA;-1.3853;-0.0471;-2.7234;-0.6378;-0.0902;-1.2391
1026;NA;-1.6403;-0.3021;-2.9784;-0.6122;-0.0447;-1.1936
1027;NA;-1.465;-0.1268;-2.8032;-0.5965;0.0087;-1.1403
1028;NA;-1.0127;0.3254;-2.3509;-0.544;0.0414;-1.1076
1029;NA;0.9002;2.2384;-0.4379;-0.447;0.0992;-1.0497
1030;NA;1.2655;2.6037;-0.0726;-0.3815;0.198;-0.951
1031;NA;0.8476;2.1858;-0.4905;-0.3404;0.2644;-0.8845
1032;NA;-0.2317;1.1065;-1.5698;-0.2814;0.2796;-0.8694
1033;NA;0.0206;1.3587;-1.3176;-0.2273;0.277;-0.872
1034;NA;-1.007;0.3312;-2.3451;-0.2008;0.2618;-0.8872
1035;NA;-0.1143;1.2239;-1.4524;-0.2375;0.2392;-0.9097
1036;NA;-1.8524;-0.5143;-3.1906;-0.3266;0.2146;-0.9343
1037;NA;-0.7575;0.5807;-2.0957;-0.4218;0.1932;-0.9558
1038;NA;-0.0131;1.3251;-1.3512;-0.4766;0.168;-0.9809
1039;NA;-0.0214;1.3167;-1.3596;-0.5027;0.1344;-1.0145
1040;NA;-0.6222;0.716;-1.9604;-0.5334;0.1006;-1.0484
1041;NA;-0.681;0.6572;-2.0192;-0.5549;0.0747;-1.0743
1042;NA;-0.3783;0.9599;-1.7164;-0.5535;0.065;-1.084
1043;NA;0.4733;1.8114;-0.8649;-0.5175;0.0797;-1.0692
1044;NA;-0.7574;0.5808;-2.0956;-0.4559;0.1184;-1.0306
1045;NA;-1.493;-0.1549;-2.8312;-0.386;0.1716;-0.9774
1046;NA;-1.0941;0.2441;-2.4322;-0.3251;0.2344;-0.9146
1047;NA;0.4645;1.8026;-0.8737;-0.266;0.3018;-0.8471
1048;NA;0.0272;1.3654;-1.3109;-0.1956;0.369;-0.78
1049;NA;0.6494;1.9876;-0.6887;-0.1234;0.4308;-0.7181
1050;NA;-0.4949;0.8433;-1.8331;-0.0586;0.5109;-0.6381
1051;NA;-0.144;1.1942;-1.4822;0.0219;0.6169;-0.532
1052;NA;-0.5516;0.7866;-1.8897;0.1276;0.7206;-0.4284
1053;NA;0.6725;2.0107;-0.6656;0.2284;0.7934;-0.3556
1054;NA;0.3739;1.712;-0.9643;0.2946;0.8568;-0.2922
1055;NA;0.0565;1.3946;-1.2817;0.3345;0.9271;-0.2219
1056;NA;0.9333;2.2715;-0.4049;0.3702;0.9679;-0.181
1057;NA;0.4852;1.8234;-0.8529;0.3926;0.9681;-0.1809
1058;NA;0.234;1.5721;-1.1042;0.3921;0.9444;-0.2046
1059;NA;0.251;1.5891;-1.0872;0.3576;0.9032;-0.2458
1060;NA;0.9083;2.2465;-0.4298;0.3003;0.8507;-0.2983
1061;NA;0.0074;1.3455;-1.3308;0.2451;0.7931;-0.3558
1062;NA;-0.0318;1.3063;-1.37;0.1632;0.7367;-0.4122
1063;NA;0.1557;1.4939;-1.1824;0.0373;0.6576;-0.4914
1064;NA;0.5492;1.8873;-0.789;-0.091;0.5415;-0.6074
1065;NA;-0.4586;0.8796;-1.7968;-0.1804;0.4098;-0.7391
1066;NA;-0.3365;1.0016;-1.6747;-0.2569;0.2835;-0.8654
1067;NA;-0.6306;0.7076;-1.9687;-0.3526;0.1839;-0.965
1068;NA;-0.4387;0.8994;-1.7769;-0.4356;0.1321;-1.0169
1069;NA;-0.7325;0.6056;-2.0707;-0.4738;0.1287;-1.0202
1070;NA;-0.5847;0.7535;-1.9228;-0.4568;0.155;-0.994
1071;NA;-0.4026;0.9355;-1.7408;-0.4076;0.2027;-0.9462
1072;NA;0.139;1.4772;-1.1991;-0.3446;0.2637;-0.8852
1073;NA;-0.7882;0.5499;-2.1264;-0.286;0.3299;-0.8191
1074;NA;-0.9067;0.4315;-2.2448;-0.2022;0.393;-0.7559
1075;NA;-0.4516;0.8865;-1.7898;-0.0764;0.4812;-0.6678
1076;NA;0.3581;1.6963;-0.98;0.0539;0.6052;-0.5438
1077;NA;1.2567;2.5948;-0.0815;0.1513;0.731;-0.418
1078;NA;0.0828;1.421;-1.2553;0.2363;0.8247;-0.3243
1079;NA;0.611;1.9491;-0.7272;0.3384;0.9093;-0.2397
1080;NA;0.4897;1.8278;-0.8485;0.4337;1.0049;-0.1441
1081;NA;0.4831;1.8213;-0.8551;0.4985;1.073;-0.0759
1082;NA;0.4865;1.8247;-0.8516;0.5324;1.102;-0.0469
1083;NA;0.1647;1.5028;-1.1735;0.5516;1.1092;-0.0398
1084;NA;0.5355;1.8736;-0.8027;0.5572;1.0991;-0.0499
1085;NA;0.9433;2.2815;-0.3948;0.5503;1.0766;-0.0724
1086;NA;-0.0068;1.3313;-1.345;0.5164;1.0464;-0.1025
1087;NA;0.2273;1.5654;-1.1109;0.4542;1.0133;-0.1356
1088;NA;0.9783;2.3165;-0.3598;0.3844;0.9685;-0.1805
1089;NA;0.4881;1.8262;-0.8501;0.3274;0.9051;-0.2438
1090;NA;0.7806;2.1188;-0.5575;0.2698;0.8314;-0.3176
1091;NA;0.4348;1.773;-0.9033;0.1991;0.7551;-0.3938
1092;NA;-0.3982;0.94;-1.7363;0.1374;0.6844;-0.4646
1093;NA;-0.4553;0.8829;-1.7935;0.0637;0.6272;-0.5217
1094;NA;-0.3865;0.9516;-1.7247;-0.0363;0.5734;-0.5756
1095;NA;-0.1356;1.2026;-1.4737;-0.1301;0.5127;-0.6362
1096;NA;0.433;1.7712;-0.9051;-0.1851;0.4533;-0.6956
1097;NA;0.0478;1.386;-1.2904;-0.1996;0.4033;-0.7457
1098;NA;-0.284;1.0542;-1.6221;-0.1973;0.3707;-0.7782
1099;NA;-0.4744;0.8637;-1.8126;-0.1844;0.3637;-0.7853
1100;NA;0.1695;1.5076;-1.1687;-0.1669;0.3984;-0.7506
1101;NA;-0.892;0.4462;-2.2302;-0.1253;0.4672;-0.6818
1102;NA;-0.4941;0.8441;-1.8323;-0.0532;0.5425;-0.6065
1103;NA;-0.295;1.0432;-1.6332;0.0232;0.5965;-0.5524
1104;NA;0.8319;2.1701;-0.5062;0.0781;0.6483;-0.5007
1105;NA;-0.0606;1.2775;-1.3988;0.131;0.7146;-0.4344
1106;NA;0.5871;1.9252;-0.7511;0.2032;0.7648;-0.3842
1107;NA;0.9816;2.3197;-0.3566;0.2717;0.8012;-0.3477
1108;NA;0.2429;1.581;-1.0953;0.3133;0.8423;-0.3067
1109;NA;0.1174;1.4555;-1.2208;0.3333;0.8809;-0.2681
1110;NA;-0.0669;1.2713;-1.405;0.3482;0.9102;-0.2387
1111;NA;0.777;2.1152;-0.5611;0.3521;0.9233;-0.2257
1112;NA;-0.1593;1.1789;-1.4974;0.3386;0.9131;-0.2359
1113;NA;0.1454;1.4836;-1.1927;0.2848;0.8683;-0.2807
1114;NA;0.3156;1.6538;-1.0225;0.1935;0.7919;-0.3571
1115;NA;0.754;2.0922;-0.5841;0.0971;0.6987;-0.4503
1116;NA;0.2834;1.6215;-1.0548;0.0283;0.6035;-0.5454
1117;NA;0.0915;1.4296;-1.2467;-0.0299;0.5212;-0.6277
1118;NA;-0.0474;1.2908;-1.3856;-0.1028;0.4666;-0.6824
1119;NA;-1.0253;0.3129;-2.3634;-0.1699;0.4355;-0.7134
1120;NA;0.3009;1.6391;-1.0372;-0.2111;0.4131;-0.7359
1121;NA;-0.7363;0.6019;-2.0744;-0.2241;0.3977;-0.7512
1122;NA;-0.7767;0.5614;-2.1149;-0.2268;0.3879;-0.761
1123;NA;-0.3831;0.9551;-1.7212;-0.2289;0.3821;-0.7669
1124;NA;0.374;1.7122;-0.9642;-0.2064;0.3787;-0.7703
1125;NA;0.0237;1.3619;-1.3144;-0.1509;0.4003;-0.7487
1126;NA;-0.592;0.7462;-1.9301;-0.0954;0.4505;-0.6985
1127;NA;-0.41;0.9281;-1.7482;-0.073;0.4995;-0.6495
1128;NA;0.1718;1.51;-1.1663;-0.08;0.5175;-0.6315
1129;NA;0.3701;1.7083;-0.968;-0.0904;0.5017;-0.6473
1130;NA;0.141;1.4792;-1.1971;-0.1039;0.4768;-0.6722
1131;NA;0.1554;1.4936;-1.1827;-0.1204;0.4541;-0.6949
1132;NA;1.1481;2.4863;-0.19;-0.1663;0.4189;-0.7301
1133;NA;-0.8923;0.4459;-2.2304;-0.245;0.3586;-0.7904
1134;NA;-1.0466;0.2915;-2.3848;-0.3226;0.2873;-0.8616
1135;NA;-0.1058;1.2323;-1.444;-0.3648;0.2192;-0.9297
1136;NA;-0.7996;0.5386;-2.1378;-0.3764;0.1684;-0.9806
1137;NA;-0.9977;0.3404;-2.3359;-0.3838;0.1489;-1.0001
1138;NA;-0.9081;0.4301;-2.2462;-0.3851;0.1687;-0.9803
1139;NA;-0.0886;1.2496;-1.4267;-0.3783;0.2175;-0.9315
1140;NA;0.2459;1.584;-1.0923;-0.3368;0.2823;-0.8666
1141;NA;-0.2158;1.1224;-1.5539;-0.2586;0.3502;-0.7987
1142;NA;-0.5304;0.8078;-1.8685;-0.1786;0.4081;-0.7408
1143;NA;-0.702;0.6361;-2.0402;-0.1315;0.443;-0.7059
1144;NA;0.1866;1.5247;-1.1516;-0.1208;0.4532;-0.6958
1145;NA;0.5417;1.8798;-0.7965;-0.1203;0.4501;-0.6989
1146;NA;0.3035;1.6416;-1.0347;-0.1202;0.4404;-0.7086
1147;NA;0.623;1.9611;-0.7152;-0.1105;0.4307;-0.7182
1148;NA;0.1387;1.4769;-1.1995;-0.1073;0.4279;-0.7211
1149;NA;-0.2535;1.0846;-1.5917;-0.1209;0.4385;-0.7105
1150;NA;-0.7754;0.5628;-2.1135;-0.1331;0.4549;-0.6941
1151;NA;-0.9052;0.433;-2.2433;-0.1254;0.4684;-0.6805
1152;NA;-0.7926;0.5455;-2.1308;-0.096;0.4843;-0.6647
1153;NA;-0.2313;1.1069;-1.5694;-0.0602;0.5077;-0.6413
1154;NA;0.0658;1.404;-1.2724;-0.0258;0.5544;-0.5945
1155;NA;0.2865;1.6247;-1.0516;0.0314;0.6175;-0.5315
1156;NA;0.3431;1.6812;-0.9951;0.1198;0.6677;-0.4812
1157;NA;0.6446;1.9828;-0.6936;0.2082;0.718;-0.431
1158;NA;0.4598;1.798;-0.8783;0.2655;0.7902;-0.3587
1159;NA;0.4041;1.7423;-0.934;0.3105;0.8694;-0.2796
1160;NA;-0.14;1.1982;-1.4782;0.3671;0.9402;-0.2088
1161;NA;1.3605;2.6986;0.0223;0.4119;0.9874;-0.1616
1162;NA;-0.3081;1.03;-1.6463;0.4213;0.9958;-0.1532
1163;NA;0.367;1.7052;-0.9711;0.367;0.9484;-0.2006
1164;NA;0.4005;1.7387;-0.9376;0.2629;0.8527;-0.2962
1165;NA;0.0521;1.3903;-1.2861;0.1498;0.7309;-0.4181
1166;NA;0.1803;1.5184;-1.1579;0.0681;0.6048;-0.5441
1167;NA;0.4992;1.8374;-0.8389;-0.0085;0.4965;-0.6524
1168;NA;0.0295;1.3676;-1.3087;-0.1112;0.428;-0.721
1169;NA;-0.5563;0.7819;-1.8944;-0.2064;0.3915;-0.7575
1170;NA;-0.1627;1.1755;-1.5008;-0.2609;0.3641;-0.7848
1171;NA;0.1731;1.5112;-1.1651;-0.2716;0.3456;-0.8034
1172;NA;-1.3138;0.0244;-2.652;-0.2646;0.3352;-0.8137
1173;NA;-1.0929;0.2453;-2.431;-0.2497;0.3326;-0.8163
1174;NA;0.0177;1.3558;-1.3205;-0.2371;0.3374;-0.8116
1175;NA;-0.1306;1.2076;-1.4688;-0.2012;0.3733;-0.7756
1176;NA;-0.6465;0.6916;-1.9847;-0.1307;0.4438;-0.7051
1177;NA;-0.3429;0.9953;-1.6811;-0.0572;0.5173;-0.6317
1178;NA;1.0002;2.3384;-0.3379;-0.0124;0.562;-0.5869
1179;NA;1.0182;2.3564;-0.3199;0.0218;0.61;-0.5389
1180;NA;0.3726;1.7108;-0.9655;0.0703;0.6783;-0.4707
1181;NA;0.4641;1.8023;-0.8741;0.1116;0.713;-0.4359
1182;NA;-1.275;0.0631;-2.6132;0.1244;0.6898;-0.4592
1183;NA;-0.2818;1.0563;-1.62;0.0753;0.6306;-0.5183
1184;NA;0.0912;1.4293;-1.247;-0.012;0.5513;-0.5977
1185;NA;0.7553;2.0935;-0.5828;-0.0733;0.4676;-0.6813
1186;NA;-0.0696;1.2686;-1.4078;-0.1227;0.3955;-0.7535
1187;NA;-0.001;1.3371;-1.3392;-0.1979;0.3506;-0.7984
1188;NA;-0.1259;1.2123;-1.464;-0.2697;0.3331;-0.8159
1189;NA;-0.7392;0.599;-2.0773;-0.309;0.3294;-0.8195
1190;NA;-0.5212;0.8169;-1.8594;-0.3016;0.3353;-0.8136
1191;NA;-1.3239;0.0143;-2.6621;-0.2675;0.3465;-0.8024
1192;NA;-0.3989;0.9393;-1.737;-0.2287;0.3586;-0.7904
1193;NA;-0.0069;1.3313;-1.345;-0.2072;0.3673;-0.7817
1194;NA;0.3087;1.6468;-1.0295;-0.1886;0.3781;-0.7709
1195;NA;0.4553;1.7934;-0.8829;-0.1552;0.3964;-0.7525
1196;NA;-0.8385;0.4997;-2.1766;-0.1235;0.4178;-0.7312
1197;NA;0.347;1.6851;-0.9912;-0.1105;0.4377;-0.7113
1198;NA;-0.2625;1.0757;-1.6007;-0.1201;0.4515;-0.6975
1199;NA;-0.2955;1.0427;-1.6336;-0.1397;0.4547;-0.6943
1200;NA;0.6954;2.0335;-0.6428;-0.1609;0.4363;-0.7127
1201;NA;0.3053;1.6434;-1.0329;-0.1754;0.399;-0.75
1202;NA;0.0094;1.3475;-1.3288;-0.1945;0.3591;-0.7898
1203;NA;-0.951;0.3871;-2.2892;-0.2272;0.333;-0.816
1204;NA;-0.7821;0.5561;-2.1203;-0.2618;0.3147;-0.8343
1205;NA;-0.7524;0.5858;-2.0905;-0.2867;0.2925;-0.8565
1206;NA;-0.7493;0.5888;-2.0875;-0.3043;0.2734;-0.8755
1207;NA;-0.4729;0.8652;-1.8111;-0.3226;0.2599;-0.8891
1208;NA;0.0902;1.4284;-1.248;-0.3381;0.2497;-0.8993
1209;NA;0.1834;1.5216;-1.1548;-0.3474;0.2435;-0.9055
1210;NA;0.199;1.5372;-1.1391;-0.3442;0.2417;-0.9073
1211;NA;-0.1459;1.1922;-1.4841;-0.3291;0.2449;-0.9041
1212;NA;-0.5485;0.7896;-1.8867;-0.3091;0.2535;-0.8954
1213;NA;-0.2188;1.1194;-1.557;-0.291;0.2613;-0.8876
1214;NA;-0.0132;1.3249;-1.3514;-0.2798;0.2638;-0.8851
1215;NA;-1.1577;0.1804;-2.4959;-0.2715;0.2647;-0.8842
1216;NA;-0.2714;1.0668;-1.6095;-0.2593;0.2677;-0.8813
1217;NA;-0.5675;0.7707;-1.9056;-0.2506;0.2763;-0.8726
1218;NA;-0.4327;0.9055;-1.7709;-0.2491;0.2943;-0.8547
1219;NA;0.1046;1.4428;-1.2335;-0.2425;0.3363;-0.8127
1220;NA;-0.2097;1.1284;-1.5479;-0.2186;0.4058;-0.7431
1221;NA;0.2334;1.5716;-1.1048;-0.1505;0.49;-0.659
1222;NA;0.3413;1.6794;-0.9969;-0.045;0.5756;-0.5734
1223;NA;-0.0163;1.3219;-1.3544;0.0594;0.6496;-0.4993
1224;NA;-0.3245;1.0136;-1.6627;0.1246;0.6991;-0.4499
1225;NA;-0.454;0.8842;-1.7922;0.156;0.7304;-0.4185
1226;NA;0.2087;1.5469;-1.1294;0.1824;0.7568;-0.3921
1227;NA;0.0018;1.34;-1.3363;0.2003;0.7748;-0.3742
1228;NA;0.18;1.5182;-1.1581;0.2064;0.7809;-0.3681
1229;NA;1.2425;2.5807;-0.0956;0.1897;0.7627;-0.3863
1230;NA;0.9242;2.2624;-0.414;0.1522;0.7264;-0.4226
1231;NA;0.3129;1.6511;-1.0253;0.1096;0.6961;-0.4528
1232;NA;-0.0052;1.3329;-1.3434;0.0778;0.6623;-0.4866
1233;NA;-0.5698;0.7684;-1.908;0.0357;0.6068;-0.5422
1234;NA;-0.8507;0.4874;-2.1889;-0.031;0.541;-0.608
1235;NA;0.0738;1.4119;-1.2644;-0.0963;0.4766;-0.6723
1236;NA;-0.3073;1.0309;-1.6454;-0.1342;0.4253;-0.7237
1237;NA;0.0823;1.4205;-1.2558;-0.1457;0.3985;-0.7504
1238;NA;0.1269;1.4651;-1.2112;-0.1499;0.4025;-0.7464
1239;NA;0.1894;1.5276;-1.1488;-0.1482;0.4297;-0.7192
1240;NA;-1.0163;0.3219;-2.3544;-0.1418;0.4709;-0.678
1241;NA;-0.6778;0.6603;-2.016;-0.1135;0.5169;-0.6321
1242;NA;0.2369;1.5751;-1.1013;-0.0602;0.5585;-0.5905
1243;NA;0.4571;1.7953;-0.8811;-0.0041;0.5865;-0.5625
1244;NA;0.1857;1.5238;-1.1525;0.0323;0.6067;-0.5422
1245;NA;0.1119;1.45;-1.2263;0.0448;0.6298;-0.5192
1246;NA;0.1196;1.4578;-1.2185;0.0515;0.6538;-0.4951
1247;NA;0.2469;1.5851;-1.0912;0.0641;0.677;-0.4719
1248;NA;-0.0338;1.3044;-1.3719;0.0938;0.6974;-0.4515
1249;NA;0.8307;2.1689;-0.5074;0.1342;0.7132;-0.4357
1250;NA;-0.4431;0.895;-1.7813;0.1697;0.7222;-0.4268
1251;NA;0.1039;1.4421;-1.2343;0.185;0.7241;-0.4249
1252;NA;-0.6586;0.6796;-1.9968;0.1687;0.7205;-0.4285
1253;NA;-0.2424;1.0957;-1.5806;0.1319;0.7126;-0.4363
1254;NA;0.1482;1.4864;-1.1899;0.0927;0.6859;-0.463
1255;NA;0.5591;1.8972;-0.7791;0.0693;0.6451;-0.5039
1256;NA;1.1202;2.4584;-0.218;0.0554;0.6205;-0.5284
1257;NA;0.5796;1.9178;-0.7586;0.0377;0.6125;-0.5365
1258;NA;0.2294;1.5676;-1.1087;0.0237;0.6029;-0.5461
1259;NA;-0.2586;1.0796;-1.5967;0.021;0.5943;-0.5546
1260;NA;-0.8314;0.5067;-2.1696;0.0232;0.5896;-0.5593
1261;NA;-0.3903;0.9479;-1.7285;0.0226;0.5915;-0.5575
1262;NA;-0.7451;0.5931;-2.0832;0.0256;0.6026;-0.5464
1263;NA;-0.0395;1.2986;-1.3777;0.0384;0.6331;-0.5158
1264;NA;0.8534;2.1915;-0.4848;0.0772;0.6847;-0.4643
1265;NA;0.4512;1.7894;-0.887;0.1395;0.7473;-0.4017
1266;NA;0.122;1.4601;-1.2162;0.2032;0.811;-0.338
1267;NA;-0.1444;1.1938;-1.4826;0.2462;0.8657;-0.2833
1268;NA;0.3787;1.7169;-0.9595;0.289;0.9014;-0.2476
1269;NA;0.8277;2.1659;-0.5105;0.3501;0.9196;-0.2293
1270;NA;0.2893;1.6275;-1.0488;0.4052;0.9288;-0.2202
1271;NA;0.1797;1.5179;-1.1584;0.4297;0.9294;-0.2196
1272;NA;0.4282;1.7664;-0.91;0.4103;0.922;-0.227
1273;NA;1.0468;2.385;-0.2914;0.3631;0.907;-0.2419
1274;NA;0.5076;1.8457;-0.8306;0.3078;0.8852;-0.2638
1275;NA;0.035;1.3731;-1.3032;0.2642;0.85;-0.2989
1276;NA;0.264;1.6021;-1.0742;0.2237;0.8011;-0.3479
1277;NA;-0.0708;1.2674;-1.409;0.1729;0.7476;-0.4013
1278;NA;-0.2309;1.1073;-1.569;0.1243;0.6988;-0.4502
1279;NA;0.0547;1.3929;-1.2835;0.0675;0.6379;-0.511
1280;NA;-0.5166;0.8216;-1.8548;-0.005;0.5621;-0.5868
1281;NA;0.2137;1.5519;-1.1244;-0.0766;0.501;-0.648
1282;NA;0.394;1.7322;-0.9442;-0.1309;0.4568;-0.6922
1283;NA;-0.2572;1.081;-1.5953;-0.1715;0.4134;-0.7356
1284;NA;0.0758;1.414;-1.2624;-0.2105;0.3734;-0.7756
1285;NA;-0.1886;1.1496;-1.5267;-0.2433;0.3392;-0.8097
1286;NA;-0.2177;1.1204;-1.5559;-0.2652;0.3134;-0.8356
1287;NA;-0.4455;0.8927;-1.7837;-0.2712;0.2983;-0.8507
1288;NA;-0.7596;0.5786;-2.0978;-0.2652;0.2986;-0.8504
1289;NA;-0.3429;0.9952;-1.6811;-0.2558;0.3129;-0.836
1290;NA;-0.4134;0.9247;-1.7516;-0.2518;0.3347;-0.8143
1291;NA;-0.3446;0.9936;-1.6828;-0.2426;0.3572;-0.7918
1292;NA;0.1186;1.4567;-1.2196;-0.2206;0.3739;-0.7751
1293;NA;-0.3032;1.035;-1.6414;-0.1992;0.3781;-0.7709
1294;NA;0.0511;1.3892;-1.2871;-0.1918;0.3718;-0.7771
1295;NA;-0.5402;0.798;-1.8784;-0.1991;0.3625;-0.7864
1296;NA;0.0112;1.3493;-1.327;-0.2103;0.3518;-0.7972
1297;NA;0.3763;1.7144;-0.9619;-0.2214;0.341;-0.808
1298;NA;-0.0272;1.3109;-1.3654;-0.2285;0.3318;-0.8172
1299;NA;0.1436;1.4817;-1.1946;-0.247;0.3257;-0.8233
1300;NA;-0.3271;1.0111;-1.6652;-0.2829;0.3067;-0.8423
1301;NA;-0.9371;0.4011;-2.2753;-0.3172;0.271;-0.878
1302;NA;-0.9467;0.3915;-2.2848;-0.3311;0.2382;-0.9107
1303;NA;-0.4438;0.8943;-1.782;-0.3309;0.2283;-0.9206
1304;NA;-0.9641;0.374;-2.3023;-0.3308;0.2364;-0.9125
1305;NA;0.2515;1.5897;-1.0867;-0.3236;0.2489;-0.9
1306;NA;0.4138;1.752;-0.9244;-0.3025;0.272;-0.877
1307;NA;-0.0421;1.296;-1.3803;-0.2458;0.3207;-0.8283
1308;NA;-0.8657;0.4725;-2.2038;-0.1635;0.3971;-0.7518
1309;NA;0.3022;1.6403;-1.036;-0.0955;0.4885;-0.6604
1310;NA;-0.1227;1.2155;-1.4608;-0.0278;0.582;-0.5669
1311;NA;-0.6212;0.717;-1.9594;0.0628;0.6647;-0.4842
1312;NA;0.1746;1.5128;-1.1636;0.1503;0.7237;-0.4252
1313;NA;0.7738;2.1119;-0.5644;0.2087;0.7638;-0.3852
1314;NA;0.5742;1.9124;-0.7639;0.2418;0.7976;-0.3513
1315;NA;-0.4226;0.9155;-1.7608;0.2691;0.8243;-0.3247
1316;NA;0.5006;1.8388;-0.8376;0.2876;0.8428;-0.3061
1317;NA;0.7442;2.0824;-0.594;0.2945;0.8524;-0.2965
1318;NA;0.2822;1.6204;-1.0559;0.276;0.8522;-0.2968
1319;NA;0.0973;1.4354;-1.2409;0.2337;0.8325;-0.3165
1320;NA;0.1813;1.5195;-1.1568;0.1872;0.791;-0.3579
1321;NA;0.3959;1.7341;-0.9422;0.1565;0.7379;-0.4111
1322;NA;0.5023;1.8405;-0.8359;0.1279;0.6831;-0.4658
1323;NA;0.0035;1.3417;-1.3347;0.0848;0.6368;-0.5122
1324;NA;-0.3379;1.0003;-1.676;0.0425;0.6089;-0.5401
1325;NA;-0.4095;0.9287;-1.7476;0.0163;0.6003;-0.5487
1326;NA;-0.303;1.0352;-1.6411;0.0137;0.6004;-0.5486
1327;NA;0.0207;1.3589;-1.3174;0.0242;0.6022;-0.5467
1328;NA;-0.1038;1.2343;-1.442;0.0359;0.5988;-0.5501
1329;NA;-0.065;1.2732;-1.4032;0.037;0.6064;-0.5425
1330;NA;0.4731;1.8113;-0.865;0.0379;0.6276;-0.5214
1331;NA;0.7501;2.0883;-0.588;0.0493;0.6349;-0.5141
1332;NA;-0.0072;1.331;-1.3454;0.0599;0.6233;-0.5257
1333;NA;-0.5664;0.7717;-1.9046;0.0584;0.6068;-0.5422
1334;NA;0.3582;1.6963;-0.98;0.0384;0.5869;-0.5621
1335;NA;0.406;1.7442;-0.9321;0.0071;0.5651;-0.5839
1336;NA;0.1156;1.4538;-1.2226;-0.0264;0.5427;-0.6062
1337;NA;-0.2882;1.0499;-1.6264;-0.0531;0.5214;-0.6276
1338;NA;-0.3511;0.9871;-1.6893;-0.0927;0.4919;-0.657
1339;NA;-0.037;1.3012;-1.3752;-0.1481;0.45;-0.6989
1340;NA;-0.4475;0.8907;-1.7857;-0.1855;0.404;-0.745
1341;NA;-0.6263;0.7119;-1.9644;-0.2052;0.3622;-0.7868
1342;NA;0.1104;1.4485;-1.2278;-0.2249;0.333;-0.816
1343;NA;-0.0126;1.3255;-1.3508;-0.2372;0.3248;-0.8242
1344;NA;-0.2937;1.0445;-1.6318;-0.2344;0.3453;-0.8037
1345;NA;-0.4756;0.8625;-1.8138;-0.2007;0.3895;-0.7594
1346;NA;0.7216;2.0598;-0.6165;-0.1408;0.4472;-0.7018
1347;NA;-0.5264;0.8118;-1.8645;-0.0777;0.5078;-0.6411
1348;NA;-0.4852;0.853;-1.8234;-0.0346;0.561;-0.5879
1349;NA;-0.2902;1.048;-1.6283;-8e-04;0.5964;-0.5526
1350;NA;-0.0038;1.3344;-1.342;0.0413;0.6211;-0.5279
1351;NA;0.0514;1.3896;-1.2868;0.0795;0.6462;-0.5027
1352;NA;0.3156;1.6537;-1.0226;0.1014;0.6671;-0.4819
1353;NA;0.5459;1.8841;-0.7923;0.1048;0.6788;-0.4701
1354;NA;0.6525;1.9906;-0.6857;0.0997;0.6771;-0.4718
1355;NA;0.2969;1.635;-1.0413;0.0914;0.6674;-0.4816
1356;NA;-0.1446;1.1936;-1.4827;0.0853;0.6597;-0.4892
1357;NA;-0.0266;1.3116;-1.3647;0.0723;0.6467;-0.5023
1358;NA;-0.3477;0.9905;-1.6859;0.0463;0.6183;-0.5306
1359;NA;0.2628;1.6009;-1.0754;0.017;0.5814;-0.5675
1360;NA;-0.1899;1.1483;-1.528;-0.0057;0.5427;-0.6062
1361;NA;-0.6984;0.6398;-2.0366;-0.0291;0.5088;-0.6401
1362;NA;0.0521;1.3903;-1.286;-0.0605;0.4865;-0.6625
1363;NA;-0.2214;1.1168;-1.5596;-0.0896;0.4793;-0.6697
1364;NA;0.7064;2.0446;-0.6318;-0.1066;0.4834;-0.6655
1365;NA;-0.1457;1.1924;-1.4839;-0.1021;0.4944;-0.6546
1366;NA;-0.3457;0.9925;-1.6838;-0.0826;0.5075;-0.6415
1367;NA;0.3629;1.7011;-0.9752;-0.0615;0.5183;-0.6306
1368;NA;-0.0102;1.3279;-1.3484;-0.0522;0.5223;-0.6267
1369;NA;-0.365;0.9731;-1.7032;-0.0636;0.5156;-0.6334
1370;NA;-0.4883;0.8499;-1.8264;-0.0832;0.5008;-0.6481
1371;NA;-0.4551;0.883;-1.7933;-0.0927;0.4831;-0.6659
1372;NA;0.2889;1.627;-1.0493;-0.0941;0.4674;-0.6816
1373;NA;0.7393;2.0775;-0.5989;-0.0981;0.4586;-0.6903
1374;NA;0.1676;1.5058;-1.1705;-0.0991;0.4619;-0.687
1375;NA;-0.4746;0.8635;-1.8128;-0.0913;0.4864;-0.6626
1376;NA;-0.4431;0.895;-1.7813;-0.0639;0.5275;-0.6214
1377;NA;-0.6796;0.6585;-2.0178;-0.0206;0.5698;-0.5792
1378;NA;0.0284;1.3666;-1.3098;0.0227;0.5976;-0.5514
1379;NA;0.2336;1.5717;-1.1046;0.0498;0.6153;-0.5337
1380;NA;0.0067;1.3448;-1.3315;0.064;0.6341;-0.5149
1381;NA;0.5281;1.8662;-0.8101;0.0782;0.6487;-0.5003
1382;NA;0.2997;1.6379;-1.0384;0.0907;0.6651;-0.4838
1383;NA;-0.4444;0.8937;-1.7826;0.0998;0.6887;-0.4603
1384;NA;0.6996;2.0377;-0.6386;0.1197;0.7127;-0.4362
1385;NA;0.5637;1.9019;-0.7744;0.1526;0.7307;-0.4183
1386;NA;-0.0206;1.3176;-1.3587;0.1783;0.7359;-0.413
1387;NA;-0.1792;1.159;-1.5173;0.1769;0.7219;-0.4271
1388;NA;-0.1239;1.2142;-1.4621;0.142;0.6916;-0.4573
1389;NA;-0.3086;1.0296;-1.6467;0.0874;0.6525;-0.4965
1390;NA;-0.1868;1.1513;-1.525;0.0233;0.6041;-0.5448
1391;NA;0.4076;1.7458;-0.9305;-0.0401;0.5463;-0.6026
1392;NA;0.1011;1.4393;-1.237;-0.1145;0.4789;-0.67
1393;NA;0.3957;1.7339;-0.9424;-0.2076;0.4016;-0.7473
1394;NA;0.5991;1.9373;-0.7391;-0.3028;0.3144;-0.8346
1395;NA;-0.948;0.3901;-2.2862;-0.3834;0.2173;-0.9316
1396;NA;-1.066;0.2722;-2.4041;-0.473;0.1105;-1.0385
1397;NA;-0.5684;0.7697;-1.9066;-0.5868;-0.0062;-1.1552
1398;NA;-1.1627;0.1755;-2.5008;-0.6954;-0.1328;-1.2817
1399;NA;-0.3706;0.9675;-1.7088;-0.7694;-0.2691;-1.4181
1400;NA;-0.9025;0.2554;-2.0605;-0.826;-0.706;-1.3768
1401;NA;-0.7369;0.421;-1.8949;-0.8842;-0.6576;-1.3284
1402;NA;-1.5469;-0.3889;-2.7048;-0.9173;-0.6072;-1.278
1403;NA;-0.6643;0.4936;-1.8222;-0.9064;-0.5543;-1.2251
1404;NA;-0.6627;0.4952;-1.8207;-0.8634;-0.499;-1.1698
1405;NA;-1.0803;0.0776;-2.2383;-0.8079;-0.4419;-1.1127
1406;NA;-0.2226;0.9353;-1.3805;-0.7596;-0.383;-1.0538
1407;NA;-1.7514;-0.5934;-2.9093;-0.709;-0.3216;-0.9924
1408;NA;-0.3024;0.8556;-1.4603;-0.6409;-0.2572;-0.928
1409;NA;-0.696;0.4619;-1.854;-0.5662;-0.1905;-0.8613
1410;NA;0.3477;1.5057;-0.8102;-0.4959;-0.1223;-0.7931
1411;NA;-0.2676;0.8904;-1.4255;-0.4215;-0.0532;-0.724
1412;NA;0.0889;1.2469;-1.069;-0.3347;0.016;-0.6548
1413;NA;-1.1078;0.0501;-2.2658;-0.2462;0.0939;-0.5769
1414;NA;-0.7078;0.4501;-1.8658;-0.1666;0.1847;-0.4861
1415;NA;0.102;1.2599;-1.056;-0.0812;0.2805;-0.3903
1416;NA;-0.2084;0.9495;-1.3663;0.0189;0.3737;-0.2971
1417;NA;0.7038;1.8617;-0.4542;0.1145;0.4566;-0.2142
1418;NA;-0.2257;0.9322;-1.3837;0.1862;0.5216;-0.1492
1419;NA;0.7181;1.8761;-0.4398;0.25;0.5723;-0.0985
1420;NA;-0.0652;1.0928;-1.2231;0.3214;0.6161;-0.0547
1421;NA;0.9015;2.0594;-0.2564;0.3807;0.6508;-0.02
1422;NA;-0.1488;1.0091;-1.3068;0.408;0.6743;0.0035
1423;NA;-0.2835;0.8745;-1.4414;0.3797;0.6843;0.0135
1424;NA;1.5638;2.7217;0.4058;0.3091;0.6787;0.0079
1425;NA;0.386;1.5439;-0.772;0.2317;0.6275;-0.0433
1426;NA;0.5259;1.6839;-0.632;0.1829;0.5311;-0.1397
1427;NA;0.9117;2.0697;-0.2462;0.14;0.4334;-0.2374
1428;NA;0.2367;1.3947;-0.9212;0.0738;0.378;-0.2928
1429;NA;-0.8033;0.3547;-1.9612;0.0105;0.3487;-0.3221
1430;NA;-1.1817;-0.0237;-2.3396;-0.0237;0.3137;-0.3571
1431;NA;-0.6171;0.5409;-1.775;-0.036;0.2938;-0.377
1432;NA;0.1793;1.3372;-0.9787;-0.0457;0.3013;-0.3695
1433;NA;-0.2074;0.9505;-1.3654;-0.0451;0.3297;-0.3411
1434;NA;-0.0928;1.0652;-1.2507;-0.0126;0.3717;-0.2991
1435;NA;0.1391;1.2971;-1.0188;0.0511;0.4202;-0.2506
1436;NA;0.7556;1.9135;-0.4024;0.1211;0.4679;-0.2029
1437;NA;0.453;1.6109;-0.705;0.1723;0.5077;-0.1631
1438;NA;0.5107;1.6686;-0.6472;0.2196;0.5448;-0.126
1439;NA;0.6551;1.813;-0.5029;0.2829;0.5865;-0.0843
1440;NA;-0.0651;1.0928;-1.2231;0.344;0.6288;-0.042
1441;NA;-0.0352;1.1228;-1.1931;0.3848;0.6672;-0.0036
1442;NA;0.2796;1.4376;-0.8783;0.3991;0.6977;0.0269
1443;NA;-0.0832;1.0748;-1.2411;0.3983;0.7159;0.0451
1444;NA;1.4599;2.6178;0.302;0.3909;0.7218;0.051
1445;NA;0.2638;1.4218;-0.8941;0.3851;0.7198;0.049
1446;NA;0.1066;1.2645;-1.0514;0.3789;0.7119;0.0411
1447;NA;-0.0755;1.0825;-1.2334;0.3668;0.7002;0.0294
1448;NA;0.6818;1.8398;-0.4761;0.3523;0.687;0.0162
1449;NA;0.155;1.313;-1.0029;0.3388;0.6742;0.0034
1450;NA;0.4977;1.6556;-0.6603;0.3319;0.6673;-0.0035
1451;NA;0.5138;1.6717;-0.6442;0.329;0.6644;-0.0064
1452;NA;0.2515;1.4094;-0.9064;0.3216;0.657;-0.0138
1453;NA;0.9361;2.094;-0.2219;0.3011;0.6365;-0.0343
1454;NA;0.2566;1.4145;-0.9014;0.2652;0.6028;-0.068
1455;NA;-0.1557;1.0023;-1.3136;0.22;0.5627;-0.1081
1456;NA;-0.5617;0.5963;-1.7196;0.1699;0.5178;-0.153
1457;NA;-0.721;0.437;-1.8789;0.119;0.4606;-0.2102
1458;NA;0.8009;1.9588;-0.3571;0.0531;0.3876;-0.2832
1459;NA;0.5362;1.6941;-0.6218;-0.0318;0.3069;-0.3639
1460;NA;0.7282;1.8861;-0.4298;-0.1162;0.2267;-0.4441
1461;NA;0.2633;1.4212;-0.8947;-0.1805;0.1552;-0.5156
1462;NA;-0.4984;0.6596;-1.6563;-0.2297;0.1003;-0.5705
1463;NA;-1.2567;-0.0988;-2.4147;-0.2777;0.0561;-0.6147
1464;NA;-0.6058;0.5521;-1.7638;-0.3186;0.0124;-0.6584
1465;NA;-0.5224;0.6355;-1.6804;-0.3566;-0.0291;-0.6999
1466;NA;-0.5408;0.6171;-1.6988;-0.3962;-0.0667;-0.7375
1467;NA;-0.2309;0.927;-1.3889;-0.4319;-0.0986;-0.7694
1468;NA;0.0036;1.1616;-1.1543;-0.4584;-0.123;-0.7938
1469;NA;-0.8214;0.3365;-1.9794;-0.4732;-0.1383;-0.8091
1470;NA;-0.4735;0.6844;-1.6315;-0.4782;-0.1443;-0.8151
1471;NA;0.1521;1.3101;-1.0058;-0.4743;-0.1415;-0.8123
1472;NA;-0.7698;0.3882;-1.9277;-0.4627;-0.1302;-0.801
1473;NA;-0.125;1.033;-1.2829;-0.4454;-0.1108;-0.7816
1474;NA;-0.4934;0.6645;-1.6514;-0.423;-0.0839;-0.7547
1475;NA;-0.4204;0.7375;-1.5783;-0.3945;-0.0458;-0.7166
1476;NA;-0.4121;0.7458;-1.5701;-0.3586;0.0026;-0.6682
1477;NA;-0.7073;0.4507;-1.8652;-0.2995;0.0544;-0.6164
1478;NA;-0.6045;0.5534;-1.7625;-0.2172;0.1029;-0.5679
1479;NA;-0.3599;0.7981;-1.5178;-0.1341;0.1736;-0.4972
1480;NA;0.1904;1.3484;-0.9675;-0.0729;0.2662;-0.4046
1481;NA;0.0855;1.2435;-1.0724;-0.0218;0.3341;-0.3367
1482;NA;0.1586;1.3166;-0.9993;0.0379;0.3713;-0.2995
1483;NA;-0.1056;1.0524;-1.2635;0.0945;0.4034;-0.2674
1484;NA;0.5925;1.7505;-0.5654;0.136;0.4313;-0.2395
1485;NA;0.3814;1.5394;-0.7765;0.1542;0.4561;-0.2147
1486;NA;1.0549;2.2129;-0.103;0.1571;0.4788;-0.192
1487;NA;-0.2427;0.9153;-1.4006;0.157;0.5005;-0.1703
1488;NA;0.1;1.258;-1.0579;0.1664;0.5192;-0.1516
1489;NA;0.2528;1.4108;-0.9051;0.1819;0.5323;-0.1385
1490;NA;-0.5491;0.6089;-1.707;0.1922;0.5407;-0.1301
1491;NA;-0.5691;0.5889;-1.727;0.198;0.5448;-0.126
1492;NA;0.4619;1.6199;-0.696;0.1997;0.5454;-0.1254
1493;NA;0.1226;1.2806;-1.0353;0.2073;0.5431;-0.1277
1494;NA;0.288;1.4459;-0.87;0.2197;0.5442;-0.1266
1495;NA;-0.0438;1.1141;-1.2018;0.221;0.5512;-0.1196
1496;NA;0.8842;2.0422;-0.2737;0.2181;0.5592;-0.1116
1497;NA;0.6698;1.8277;-0.4882;0.2214;0.5632;-0.1076
1498;NA;0.3155;1.4734;-0.8425;0.2201;0.558;-0.1128
1499;NA;0.6083;1.7662;-0.5497;0.2034;0.5388;-0.132
1500;NA;0.2492;1.4072;-0.9087;0.1514;0.4868;-0.184
1501;NA;-0.3614;0.7966;-1.5193;0.0694;0.4048;-0.266
1502;NA;-0.3282;0.8297;-1.4862;-0.0161;0.3193;-0.3515
1503;NA;-0.5187;0.6392;-1.6767;-0.0785;0.2569;-0.4139
1504;NA;-0.1217;1.0362;-1.2797;-0.1322;0.1977;-0.4731
1505;NA;0.1218;1.2798;-1.0361;-0.1983;0.1255;-0.5453
1506;NA;0.1563;1.3143;-1.0016;-0.2606;0.0717;-0.5991
1507;NA;-0.4706;0.6874;-1.6285;-0.3029;0.0472;-0.6236
1508;NA;-0.6138;0.5442;-1.7717;-0.3166;0.0384;-0.6324
1509;NA;-1.0635;0.0944;-2.2215;-0.3116;0.0406;-0.6302
1510;NA;-0.2603;0.8976;-1.4183;-0.2999;0.0489;-0.6219
1511;NA;0.5887;1.7466;-0.5693;-0.2931;0.0587;-0.6121
1512;NA;-0.3045;0.8534;-1.4624;-0.2824;0.0651;-0.6057
1513;NA;-0.1888;0.9692;-1.3467;-0.2591;0.0695;-0.6013
1514;NA;-0.0618;1.0961;-1.2197;-0.2349;0.0757;-0.5951
1515;NA;-0.519;0.639;-1.6769;-0.2217;0.0833;-0.5875
1516;NA;-0.7881;0.3698;-1.9461;-0.224;0.0916;-0.5792
1517;NA;-0.3563;0.8016;-1.5142;-0.2331;0.1;-0.5708
1518;NA;0.1604;1.3184;-0.9975;-0.2406;0.1079;-0.5629
1519;NA;0.3424;1.5004;-0.8155;-0.2381;0.1135;-0.5572
1520;NA;0.313;1.4709;-0.8449;-0.2312;0.1172;-0.5536
1521;NA;-0.7901;0.3678;-1.9481;-0.227;0.1217;-0.5491
1522;NA;-0.4913;0.6667;-1.6492;-0.2195;0.1294;-0.5414
1523;NA;-0.2478;0.9101;-1.4058;-0.2026;0.1433;-0.5275
1524;NA;0.1197;1.2776;-1.0383;-0.1767;0.1658;-0.505
1525;NA;-0.9843;0.1736;-2.1423;-0.1465;0.1905;-0.4803
1526;NA;0.318;1.476;-0.8399;-0.1124;0.2134;-0.4574
1527;NA;-0.642;0.516;-1.7999;-0.0723;0.2413;-0.4295
1528;NA;0.0612;1.2192;-1.0967;-0.0252;0.2806;-0.3902
1529;NA;0.3658;1.5237;-0.7921;0.0271;0.3521;-0.3187
1530;NA;0.6922;1.8501;-0.4657;0.0828;0.4462;-0.2246
1531;NA;0.3312;1.4892;-0.8267;0.169;0.5244;-0.1464
1532;NA;-0.0951;1.0628;-1.2531;0.2884;0.5886;-0.0822
1533;NA;0.0964;1.2544;-1.0615;0.4027;0.6608;-0.01
1534;NA;0.2783;1.4363;-0.8796;0.4736;0.733;0.0622
1535;NA;-0.19;0.968;-1.3479;0.4995;0.7966;0.1258
1536;NA;0.8877;2.0456;-0.2703;0.5091;0.8436;0.1728
1537;NA;0.7495;1.9075;-0.4084;0.5095;0.8656;0.1948
1538;NA;0.4001;1.5581;-0.7578;0.5078;0.859;0.1882
1539;NA;1.5115;2.6695;0.3536;0.4916;0.8312;0.1604
1540;NA;1.1696;2.3275;0.0116;0.455;0.7912;0.1204
1541;NA;0.842;1.9999;-0.316;0.4149;0.7475;0.0767
1542;NA;-0.4925;0.6655;-1.6504;0.3883;0.709;0.0382
1543;NA;0.0498;1.2077;-1.1082;0.3591;0.6842;0.0134
1544;NA;-0.5538;0.6041;-1.7118;0.3118;0.6666;-0.0042
1545;NA;0.0761;1.234;-1.0819;0.2643;0.6453;-0.0255
1546;NA;0.214;1.3719;-0.944;0.2345;0.6228;-0.048
1547;NA;0.4003;1.5583;-0.7576;0.2313;0.6015;-0.0693
1548;NA;0.2212;1.3792;-0.9367;0.2433;0.5837;-0.0871
1549;NA;0.563;1.7209;-0.595;0.2577;0.5717;-0.0991
1550;NA;0.2753;1.4333;-0.8826;0.2618;0.5787;-0.0921
1551;NA;0.6198;1.7778;-0.5381;0.2657;0.6045;-0.0663
1552;NA;0.0352;1.1931;-1.1228;0.2806;0.632;-0.0388
1553;NA;-0.1127;1.0452;-1.2707;0.2959;0.644;-0.0268
1554;NA;0.8345;1.9925;-0.3234;0.3009;0.6358;-0.035
1555;NA;0.7927;1.9506;-0.3653;0.2909;0.6194;-0.0514
1556;NA;0.6225;1.7805;-0.5354;0.2726;0.6035;-0.0673
1557;NA;-0.55;0.6079;-1.708;0.2529;0.5897;-0.0811
1558;NA;0.0787;1.2366;-1.0793;0.2358;0.5733;-0.0975
1559;NA;-0.137;1.0209;-1.2949;0.2182;0.5533;-0.1175
1560;NA;0.0901;1.248;-1.0678;0.1959;0.5286;-0.1422
1561;NA;0.0497;1.2077;-1.1082;0.1646;0.4981;-0.1727
1562;NA;0.1042;1.2622;-1.0537;0.1245;0.4607;-0.2101
1563;NA;0.4594;1.6173;-0.6986;0.0796;0.4154;-0.2554
1564;NA;0.2438;1.4017;-0.9141;0.0314;0.3632;-0.3076
1565;NA;0.9021;2.06;-0.2559;-0.0188;0.3063;-0.3645
1566;NA;-0.0707;1.0872;-1.2287;-0.0799;0.247;-0.4238
1567;NA;-0.6377;0.5203;-1.7956;-0.1542;0.1876;-0.4832
1568;NA;-0.6261;0.5319;-1.784;-0.2295;0.1304;-0.5404
1569;NA;-0.0788;1.0792;-1.2367;-0.2939;0.062;-0.6088
1570;NA;-0.678;0.48;-1.8359;-0.3698;-0.0244;-0.6952
1571;NA;-0.5941;0.5638;-1.7521;-0.4683;-0.1168;-0.7876
1572;NA;-0.2907;0.8672;-1.4487;-0.5609;-0.2034;-0.8742
1573;NA;-0.358;0.7999;-1.516;-0.6187;-0.2722;-0.943
1574;NA;-0.9081;0.2499;-2.066;-0.6339;-0.3114;-0.9822
1575;NA;-0.5784;0.5796;-1.7363;-0.6268;-0.3124;-0.9832
1576;NA;-0.658;0.5;-1.8159;-0.6099;-0.2866;-0.9574
1577;NA;-1.1149;0.043;-2.2729;-0.5961;-0.252;-0.9228
1578;NA;-0.1424;1.0155;-1.3004;-0.5785;-0.2267;-0.8975
1579;NA;-1.2579;-0.1;-2.4159;-0.5471;-0.2046;-0.8754
1580;NA;-0.4058;0.7522;-1.5637;-0.5105;-0.1733;-0.8441
1581;NA;0.1345;1.2924;-1.0235;-0.4768;-0.1414;-0.8122
1582;NA;-0.272;0.886;-1.4299;-0.4403;-0.1051;-0.7759
1583;NA;-0.213;0.945;-1.3709;-0.3936;-0.0576;-0.7284
1584;NA;-0.2391;0.9189;-1.397;-0.3428;-0.0036;-0.6744
1585;NA;-0.6979;0.4601;-1.8558;-0.2942;0.0525;-0.6183
1586;NA;-0.0411;1.1168;-1.1991;-0.2378;0.1063;-0.5645
1587;NA;-0.3036;0.8543;-1.4616;-0.1727;0.1533;-0.5175
1588;NA;-0.1186;1.0393;-1.2766;-0.1191;0.1956;-0.4752
1589;NA;-1.1604;-0.0025;-2.3184;-0.0651;0.2376;-0.4332
1590;NA;0.4692;1.6272;-0.6887;0.0015;0.279;-0.3918
1591;NA;0.4055;1.5634;-0.7525;0.061;0.3191;-0.3517
1592;NA;-0.5666;0.5913;-1.7246;0.0938;0.3574;-0.3134
1593;NA;0.6228;1.7807;-0.5352;0.1063;0.3933;-0.2775
1594;NA;0.5791;1.737;-0.5789;0.1145;0.4271;-0.2437
1595;NA;0.6856;1.8436;-0.4723;0.1128;0.4591;-0.2117
1596;NA;-0.6249;0.5331;-1.7828;0.0958;0.4896;-0.1812
1597;NA;0.2576;1.4155;-0.9004;0.0314;0.5184;-0.1524
1598;NA;0.0143;1.1722;-1.1437;-0.0789;0.5455;-0.1253
1599;NA;0.2463;1.4043;-0.9116;-0.1909;0.5711;-0.0997
1600;NA;0.111;1.2667;-1.0446;-0.2601;-0.2161;-1.0062
1601;NA;-0.9538;0.2019;-2.1094;-0.2972;-0.163;-0.9532
1602;NA;-0.3052;0.8504;-1.4609;-0.3377;-0.1137;-0.9038
1603;NA;-0.5852;0.5705;-1.7408;-0.3736;-0.0679;-0.858
1604;NA;-1.1982;-0.0425;-2.3538;-0.3972;-0.0262;-0.8163
1605;NA;-0.7937;0.362;-1.9494;-0.3969;0.0115;-0.7786
1606;NA;-0.5847;0.571;-1.7403;-0.3763;0.0457;-0.7444
1607;NA;-0.3217;0.834;-1.4773;-0.3504;0.0781;-0.712
1608;NA;-0.1343;1.0214;-1.29;-0.3346;0.1092;-0.681
1609;NA;0.299;1.4547;-0.8566;-0.3119;0.1377;-0.6524
1610;NA;0.6022;1.7579;-0.5534;-0.2683;0.1626;-0.6275
1611;NA;0.3105;1.4662;-0.8451;-0.2232;0.1827;-0.6074
1612;NA;-0.581;0.5746;-1.7367;-0.1959;0.1968;-0.5933
1613;NA;-0.2468;0.9089;-1.4024;-0.1913;0.1948;-0.5953
1614;NA;-0.6643;0.4914;-1.8199;-0.198;0.1727;-0.6174
1615;NA;-0.8151;0.3406;-1.9707;-0.2112;0.1386;-0.6516
1616;NA;-0.4567;0.6989;-1.6124;-0.226;0.1004;-0.6897
1617;NA;-0.2839;0.8717;-1.4396;-0.2744;0.0663;-0.7239
1618;NA;-0.3778;0.7779;-1.5334;-0.3509;0.0442;-0.7459
1619;NA;0.3227;1.4783;-0.833;-0.3949;0.0304;-0.7597
1620;NA;0.1722;1.3279;-0.9834;-0.4021;0.0185;-0.7717
1621;NA;-0.2659;0.8897;-1.4216;-0.405;0.0119;-0.7782
1622;NA;-0.1766;0.9791;-1.3322;-0.3977;0.0146;-0.7755
1623;NA;-0.4548;0.7008;-1.6105;-0.3743;0.0302;-0.7599
1624;NA;-1.0465;0.1092;-2.2021;-0.3309;0.0624;-0.7277
1625;NA;-0.8613;0.2944;-2.0169;-0.2732;0.1161;-0.6741
1626;NA;-1.1234;0.0323;-2.279;-0.2103;0.1855;-0.6046
1627;NA;0.3931;1.5487;-0.7626;-0.1511;0.2586;-0.5315
1628;NA;0.2872;1.4428;-0.8685;-0.0722;0.3235;-0.4667
1629;NA;-0.0416;1.1141;-1.1972;0.0365;0.4134;-0.3768
1630;NA;0.7967;1.9523;-0.359;0.1461;0.532;-0.2582
1631;NA;-0.5708;0.5849;-1.7264;0.2275;0.6226;-0.1676
1632;NA;0.4943;1.6499;-0.6614;0.3026;0.6828;-0.1073
1633;NA;0.36;1.5156;-0.7957;0.3948;0.7441;-0.046
1634;NA;1.3072;2.4629;0.1515;0.4772;0.8004;0.0103
1635;NA;1.1623;2.318;0.0067;0.5229;0.8457;0.0556
1636;NA;0.1472;1.3028;-1.0085;0.5077;0.8739;0.0837
1637;NA;-0.3168;0.8388;-1.4725;0.4482;0.8789;0.0888
1638;NA;0.5256;1.6813;-0.63;0.379;0.849;0.0589
1639;NA;0.0521;1.2077;-1.1036;0.3346;0.7872;-0.0029
1640;NA;0.8802;2.0358;-0.2755;0.295;0.7094;-0.0807
1641;NA;0.1389;1.2945;-1.0168;0.2336;0.6315;-0.1586
1642;NA;1.1161;2.2717;-0.0396;0.1751;0.5694;-0.2207
1643;NA;-0.3515;0.8042;-1.5071;0.1441;0.5392;-0.251
1644;NA;-0.6138;0.5418;-1.7695;0.1508;0.5405;-0.2496
1645;NA;0.0556;1.2113;-1.1;0.1771;0.5577;-0.2324
1646;NA;0.065;1.2206;-1.0907;0.2057;0.5836;-0.2065
1647;NA;0.0511;1.2068;-1.1045;0.2187;0.6109;-0.1792
1648;NA;-0.6339;0.5218;-1.7895;0.2277;0.6322;-0.1579
1649;NA;0.3032;1.4589;-0.8525;0.2445;0.6403;-0.1498
1650;NA;0.8884;2.044;-0.2673;0.2524;0.6504;-0.1397
1651;NA;1.5374;2.6931;0.3818;0.2615;0.6726;-0.1175
1652;NA;0.9649;2.1206;-0.1907;0.2826;0.6923;-0.0978
1653;NA;0.2649;1.4206;-0.8908;0.2999;0.6948;-0.0953
1654;NA;-0.2595;0.8961;-1.4152;0.2978;0.6778;-0.1124
1655;NA;-0.7312;0.4244;-1.8869;0.2616;0.6516;-0.1386
1656;NA;0.0048;1.1605;-1.1508;0.1997;0.6204;-0.1697
1657;NA;0.3312;1.4868;-0.8245;0.1313;0.5744;-0.2157
1658;NA;0.3523;1.508;-0.8033;0.0755;0.5077;-0.2824
1659;NA;-0.1586;0.9971;-1.3142;0.0212;0.4304;-0.3597
1660;NA;0.2199;1.3756;-0.9358;-0.0455;0.3529;-0.4372
1661;NA;0.0738;1.2295;-1.0818;-0.1099;0.2852;-0.5049
1662;NA;0.0321;1.1877;-1.1236;-0.1575;0.2376;-0.5525
1663;NA;-0.2045;0.9511;-1.3602;-0.1775;0.2098;-0.5803
1664;NA;-0.7599;0.3958;-1.9155;-0.1802;0.1917;-0.5984
1665;NA;-0.0259;1.1297;-1.1816;-0.1819;0.1785;-0.6117
1666;NA;-0.4571;0.6986;-1.6127;-0.1988;0.1652;-0.6249
1667;NA;0.1566;1.3123;-0.999;-0.2372;0.1471;-0.643
1668;NA;-1.0116;0.144;-2.1673;-0.2857;0.1193;-0.6708
1669;NA;-0.044;1.1117;-1.1996;-0.334;0.0764;-0.7137
1670;NA;-0.2823;0.8733;-1.438;-0.3718;0.0221;-0.7681
1671;NA;0.2136;1.3692;-0.9421;-0.4132;-0.035;-0.8251
1672;NA;-0.2889;0.8668;-1.4445;-0.4662;-0.0858;-0.8759
1673;NA;-0.6411;0.5145;-1.7968;-0.5111;-0.1215;-0.9116
1674;NA;-0.167;0.9886;-1.3227;-0.5283;-0.1333;-0.9234
1675;NA;-0.612;0.5437;-1.7676;-0.5278;-0.1327;-0.9229
1676;NA;-1.0215;0.1342;-2.1771;-0.526;-0.131;-0.9211
1677;NA;-0.624;0.5316;-1.7797;-0.5135;-0.1184;-0.9085
1678;NA;-0.8097;0.3459;-1.9654;-0.4804;-0.0854;-0.8755
1679;NA;-0.9554;0.2002;-2.1111;-0.4075;-0.0124;-0.8026
1680;NA;-0.4239;0.7317;-1.5796;-0.3071;0.088;-0.7022
1681;NA;-0.017;1.1387;-1.1726;-0.2174;0.1777;-0.6125
1682;NA;0.0479;1.2036;-1.1078;-0.1043;0.2804;-0.5097
1683;NA;0.5037;1.6593;-0.652;0.0581;0.4282;-0.3619
1684;NA;0.1415;1.2971;-1.0142;0.2195;0.5953;-0.1948
1685;NA;-0.0147;1.141;-1.1703;0.3293;0.756;-0.0341
1686;NA;0.6839;1.8396;-0.4717;0.4156;0.8844;0.0942
1687;NA;0.7684;1.924;-0.3873;0.5165;0.9547;0.1645
1688;NA;0.6997;1.8554;-0.456;0.5971;0.9637;0.1735
1689;NA;0.5574;1.713;-0.5983;0.6224;0.9323;0.1422
1690;NA;0.4268;1.5824;-0.7289;0.5669;0.8711;0.081
1691;NA;0.1889;1.3446;-0.9667;0.455;0.7905;4e-04
1692;NA;0.5604;1.7161;-0.5952;0.3257;0.7011;-0.089
1693;NA;0.6372;1.7928;-0.5185;0.2182;0.6133;-0.1769
1694;NA;0.9478;2.1035;-0.2078;0.0896;0.499;-0.2912
1695;NA;0.6595;1.8152;-0.4961;-0.0929;0.3395;-0.4506
1696;NA;-0.9328;0.2228;-2.0885;-0.2753;0.1596;-0.6305
1697;NA;-0.8987;0.257;-2.0543;-0.4034;-0.0161;-0.8063
1698;NA;-1.1707;-0.015;-2.3263;-0.5055;-0.163;-0.9531
1699;NA;-0.9252;0.2304;-2.0809;-0.6244;-0.2563;-1.0465
1700;NA;-1.0175;0.1381;-2.1732;-0.7281;-0.3083;-1.0984
1701;NA;-0.7845;0.3712;-1.9401;-0.7847;-0.3453;-1.1354
1702;NA;-0.7731;0.3826;-1.9287;-0.7711;-0.364;-1.1541
1703;NA;-0.3572;0.7985;-1.5128;-0.7077;-0.3611;-1.1512
1704;NA;-0.694;0.4616;-1.8497;-0.6279;-0.2851;-1.0752
1705;NA;-0.6969;0.4587;-1.8526;-0.5651;-0.1498;-0.9399
1706;NA;-0.5711;0.5846;-1.7267;-0.4924;-0.0491;-0.8392
1707;NA;-0.3193;0.8363;-1.475;-0.3822;0.009;-0.7811
1708;NA;-0.3778;0.7779;-1.5334;-0.2676;0.0765;-0.7136
1709;NA;0.1842;1.3399;-0.9714;-0.1816;0.1494;-0.6407
1710;NA;0.1633;1.319;-0.9923;-0.1301;0.2235;-0.5666
1711;NA;-0.3347;0.821;-1.4903;-0.0866;0.2949;-0.4953
1712;NA;0.4399;1.5955;-0.7158;-0.0357;0.3593;-0.4308
1713;NA;0.5956;1.7512;-0.5601;0.0311;0.4229;-0.3672
1714;NA;-0.1068;1.0489;-1.2624;0.1047;0.4911;-0.299
1715;NA;-0.1723;0.9834;-1.3279;0.174;0.5589;-0.2312
1716;NA;-0.4589;0.6967;-1.6146;0.2279;0.6214;-0.1687
1717;NA;-0.4469;0.7087;-1.6026;0.2719;0.6737;-0.1164
1718;NA;0.1219;1.2776;-1.0337;0.315;0.7109;-0.0792
1719;NA;0.7866;1.9422;-0.3691;0.351;0.7367;-0.0534
1720;NA;0.7053;1.861;-0.4503;0.3736;0.7579;-0.0322
1721;NA;0.9636;2.1193;-0.192;0.385;0.7738;-0.0163
1722;NA;0.6837;1.8394;-0.4719;0.3916;0.7837;-0.0064
1723;NA;1.0188;2.1745;-0.1368;0.3927;0.787;-0.0032
1724;NA;0.054;1.2096;-1.1017;0.3878;0.7829;-0.0072
1725;NA;-0.0242;1.1314;-1.1799;0.3608;0.7559;-0.0342
1726;NA;0.0336;1.1893;-1.122;0.3091;0.7041;-0.086
1727;NA;0.1486;1.3043;-1.007;0.2526;0.6477;-0.1425
1728;NA;0.2886;1.4443;-0.8671;0.2114;0.6065;-0.1837
1729;NA;0.6338;1.7894;-0.5219;0.1823;0.5699;-0.2202
1730;NA;-0.4516;0.704;-1.6073;0.1507;0.5248;-0.2653
1731;NA;-0.3532;0.8024;-1.5089;0.1188;0.4873;-0.3029
1732;NA;0.1468;1.3025;-1.0088;0.0893;0.4623;-0.3278
1733;NA;0.2748;1.4305;-0.8809;0.0691;0.4427;-0.3475
1734;NA;0.207;1.3626;-0.9487;0.0576;0.4259;-0.3642
1735;NA;0.1012;1.2568;-1.0545;0.0463;0.4097;-0.3804
1736;NA;0.2383;1.3939;-0.9174;0.0265;0.3916;-0.3985
1737;NA;0.3621;1.5178;-0.7935;-0.015;0.3694;-0.4207
1738;NA;-0.2899;0.8658;-1.4455;-0.0727;0.346;-0.4441
1739;NA;-0.1721;0.9835;-1.3278;-0.1269;0.3257;-0.4644
1740;NA;0.0906;1.2462;-1.0651;-0.1582;0.3079;-0.4822
1741;NA;0.0828;1.2385;-1.0728;-0.1543;0.2917;-0.4984
1742;NA;-0.3306;0.8251;-1.4862;-0.136;0.2766;-0.5135
1743;NA;-0.5742;0.5815;-1.7298;-0.1332;0.2619;-0.5283
1744;NA;-0.9449;0.2108;-2.1005;-0.1367;0.2473;-0.5428
1745;NA;-0.601;0.5547;-1.7566;-0.1283;0.2326;-0.5575
1746;NA;-0.3001;0.8555;-1.4558;-0.1245;0.2163;-0.5739
1747;NA;0.5477;1.7034;-0.6079;-0.1417;0.197;-0.5931
1748;NA;0.0585;1.2142;-1.0971;-0.1936;0.1736;-0.6165
1749;NA;0.5369;1.6926;-0.6188;-0.2671;0.1446;-0.6455
1750;NA;0.2673;1.423;-0.8883;-0.338;0.0896;-0.7005
1751;NA;0.4127;1.5683;-0.743;-0.3822;0.0096;-0.7806
1752;NA;-0.4784;0.6773;-1.634;-0.4256;-0.0644;-0.8546
1753;NA;-0.5435;0.6121;-1.6992;-0.4904;-0.1014;-0.8915
1754;NA;-1.5495;-0.3938;-2.7051;-0.5473;-0.1283;-0.9184
1755;NA;-1.4395;-0.2839;-2.5952;-0.5669;-0.1663;-0.9564
1756;NA;-1.1744;-0.0188;-2.3301;-0.5453;-0.1762;-0.9664
1757;NA;-0.9212;0.2345;-2.0769;-0.5049;-0.1323;-0.9224
1758;NA;-0.4282;0.7274;-1.5839;-0.4553;-0.0465;-0.8366
1759;NA;0.0572;1.2129;-1.0984;-0.4063;0.0639;-0.7263
1760;NA;-0.3172;0.8385;-1.4728;-0.3135;0.1814;-0.6088
1761;NA;0.3681;1.5238;-0.7875;-0.1625;0.2888;-0.5014
1762;NA;0.0041;1.1597;-1.1516;-0.0086;0.3687;-0.4214
1763;NA;0.4715;1.6272;-0.6841;0.0932;0.4282;-0.3619
1764;NA;0.2068;1.3625;-0.9488;0.1472;0.484;-0.3061
1765;NA;0.3179;1.4735;-0.8378;0.1929;0.533;-0.2571
1766;NA;0.8375;1.9931;-0.3182;0.2275;0.5722;-0.2179
1767;NA;0.2063;1.3619;-0.9494;0.2483;0.5985;-0.1916
1768;NA;-0.6123;0.5434;-1.7679;0.2312;0.6091;-0.181
1769;NA;-0.1;1.0557;-1.2557;0.1756;0.5953;-0.1948
1770;NA;0.1341;1.2897;-1.0216;0.1133;0.558;-0.2321
1771;NA;0.6111;1.7667;-0.5446;0.0764;0.5082;-0.2819
1772;NA;0.0844;1.2401;-1.0712;0.0517;0.4568;-0.3334
1773;NA;-0.3996;0.7561;-1.5552;0.0188;0.4148;-0.3753
1774;NA;0.2136;1.3692;-0.9421;-0.0019;0.3932;-0.3969
1775;NA;-0.24;0.9157;-1.3956;0.005;0.4001;-0.39
1776;NA;0.19;1.3457;-0.9656;0.0296;0.4247;-0.3654
1777;NA;0.1529;1.3086;-1.0027;0.0544;0.4495;-0.3407
1778;NA;-0.3859;0.7697;-1.5416;0.0618;0.4569;-0.3333
1779;NA;-0.0524;1.1032;-1.2081;0.0419;0.4384;-0.3518
1780;NA;0.4058;1.5615;-0.7499;0.0072;0.4103;-0.3798
1781;NA;-0.2501;0.9056;-1.4057;-0.026;0.3924;-0.3978
1782;NA;0.1161;1.2718;-1.0395;-0.0416;0.3855;-0.4046
1783;NA;0.2742;1.4299;-0.8814;-0.0504;0.3794;-0.4107
1784;NA;0.3769;1.5325;-0.7788;-0.0649;0.3772;-0.4129
1785;NA;0.3335;1.4892;-0.8221;-0.0719;0.3817;-0.4085
1786;NA;-0.2553;0.9003;-1.411;-0.0581;0.3959;-0.3942
1787;NA;-0.5649;0.5908;-1.7205;-0.0092;0.4228;-0.3673
1788;NA;-0.198;0.9577;-1.3536;0.0646;0.4601;-0.3301
1789;NA;-0.8038;0.3518;-1.9595;0.1397;0.5028;-0.2873
1790;NA;-0.7441;0.4115;-1.8998;0.1928;0.5505;-0.2396
1791;NA;0.6642;1.8199;-0.4914;0.2465;0.6024;-0.1877
1792;NA;1.1423;2.2979;-0.0134;0.322;0.6579;-0.1322
1793;NA;0.7184;1.8741;-0.4372;0.3935;0.7164;-0.0737
1794;NA;0.3999;1.5556;-0.7557;0.4356;0.7783;-0.0118
1795;NA;1.1461;2.3017;-0.0096;0.4607;0.8444;0.0543
1796;NA;0.8891;2.0448;-0.2665;0.4885;0.9148;0.1247
1797;NA;0.6116;1.7673;-0.544;0.5048;0.9894;0.1993
1798;NA;0.0772;1.2329;-1.0784;0.495;1.0682;0.278
1799;NA;0.4528;1.6085;-0.7028;0.4267;1.1511;0.361
1800;NA;-0.0372;0.9313;-1.0057;0.306;0.4495;-0.3599
1801;NA;-0.6735;0.295;-1.642;0.1763;0.4072;-0.4022
1802;NA;0.1436;1.1121;-0.8249;0.0813;0.3669;-0.4425
1803;NA;1.0192;1.9877;0.0507;-0.0049;0.3286;-0.4808
1804;NA;0.3874;1.3559;-0.5811;-0.1079;0.2925;-0.5169
1805;NA;-0.1816;0.7869;-1.1501;-0.1844;0.2586;-0.5508
1806;NA;-1.1745;-0.2061;-2.143;-0.2173;0.2263;-0.583
1807;NA;-0.4976;0.4709;-1.4661;-0.2294;0.1945;-0.6149
1808;NA;-0.2856;0.6828;-1.2541;-0.2367;0.1632;-0.6462
1809;NA;-0.2138;0.7547;-1.1823;-0.2556;0.1338;-0.6756
1810;NA;-0.2096;0.7589;-1.1781;-0.2864;0.1078;-0.7015
1811;NA;-0.2984;0.6701;-1.2669;-0.3172;0.0806;-0.7287
1812;NA;-0.176;0.7925;-1.1445;-0.3448;0.0522;-0.7571
1813;NA;-0.54;0.4285;-1.5085;-0.366;0.0306;-0.7787
1814;NA;-0.2585;0.7099;-1.227;-0.3754;0.0233;-0.786
1815;NA;-0.3007;0.6678;-1.2692;-0.3741;0.0274;-0.782
1816;NA;0.5563;1.5248;-0.4121;-0.3689;0.0348;-0.7745
1817;NA;0.0826;1.051;-0.8859;-0.3667;0.038;-0.7713
1818;NA;-1.0179;-0.0494;-1.9864;-0.3744;0.0329;-0.7764
1819;NA;-1.7287;-0.7602;-2.6972;-0.3894;0.0246;-0.7848
1820;NA;-0.6325;0.336;-1.601;-0.4039;0.0184;-0.7909
1821;NA;0.0584;1.0269;-0.91;-0.4102;0.0088;-0.8006
1822;NA;-0.5533;0.4152;-1.5218;-0.4209;-0.0083;-0.8176
1823;NA;-0.1426;0.8259;-1.1111;-0.4411;-0.0247;-0.8341
1824;NA;0.1185;1.0869;-0.85;-0.4522;-0.0326;-0.842
1825;NA;-0.0166;0.9519;-0.9851;-0.4357;-0.0239;-0.8333
1826;NA;-0.3101;0.6584;-1.2786;-0.3821;0.0093;-0.8001
1827;NA;-0.0737;0.8947;-1.0422;-0.3048;0.0794;-0.7299
1828;NA;-0.8666;0.1018;-1.8351;-0.2189;0.1782;-0.6311
1829;NA;-0.6978;0.2706;-1.6663;-0.1398;0.2828;-0.5266
1830;NA;-0.7667;0.2018;-1.7351;-0.0506;0.37;-0.4394
1831;NA;-0.3395;0.629;-1.308;0.0598;0.4616;-0.3477
1832;NA;0.3233;1.2918;-0.6452;0.1675;0.569;-0.2403
1833;NA;0.7909;1.7593;-0.1776;0.249;0.6537;-0.1557
1834;NA;0.6602;1.6286;-0.3083;0.3415;0.7373;-0.0721
1835;NA;0.3896;1.3581;-0.5789;0.4573;0.8453;0.0359
1836;NA;0.7479;1.7164;-0.2205;0.5352;0.9448;0.1355
1837;NA;0.8615;1.83;-0.107;0.5656;1.0032;0.1938
1838;NA;1.2446;2.2131;0.2761;0.5806;1.0029;0.1936
1839;NA;0.5514;1.5199;-0.417;0.5823;0.9734;0.1641
1840;NA;0.6394;1.6079;-0.3291;0.5729;0.9516;0.1422
1841;NA;0.1004;1.0689;-0.8681;0.5181;0.9319;0.1226
1842;NA;-0.2966;0.6719;-1.2651;0.4124;0.8928;0.0835
1843;NA;0.3021;1.2706;-0.6664;0.3006;0.8466;0.0372
1844;NA;0.59;1.5585;-0.3784;0.2277;0.8056;-0.0038
1845;NA;0.7725;1.7409;-0.196;0.1897;0.7642;-0.0451
1846;NA;-0.0489;0.9195;-1.0174;0.1539;0.7136;-0.0958
1847;NA;-0.3589;0.6096;-1.3274;0.1213;0.6611;-0.1483
1848;NA;-0.3344;0.6341;-1.3029;0.0929;0.6086;-0.2008
1849;NA;-0.2479;0.7206;-1.2164;0.0809;0.5528;-0.2565
1850;NA;0.5895;1.558;-0.3789;0.0858;0.4938;-0.3156
1851;NA;-0.0218;0.9467;-0.9903;0.0916;0.4312;-0.3781
1852;NA;0.2379;1.2063;-0.7306;0.0821;0.3651;-0.4443
1853;NA;0.1424;1.1109;-0.8261;0.052;0.2951;-0.5143
1854;-0.8587;0.2323;0.8105;-0.3459;0.0133;0.3617;-0.1491
1855;0.0525;0.3837;0.9619;-0.1945;-0.0236;0.3153;-0.1955
1856;-0.894;-0.1075;0.4707;-0.6857;-0.0487;0.2732;-0.2376
1857;-0.628;0.0061;0.5843;-0.5721;-0.0657;0.2358;-0.275
1858;-0.555;0.0527;0.631;-0.5255;-0.0839;0.2036;-0.3073
1859;-0.6964;-0.3184;0.2598;-0.8966;-0.101;0.1762;-0.3346
1860;-1.0054;-0.7209;-0.1427;-1.2991;-0.1151;0.1532;-0.3576
1861;-0.8151;-0.3695;0.2087;-0.9477;-0.1257;0.1341;-0.3767
1862;-0.7329;-0.3501;0.2282;-0.9283;-0.134;0.1187;-0.3921
1863;-0.7203;-0.416;0.1622;-0.9942;-0.1406;0.1095;-0.4013
1864;-0.3771;0.3577;0.9359;-0.2205;-0.1458;0.1076;-0.4032
1865;-0.3406;0.2777;0.856;-0.3005;-0.1456;0.1108;-0.4
1866;-0.5961;-0.0065;0.5718;-0.5847;-0.1386;0.1166;-0.3943
1867;-0.7174;0.009;0.5872;-0.5692;-0.1296;0.1226;-0.3882
1868;-0.1857;0.3656;0.9438;-0.2126;-0.1145;0.1365;-0.3743
1869;-0.8581;-0.167;0.4112;-0.7453;-0.0915;0.1608;-0.35
1870;-1.4935;-0.4384;0.1399;-1.0166;-0.0692;0.1851;-0.3257
1871;-0.6072;-0.5108;0.0675;-1.089;-0.0562;0.1992;-0.3116
1872;-1.1207;-0.3826;0.1956;-0.9609;-0.0643;0.1955;-0.3153
1873;-1.1063;0.1402;0.7184;-0.438;-0.0884;0.1797;-0.3311
1874;-1.5121;-0.3415;0.2367;-0.9197;-0.111;0.1612;-0.3496
1875;-1.1399;-0.1555;0.4227;-0.7337;-0.1145;0.1498;-0.361
1876;-0.9228;-0.0782;0.5;-0.6564;-0.087;0.155;-0.3558
1877;0.895;1.1877;1.7659;0.6095;-0.0396;0.1931;-0.3177
1878;0.0356;0.3831;0.9613;-0.1951;0.0106;0.2572;-0.2537
1879;-1.2974;-0.6887;-0.1105;-1.2669;0.0463;0.3217;-0.1891
1880;-0.3907;-0.511;0.0673;-1.0892;0.0814;0.3612;-0.1496
1881;-0.3192;-0.1246;0.4536;-0.7028;0.1286;0.383;-0.1278
1882;-0.6508;-0.2883;0.2899;-0.8665;0.1685;0.4054;-0.1054
1883;-0.6717;0.0748;0.653;-0.5034;0.1821;0.4197;-0.0911
1884;-0.1409;0.7325;1.3107;0.1543;0.1634;0.4173;-0.0935
1885;-0.017;1.0111;1.5893;0.4329;0.1276;0.3901;-0.1207
1886;-1.2103;0.0445;0.6227;-0.5338;0.0867;0.3453;-0.1655
1887;-0.9257;-0.3531;0.2251;-0.9313;0.0528;0.2971;-0.2137
1888;0.6983;0.9188;1.497;0.3406;0.0047;0.26;-0.2509
1889;-0.461;0.1491;0.7273;-0.4291;-0.0686;0.2111;-0.2997
1890;-1.2893;-0.646;-0.0678;-1.2242;-0.1397;0.1336;-0.3772
1891;-0.2681;0.0287;0.6069;-0.5495;-0.181;0.0498;-0.461
1892;-1.2486;-0.7862;-0.208;-1.3644;-0.2124;-0.0176;-0.5284
1893;-1.645;-0.8839;-0.3057;-1.4622;-0.2573;-0.0461;-0.5569
1894;-1.0998;-0.4737;0.1046;-1.0519;-0.2927;-0.0268;-0.5376
1895;-0.4711;-0.1933;0.3849;-0.7715;-0.296;0.0214;-0.4894
1896;0.2653;0.3275;0.9057;-0.2507;-0.223;0.079;-0.4318
1897;-0.1919;-0.257;0.3212;-0.8352;-0.1015;0.1265;-0.3843
1898;-0.9546;-0.7571;-0.1789;-1.3353;-0.0166;0.1962;-0.3146
1899;-0.0717;0.0225;0.6007;-0.5558;0.0425;0.306;-0.2048
1900;0.1991;0.1875;0.7658;-0.3907;0.1254;0.4144;-0.0964
1901;-0.3897;0.2772;0.8554;-0.301;0.2053;0.48;-0.0308
1902;0.6957;0.9974;1.5756;0.4192;0.2552;0.502;-0.0088
1903;-0.6181;0.4791;1.0573;-0.0991;0.269;0.5117;9e-04
1904;-0.4416;0.4055;0.9837;-0.1727;0.2655;0.5155;0.0047
1905;0.8668;0.9955;1.5737;0.4172;0.2556;0.5199;0.0091
1906;-0.5687;0.4397;1.0179;-0.1385;0.25;0.5122;0.0014
1907;-0.5941;-0.0813;0.4969;-0.6595;0.2333;0.4828;-0.028
1908;-0.9432;-0.3109;0.2673;-0.8891;0.1948;0.4432;-0.0676
1909;-1.3619;-0.6879;-0.1097;-1.2661;0.1523;0.4049;-0.1059
1910;-1.6026;-0.7284;-0.1502;-1.3066;0.1238;0.3792;-0.1316
1911;-0.3848;0.2463;0.8245;-0.3319;0.1038;0.3592;-0.1516
1912;-0.0662;0.543;1.1212;-0.0353;0.0796;0.335;-0.1758
1913;-0.1892;0.421;0.9993;-0.1572;0.0583;0.3137;-0.1971
1914;0.551;0.9081;1.4863;0.3299;0.0472;0.3027;-0.2082
1915;-0.158;0.5245;1.1027;-0.0538;0.0593;0.3148;-0.1961
1916;-1.5263;-0.6767;-0.0985;-1.2549;0.091;0.3464;-0.1644
1917;-1.8186;-0.7004;-0.1222;-1.2786;0.1244;0.3799;-0.131
1918;-0.1137;0.4278;1.0061;-0.1504;0.142;0.3974;-0.1134
1919;-0.3795;0.5187;1.097;-0.0595;0.1406;0.396;-0.1148
1920;-0.1303;0.2189;0.7971;-0.3593;0.1319;0.3873;-0.1235
1921;-0.8141;-0.1094;0.4688;-0.6876;0.1199;0.3753;-0.1355
1922;-0.9866;-0.4044;0.1738;-0.9826;0.1086;0.364;-0.1468
1923;-0.3569;0.286;0.8642;-0.2922;0.1067;0.3581;-0.1527
1924;-1.0114;0.1944;0.7726;-0.3838;0.1128;0.3564;-0.1544
1925;-0.3303;0.4348;1.013;-0.1434;0.1163;0.3545;-0.1563
1926;-0.1294;0.5365;1.1147;-0.0417;0.1063;0.3478;-0.1631
1927;-0.5594;-0.4261;0.1521;-1.0043;0.0613;0.3315;-0.1793
1928;-0.5212;-0.5314;0.0468;-1.1096;-0.0048;0.286;-0.2248
1929;-0.524;0.0838;0.662;-0.4944;-0.0497;0.214;-0.2968
1930;0.2936;0.9398;1.518;0.3616;-0.0766;0.1451;-0.3657
1931;-0.2037;0.3998;0.978;-0.1784;-0.1094;0.1086;-0.4022
1932;-0.5251;-0.4484;0.1298;-1.0267;-0.1379;0.1084;-0.4024
1933;-1.3546;-0.9363;-0.3581;-1.5145;-0.1514;0.1215;-0.3893
1934;-0.8878;-0.3577;0.2205;-0.9359;-0.1365;0.137;-0.3738
1935;-0.596;-0.4716;0.1066;-1.0498;-0.1007;0.144;-0.3668
1936;-0.5716;-0.1426;0.4356;-0.7208;-0.0653;0.1597;-0.3511
1937;-0.5529;-0.3231;0.2551;-0.9013;-0.0513;0.1944;-0.3164
1938;-1.3721;-0.4482;0.13;-1.0264;-0.0481;0.2269;-0.284
1939;-0.5453;-0.2753;0.3029;-0.8535;-0.0375;0.2356;-0.2752
1940;0.678;1.1708;1.749;0.5926;-0.0299;0.2262;-0.2847
1941;0.8253;1.3981;1.9764;0.8199;-0.0357;0.2166;-0.2942
1942;-0.7222;0.1495;0.7277;-0.4287;-0.0573;0.2046;-0.3063
1943;-0.9056;-0.6271;-0.0489;-1.2053;-0.0879;0.1875;-0.3233
1944;-0.4701;-0.3018;0.2764;-0.88;-0.123;0.163;-0.3478
1945;-0.4682;-0.5731;0.0051;-1.1513;-0.1585;0.1008;-0.41
1946;-0.3473;-0.2963;0.2819;-0.8745;-0.2245;-0.0016;-0.5125
1947;-0.5468;-0.3978;0.1805;-0.976;-0.3279;-0.1051;-0.6159
1948;-0.7255;-0.5264;0.0518;-1.1046;-0.4295;-0.1703;-0.6811
1949;-0.9406;-0.5698;0.0084;-1.148;-0.4899;-0.2045;-0.7153
1950;-1.2872;-1.158;-0.5798;-1.7362;-0.5072;-0.2367;-0.7475
1951;-0.1286;0.0298;0.608;-0.5484;-0.509;-0.2599;-0.7707
1952;-0.1537;-0.1953;0.383;-0.7735;-0.5007;-0.2673;-0.7782
1953;0.3106;0.1164;0.6946;-0.4618;-0.4875;-0.2457;-0.7565
1954;-0.7266;-0.7194;-0.1412;-1.2976;-0.4576;-0.1982;-0.709
1955;-1.2732;-1.2604;-0.6822;-1.8386;-0.4062;-0.1427;-0.6536
1956;-0.853;-1.1533;-0.5751;-1.7315;-0.349;-0.0972;-0.608
1957;0.436;0.2945;0.8727;-0.2837;-0.3018;-0.0481;-0.5589
1958;0.4219;0.8741;1.4523;0.2959;-0.2432;0.0206;-0.4902
1959;-0.2959;-0.2935;0.2847;-0.8717;-0.167;0.0947;-0.4161
1960;-0.3867;-0.3183;0.2599;-0.8965;-0.1118;0.16;-0.3508
1961;-0.4905;-0.3125;0.2657;-0.8907;-0.0693;0.2023;-0.3085
1962;-0.6674;-0.5693;0.0089;-1.1476;-0.0173;0.2306;-0.2802
1963;0.1317;0.3067;0.885;-0.2715;0.0269;0.2583;-0.2525
1964;-0.8092;-0.3064;0.2718;-0.8846;0.0461;0.2781;-0.2327
1965;0.3777;0.7611;1.3393;0.1829;0.0175;0.2825;-0.2283
1966;0.0114;0.468;1.0462;-0.1102;-0.0478;0.2433;-0.2675
1967;-0.6377;-0.1143;0.4639;-0.6925;-0.1159;0.1641;-0.3467
1968;-0.2948;-0.1362;0.442;-0.7144;-0.153;0.085;-0.4258
1969;0.408;0.3726;0.9508;-0.2056;-0.1792;0.0462;-0.4646
1970;-0.6033;-0.5764;0.0018;-1.1546;-0.2214;0.0333;-0.4775
1971;-1.1757;-1.1955;-0.6173;-1.7737;-0.2563;0.0145;-0.4963
1972;0.6061;0.7467;1.3249;0.1685;-0.2605;0.0035;-0.5074
1973;-0.8305;-0.5212;0.057;-1.0995;-0.2297;0.0139;-0.4969
1974;-1.114;-1.1963;-0.6181;-1.7745;-0.1852;0.0642;-0.4466
1975;-1.215;-1.2174;-0.6392;-1.7957;-0.1415;0.1481;-0.3627
1976;-0.3296;-0.0635;0.5147;-0.6417;-0.076;0.2429;-0.2679
1977;0.2646;1.0652;1.6434;0.487;0.0199;0.3255;-0.1853
1978;-0.3546;0.2843;0.8625;-0.2939;0.1101;0.3731;-0.1377
1979;0.017;0.5071;1.0853;-0.0711;0.1586;0.4016;-0.1092
1980;0.0534;0.5012;1.0794;-0.077;0.1779;0.4341;-0.0767
1981;-0.398;0.2223;0.8005;-0.3559;0.1981;0.459;-0.0518
1982;0.8251;1.0282;1.6064;0.45;0.2101;0.4645;-0.0463
1983;0.3549;0.9603;1.5385;0.3821;0.2045;0.4551;-0.0558
1984;-0.5834;-0.1637;0.4145;-0.7419;0.1841;0.4399;-0.0709
1985;-0.6494;-0.0906;0.4876;-0.6688;0.1557;0.4144;-0.0964
1986;0.0865;0.418;0.9962;-0.1602;0.1164;0.3742;-0.1366
1987;1.0838;1.1036;1.6818;0.5254;0.0633;0.3159;-0.1949
1988;-0.9297;-0.7121;-0.1339;-1.2903;-0.0089;0.2409;-0.2699
1989;-0.7612;-1.0989;-0.5207;-1.6771;-0.1019;0.1519;-0.3589
1990;0.1185;0.0469;0.6251;-0.5313;-0.2135;0.0518;-0.459
NA;0.6341;NA;NA;NA;NA;NA;NA
NA;0.6674;NA;NA;NA;NA;NA;NA
NA;0.3639;NA;NA;NA;NA;NA;NA
NA;0.4552;NA;NA;NA;NA;NA;NA
NA;-0.1308;NA;NA;NA;NA;NA;NA
NA;-0.4166;NA;NA;NA;NA;NA;NA
NA;1.0444;NA;NA;NA;NA;NA;NA
NA;-0.0191;NA;NA;NA;NA;NA;NA
NA;-1.1412;NA;NA;NA;NA;NA;NA
NA;-0.8647;NA;NA;NA;NA;NA;NA
NA;-0.2823;NA;NA;NA;NA;NA;NA
NA;0.635;NA;NA;NA;NA;NA;NA
NA;0.2745;NA;NA;NA;NA;NA;NA
NA;0.4447;NA;NA;NA;NA;NA;NA
NA;0.1326;NA;NA;NA;NA;NA;NA
NA;0.1522;NA;NA;NA;NA;NA;NA
NA;-0.3983;NA;NA;NA;NA;NA;NA
NA;-0.6844;NA;NA;NA;NA;NA;NA
NA;0.3269;NA;NA;NA;NA;NA;NA
NA;-0.3407;NA;NA;NA;NA;NA;NA
NA;-0.703;NA;NA;NA;NA;NA;NA
NA;-0.1028;NA;NA;NA;NA;NA;NA
NA;-0.2677;NA;NA;NA;NA;NA;NA
NA;-0.0011;NA;NA;NA;NA;NA;NA
NA;1.2419;NA;NA;NA;NA;NA;NA
NA;0.3044;NA;NA;NA;NA;NA;NA
