900,-1.446
901,-1.087
902, 0.536
903,-0.741
904, 0.808
905, 1.801
906,-1.546
907,-1.967
908, 1.568
909, 0.559
910,-0.393
911, 1.184
912,-0.551
913,-1.199
914,-0.055
915,  0.38
916, 0.163
917, 0.443
918, 0.477
919, 0.406
920,-0.622
921, 0.022
922,-1.023
923, 0.375
924,-1.936
925, 1.648
926, 1.203
927,-0.972
928,  0.48
929, 0.593
930,-1.728
931, 0.552
932, 0.131
933, 0.274
934, 0.078
935,-0.403
936, 0.458
937,-0.214
938, 0.202
939,-0.726
940,-0.074
941, 1.551
942,-0.433
943,-0.827
944,-0.211
945, 0.477
946, 0.642
947,-0.475
948,-0.415
949, 0.831
950,-0.001
951,-0.629
952, 0.201
953, 0.851
954,-1.889
955, 0.202
956, 1.639
957,-1.372
958,-1.013
959,  1.19
960, 1.072
961,-1.123
962,  0.16
963, 0.638
964,-0.509
965,-0.435
966, 0.845
967, 0.272
968, 0.325
969,-1.877
970, 1.036
971, 0.042
972,-1.217
973,  1.98
974, 0.851
975,-2.545
976,  0.09
977, 1.701
978, -0.17
979,  0.24
980,-1.241
981,-1.814
982, 1.965
983,-0.121
984,-0.901
985, 0.411
986,-0.082
987, 0.192
988, 0.837
989, 2.024
990,-0.972
991,-0.871
992,-0.939
993,-0.773
994, 0.732
995, 0.135
996, 0.749
997, 0.088
998,-0.138
999,-0.981
1000, 1.601
1001,-0.826
1002, 0.283
1003,-0.239
1004,  0.92
1005,-2.914
1006,  0.67
1007, 1.613
1008,  0.55
1009,-0.483
1010,-0.003
1011,-0.234
1012, 0.035
1013,-0.013
1014,-1.408
1015, 0.405
1016, 0.743
1017, 0.495
1018,-0.193
1019,-0.738
1020, 0.639
1021,-0.014
1022,-0.913
1023, 0.173
1024, 1.263
1025,-0.223
1026,-0.026
1027,-0.453
1028,-0.054
1029, 0.107
1030, 0.258
1031, 0.164
1032,-0.263
1033, 0.406
1034, 0.592
1035,-1.618
1036,-0.162
1037, 0.638
1038, 0.395
1039,-0.432
1040, 0.073
1041,-0.726
1042, 0.925
1043, 0.036
1044,-0.783
1045, 0.535
1046,-0.151
1047, 0.549
1048,-1.194
1049, 0.273
1050, 0.401
1051,-0.466
1052, 1.011
1053,-0.071
1054, 0.669
1055,-1.125
1056,-0.059
1057, 0.707
1058,-0.617
1059,-0.939
1060, 1.019
1061, 1.008
1062,-1.868
1063, 0.051
1064, 0.609
1065, 1.679
1066, 0.758
1067,-1.985
1068,-0.963
1069, 0.006
1070,  0.48
1071, 0.124
1072, 0.518
1073,-0.171
1074,-0.532
1075,-0.617
1076, 0.694
1077, 0.245
1078,-0.266
1079, 0.806
1080, 0.301
1081,-1.194
1082, 1.048
1083,-0.943
1084, 0.892
1085,-0.851
1086,-0.747
1087, 0.938
1088, 1.118
1089,  0.96
1090,-2.222
1091,-0.668
1092,  0.95
1093,-0.567
1094, 0.012
1095, 0.389
1096,  1.07
1097,-0.362
1098, -0.71
1099,-0.707
1100, 0.573
1101,-0.221
1102, 0.644
1103,  0.03
1104,-0.373
1105, 0.082
1106, 0.517
1107,-0.011
1108,-1.171
1109, 0.414
1110, 0.571
1111,-0.236
1112, 0.236
1113,-0.147
1114,-0.285
1115,-0.936
1116, 0.966
1117, 0.568
1118, 0.195
1119, -0.11
1120, 0.156
1121,-1.569
1122, 1.686
1123,-0.595
1124, 0.407
1125, 0.668
1126,-2.334
1127,-0.154
1128, 1.487
1129,  1.48
1130, -0.94
1131,-0.676
1132,-0.052
1133, 0.094
1134,-0.549
1135,-0.618
1136, 1.141
1137, 0.109
1138, -0.63
1139, 0.915
1140,-1.308
1141, 0.797
1142, 0.521
1143,-0.275
1144, 0.524
1145, 0.706
1146,-1.405
1147, 0.196
1148, -0.42
1149, 0.981
1150,-1.601
1151,-0.856
1152, 1.799
1153, 0.311
1154,-0.429
1155, 0.936
1156,-0.862
1157,-0.001
1158,-1.769
1159, 1.142
1160, 1.138
1161,-1.472
1162, 0.735
1163,  0.93
1164, -0.78
1165, 0.815
1166,-0.837
1167, 0.879
1168,-0.471
1169, -0.92
1170, -0.63
1171, 1.194
1172, 0.241
1173, 1.275
1174,-1.108
1175,-0.152
1176,-0.203
1177,-1.097
1178, 0.954
1179,-0.373
1180,  0.54
1181,  1.07
1182,-1.243
1183,-0.962
1184, 2.098
1185, 0.205
1186,-1.561
1187,-0.222
1188, 0.525
1189,-0.553
1190, 0.676
1191, 0.241
1192,-0.224
1193,-0.395
1194, -0.72
1195, 1.345
1196,-0.324
1197, 1.385
1198,-0.962
1199,-1.658
1200, 0.903
1201, 0.531
1202, 0.022
1203, 0.401
1204, 0.154
1205,-0.234
1206,-0.685
1207,-0.184
1208,-0.707
1209, 1.251
1210, 0.014
1211, 0.547
1212, 0.159
1213,-0.369
1214, 0.287
1215,-0.246
1216, 0.164
1217,-1.831
1218,-0.967
1219, 1.972
1220, 0.642
1221,-0.466
1222, 0.222
1223, 0.002
1224,-0.205
1225, -0.18
1226, 1.116
1227,-2.752
1228,  1.45
1229,  1.19
1230,-0.823
1231, 0.448
1232, 0.862
1233, -1.13
1234,-1.056
1235, 1.248
1236,-1.338
1237,-0.363
1238, 1.397
1239, 0.571
1240,-1.279
1241, 0.751
1242, 0.122
1243,-0.048
1244, 0.327
1245, 0.081
1246, -0.86
1247,-0.762
1248, 0.746
1249, 1.893
1250,-0.159
1251,-1.954
1252, 0.113
1253,  1.06
1254,-1.777
1255, 0.912
1256, 0.402
1257, 0.473
1258,-2.518
1259, 1.807
1260, 0.502
1261,-0.177
1262, 0.474
1263,-1.064
1264, -0.69
1265, 0.672
1266,-0.065
1267, 0.217
1268, 0.835
1269, 0.087
1270,-0.514
1271, 0.286
1272, 0.296
1273,-0.974
1274,-0.629
1275, 2.001
1276,-1.104
1277,  0.56
1278,-0.861
1279,  0.11
1280,-0.381
1281, 0.053
1282, 0.748
1283,-0.214
1284, 0.147
1285,-0.229
1286,-0.193
1287, 0.656
1288, -1.46
1289, -0.02
1290, 1.685
1291,-0.053
1292,-1.017
1293, 0.968
1294, 0.047
1295,-0.453
1296,-0.943
1297,-0.797
1298, 2.032
1299,-0.194
1300,-0.851
1301, 0.578
1302,  0.66
1303,-0.025
1304,-1.137
1305, 1.216
1306, 0.455
1307,-1.582
1308,-0.749
1309, 0.261
1310, 0.775
1311, 0.169
1312,-0.596
1313, 1.273
1314, 1.926
1315,-0.892
1316,-2.962
1317, 0.054
1318, 1.085
1319,-0.127
1320,-0.122
1321, 1.243
1322, 0.128
1323,-0.671
1324,-1.505
1325, 0.718
1326, 1.128
1327, 0.277
1328,-1.317
1329, -1.08
1330, 0.818
1331, 0.345
1332, 0.476
1333,   1.1
1334,  0.37
1335,-1.636
1336,-0.388
1337, 1.468
1338,-1.278
1339, 0.332
1340,-0.346
1341, 0.231
1342,-0.266
1343, 0.124
1344, 0.023
1345, 0.507
1346, 0.996
1347,-1.225
1348,-0.374
1349, 0.876
1350,-0.844
1351,-0.248
1352,-1.022
1353, 1.391
1354, 0.807
1355,-1.734
1356,  0.77
1357,   0.7
1358, 0.248
1359, 1.442
1360, -1.78
1361,-0.582
1362,  0.17
1363,-0.128
1364,-0.281
1365, -0.38
1366, 0.875
1367,-0.476
1368, 1.759
1369,-1.764
1370, 0.457
1371, -0.61
1372,  0.62
1373, 0.463
1374, 0.889
1375,-0.923
1376,-0.636
1377,-0.366
1378, 0.936
1379,-1.169
1380, 1.322
1381,-0.075
1382,-1.217
1383, 1.099
1384,-0.715
1385, 0.613
1386, 0.674
1387,-0.033
1388,-0.161
1389,-0.574
1390,-1.019
1391, 0.309
1392, 0.858
1393,-0.629
1394, 0.593
1395, 0.675
1396, 0.619
1397,-1.225
1398, 0.085
1399,-1.449
1400, 0.324
1401, 0.369
1402, 0.084
1403,-0.676
1404, 1.683
1405,-0.171
1406, 0.548
1407,-2.053
1408, 0.541
1409, 1.479
1410,-0.334
1411,-0.831
1412,  1.06
1413,-1.855
1414, 2.038
1415,-1.035
1416,-0.649
1417, 0.518
1418, 0.691
1419,-0.911
1420, 1.128
1421,-0.248
1422,-0.453
1423,-1.537
1424,  0.53
1425, 0.404
1426, 0.505
1427, 0.658
1428, 0.436
1429, -0.75
1430,-0.431
1431, 0.333
1432,-0.286
1433,  0.56
1434,-0.031
1435,-0.015
1436, 0.572
1437,-0.769
1438,-0.837
1439,-0.594
1440, 0.335
1441, 2.039
1442,-0.742
1443, 0.502
1444,-0.558
1445,-0.552
1446,-0.223
1447, 0.446
1448,-0.346
1449, 0.518
1450,-0.885
1451, 1.238
1452, 0.064
1453, 0.454
1454, 0.212
1455,-1.618
1456,-0.222
1457, 0.052
1458, 1.186
1459,-0.703
1460,-0.511
1461, 0.119
1462,  1.41
1463, 0.237
1464,-1.721
1465,-1.286
1466, 1.477
1467, 1.795
1468, -1.16
1469, 0.477
1470, 0.309
1471, -1.75
1472, 0.541
1473, 0.573
1474, 0.007
1475,-1.605
1476, 0.134
1477, 0.934
1478, 1.209
1479,-0.715
1480,-1.107
1481, 0.122
1482, 0.425
1483,-1.392
1484, 1.807
1485, 0.119
1486, 1.321
1487,-0.715
1488,-1.142
1489,-0.085
1490, 0.318
1491, 0.578
1492,-0.168
1493, 0.322
1494, 0.849
1495,-1.856
1496,-0.892
1497,-0.612
1498, 2.312
1499, 1.078
1500,-1.231
1501,-0.187
1502,-0.601
1503,-0.158
1504, 1.173
1505, 0.181
1506, -2.08
1507, 0.782
1508, 0.271
1509, 0.718
1510,-1.041
1511,  1.21
1512,-0.269
1513,-0.294
1514, 1.012
1515,-0.392
1516,-0.705
1517,-0.797
1518,-0.561
1519, 1.886
1520, 0.257
1521, 0.654
1522,-2.002
1523, 0.138
1524,-0.162
1525,-0.179
1526, 1.951
1527, 0.322
1528,-1.712
1529,-0.503
1530, 1.485
1531, 0.389
1532,-1.878
1533,-0.183
1534, 0.028
1535,-0.198
1536, 1.769
1537, 0.778
1538,-2.376
1539,  1.02
1540, 1.549
1541, 0.471
1542,-2.922
1543, 0.643
1544, 0.048
1545, 0.005
1546, 0.638
1547,-0.768
1548,-0.948
1549, 0.963
1550, 0.847
1551,-0.337
1552,-1.308
1553, 0.789
1554, 0.214
1555, 0.367
1556, 0.347
1557, 0.493
1558,-0.438
1559, -0.26
1560, 0.034
1561,-0.795
1562,-0.282
1563,-0.377
1564, 1.008
1565, 1.289
1566,  -0.1
1567,-1.408
1568,-0.163
1569, 0.677
1570, 0.366
1571,-0.498
1572, 0.603
1573,-1.126
1574, 0.025
1575, 0.532
1576, -0.75
1577, 1.034
1578, 1.274
1579,-1.754
1580,-1.202
1581,  0.76
1582, 1.211
1583, 0.333
1584,-1.193
1585,-1.823
1586, 1.629
1587,  0.36
1588, 0.679
1589, 0.755
1590,-1.676
1591,-0.477
1592,-0.271
1593,-0.137
1594, 1.565
1595,-0.238
1596, 0.869
1597,-0.442
1598,-0.959
1599, 1.956
1600,-2.034
1601,-0.958
1602, 0.568
1603, 1.093
1604, 0.397
1605,-0.309
1606,-0.272
1607,-0.958
1608,  0.37
1609,-0.055
1610, 1.196
1611, 0.328
1612, 0.075
1613, -1.13
1614,-0.357
1615, 0.122
1616,-0.287
1617,  0.37
1618, 0.235
1619,-0.258
1620, 0.309
1621,  1.91
1622,-0.355
1623,-0.936
1624,-0.808
1625, 0.387
1626,-1.477
1627, 0.574
1628, 0.264
1629, 1.193
1630, 0.856
1631,-0.713
1632,-2.415
1633, 0.285
1634, 0.488
1635, 1.404
1636, 0.223
1637,-1.019
1638,-0.998
1639, 0.573
1640, 0.995
1641,-0.189
1642, 0.542
1643, 0.074
1644, 0.167
1645,-1.775
1646, 0.557
1647,  1.34
1648, -2.14
1649, 0.274
1650, 0.059
1651, 2.332
1652, 0.349
1653,-1.129
1654,-2.918
1655, 0.807
1656, 1.773
1657,-0.446
1658,-0.272
1659,-0.505
1660, 0.265
1661, 1.125
1662, 0.485
1663,-0.048
1664,-0.824
1665,  0.49
1666, 0.144
1667,-0.528
1668, -0.85
1669,  0.09
1670,-1.346
1671,  0.93
1672, 0.555
1673,-0.209
1674, 1.485
1675,-0.573
1676,-1.312
1677, 0.547
1678, 0.593
1679,-1.207
1680, 1.686
1681,-0.621
1682,-0.228
1683, 2.222
1684,-0.365
1685,-2.772
1686,-0.762
1687, 1.599
1688, 0.269
1689, 0.364
1690,-0.407
1691,-1.183
1692, 1.152
1693, 0.327
1694, 0.406
1695,  0.94
1696,-1.366
1697,-0.247
1698,-1.228
1699,  0.45
1700, 0.114
1701, 1.401
1702, 1.219
1703,-1.238
1704,-0.993
1705,-0.099
1706, 0.877
1707, 0.017
1708, -1.19
1709,-0.655
1710, 1.148
1711, 0.132
1712, 0.462
1713, 0.237
1714, 0.146
1715,-0.376
1716,-0.867
1717,-0.992
1718, 0.462
1719, 0.659
1720, 1.266
1721,-0.157
1722,-1.111
1723, 0.792
1724,-1.114
1725,-0.896
1726, 2.162
1727, 1.563
1728,-0.622
1729,-1.697
1730,-0.463
1731, 0.024
1732, 1.358
1733, -1.15
1734,  1.53
1735,-1.377
1736,-0.673
1737, 0.244
1738, 1.347
1739,-0.899
1740, 0.624
1741,  0.35
1742,-1.597
1743,  0.06
1744,-0.881
1745, 0.074
1746, 2.484
1747, 2.368
1748,-3.669
1749,  0.94
1750, 0.162
1751, 0.842
1752,-1.977
1753, 0.185
1754, 0.696
1755,-0.017
1756, -0.52
1757,-1.306
1758, 0.894
1759, 0.316
1760, -0.22
1761, 0.816
1762,  1.04
1763,-1.792
1764, 0.373
1765,-1.274
1766, 1.483
1767, 0.025
1768,-0.067
1769, 0.134
1770,-0.483
1771, 2.232
1772,-0.842
1773,-1.918
1774,-0.136
1775, 1.108
1776, 0.503
1777,-0.589
1778,-0.349
1779, 0.694
1780,-0.392
1781, 0.108
1782,-1.976
1783, 0.991
1784, 2.631
1785,-1.099
1786,-1.456
1787, 1.536
1788, 0.147
1789,-1.916
1790,-1.054
1791, 0.434
1792, 1.707
1793, 1.836
1794,-1.149
1795,-0.697
1796,  0.23
1797, 0.645
1798,-1.868
1799, 1.329
1800,-0.011
1801,-1.139
1802, 0.489
1803, 0.483
1804, 1.152
1805,-1.165
1806,-0.615
1807,   0.9
1808,-0.908
1809,-0.506
1810, 0.591
1811, 1.109
1812,-0.611
1813,  -1.4
1814, 0.009
1815,   0.6
1816, 2.362
1817, 0.644
1818,-1.222
1819,-0.863
1820,-1.245
1821, 1.978
1822,-1.175
1823,-0.861
1824,-0.951
1825, 1.336
1826, 0.277
1827, 0.186
1828, 1.441
1829,-0.912
1830,-0.019
1831,-1.445
1832, 0.311
1833,   1.8
1834,-0.613
1835,-0.334
1836,  -0.5
1837, 0.172
1838, 0.182
1839, 1.375
1840, 1.014
1841,-1.515
1842,-1.912
1843, 0.085
1844, 1.911
1845,-0.213
1846, 0.212
1847,-1.947
1848,-0.494
1849, 1.743
1850, 1.373
1851,-2.192
1852, 0.084
1853, 1.535
1854, 0.508
1855,-1.242
1856,-0.072
1857,-1.196
1858, 1.913
1859,-0.208
1860,-0.034
1861,-0.461
1862, 1.299
1863,-1.555
1864,-1.832
1865, 0.022
1866, 1.395
1867, 0.398
1868, 0.554
1869, 1.744
1870,-0.657
1871,-1.744
1872, 0.038
1873,-0.006
1874,-0.087
1875, -0.15
1876, 0.099
1877, 0.544
1878, 1.775
1879,-1.302
1880,-1.643
1881,  0.19
1882, 0.458
1883, -0.57
1884,  0.84
1885, 1.691
1886,-0.657
1887,-2.015
1888, 0.906
1889, 0.403
1890,-0.347
1891, 1.696
1892,  0.17
1893,-1.576
1894,-1.058
1895, 0.611
1896,-0.905
1897, 1.236
1898, 1.147
1899,-1.024
1900,-0.048
1901, 0.474
1902,-2.025
1903, 1.746
1904,-2.409
1905, 1.102
1906, 0.763
1907, 1.277
1908, 0.441
1909,-0.058
1910,-1.815
1911,-0.982
1912, 0.784
1913,-0.186
1914, 1.151
1915, 1.106
1916,-0.057
1917,-0.905
1918,-1.828
1919, 0.684
1920, 1.404
1921, 0.461
1922,-0.819
1923,-0.129
1924, 0.652
1925,-2.262
1926, 1.012
1927, 0.771
1928, 0.217
1929,-0.855
1930, 0.157
1931, 0.015
1932, 1.325
1933, 0.416
1934,-2.694
1935,  1.04
1936,-0.552
1937,  0.43
1938, 0.931
1939, -1.74
1940, -1.08
1941, 1.902
1942, 1.221
1943, -0.93
1944, 0.311
1945, 0.431
1946,-1.302
1947, 0.489
1948,-0.124
1949, 1.261
1950,-0.624
1951, -0.97
1952, 1.412
1953, 0.024
1954,-0.871
1955,-0.112
1956,-1.526
1957,  0.52
1958, 1.804
1959,-0.855
1960, 0.345
1961,-0.873
1962, 0.934
1963,-0.626
1964,-0.944
1965, 1.418
1966,-0.163
1967,-0.693
1968, 0.478
1969, 0.957
1970, 0.288
1971,-1.466
1972,-0.588
1973, 2.052
1974,-1.747
1975, 1.212
1976,-0.094
1977,-1.576
1978,  0.27
1979,  1.87
1980,-0.827
1981,-0.856
1982,-0.565
1983, 1.653
1984, 0.203
1985,-0.089
1986,-0.409
1987, 1.672
1988, -0.73
1989,-1.475
1990,-0.998
1991,-0.109
1992, 1.379
1993, 1.873
1994,-1.652
1995, 0.531
1996,-0.758
1997,-0.393
1998, 0.977
1999, 1.434
2000,-1.019
2001, 0.065
2002,-1.078
