2000
1998
1996
1995
1990
1989
1988
1986
1985
1984
1975
1974
1973
1972
1971
1970
1968
1963
1962
1960
1959
1958
1957
1956
1955
1953
1951
1950
1946
1945
1943
1934
1932
1923
1922
1921
1918
1917
1916
1910
1909
1908
1907
1904
1896
1894
1893
1892
1891
1890
1887
1886
1880
1879
1878
1875
1874
1873
1872
1871
1870
1868
1867
1866
1864
1863
1862
1861
1860
1857
1851
1850
1849
1848
1847
1843
1841
1840
1825
1823
1820
1819
1813
1811
1810
1809
1808
1805
1802
1801
1798
1797
1795
1790
1789
1788
1787
1786
1785
1782
1780
1779
1778
1776
1773
1772
1765
1763
1761
1758
1757
1756
1755
1754
1753
1752
1751
1750
1748
1747
1745
1743
1742
1741
1740
1739
1736
1735
1733
1732
1731
1730
1725
1724
1716
1715
1709
1708
1702
1701
1696
1690
1686
1685
1678
1676
1675
1668
1663
1658
1654
1649
1648
1645
1644
1642
1641
1639
1638
1637
1635
1632
1631
1630
1629
1628
1627
1626
1625
1624
1623
1622
1612
1611
1605
1604
1603
1602
1601
1600
1597
1593
1592
1590
1584
1583
1581
1580
1579
1578
1577
1576
1573
1572
1571
1566
1561
1560
1549
1548
1546
1544
1542
1541
1540
1538
1535
1533
1532
1531
1528
