2.307692307692307820e-01 9.090909090909091161e-02 3.928571428571428492e-01 2.727272727272727071e-01 1.428571428571428492e-01 nan nan 2.000000000000000111e-01 1.111111111111111049e-01 nan 2.142857142857142738e-01 1.578947368421052544e-01 nan nan
2.972972972972973138e-01 3.703703703703703498e-01 2.413793103448275967e-01 1.739130434782608647e-01 4.400000000000000022e-01 3.846153846153846367e-01 2.307692307692307820e-01 4.285714285714285476e-01 5.151515151515151381e-01 3.529411764705882582e-01 3.250000000000000111e-01 4.210526315789473450e-01 3.529411764705882582e-01 4.285714285714285476e-01
3.214285714285714524e-01 3.333333333333333148e-01 1.304347826086956486e-01 1.764705882352941291e-01 2.800000000000000266e-01 3.076923076923077094e-01 2.307692307692307820e-01 2.962962962962962798e-01 2.941176470588235392e-01 4.705882352941176405e-01 1.612903225806451568e-01 3.437500000000000000e-01 4.117647058823529216e-01 3.333333333333333148e-01
2.500000000000000000e-01 1.481481481481481399e-01 2.448979591836734637e-01 3.333333333333333148e-01 3.200000000000000067e-01 5.384615384615384359e-01 3.076923076923077094e-01 4.000000000000000222e-01 2.647058823529411797e-01 4.117647058823529216e-01 4.042553191489361430e-01 3.571428571428571508e-01 3.529411764705882582e-01 3.333333333333333148e-01
2.800000000000000266e-01 2.857142857142856984e-01 2.000000000000000111e-01 4.285714285714285476e-01 3.913043478260869734e-01 3.846153846153846367e-01 3.846153846153846367e-01 2.727272727272727071e-01 3.666666666666666408e-01 2.941176470588235392e-01 4.782608695652174058e-01 3.076923076923077094e-01 2.941176470588235392e-01 4.285714285714285476e-01
3.863636363636363535e-01 5.185185185185184897e-01 3.953488372093023062e-01 4.333333333333333481e-01 4.000000000000000222e-01 4.615384615384615641e-01 3.076923076923077094e-01 4.571428571428571286e-01 5.151515151515151381e-01 2.352941176470588203e-01 3.617021276595744905e-01 4.047619047619047672e-01 2.352941176470588203e-01 3.333333333333333148e-01
3.863636363636363535e-01 3.333333333333333148e-01 3.255813953488372325e-01 3.333333333333333148e-01 4.799999999999999822e-01 5.384615384615384359e-01 4.615384615384615641e-01 4.000000000000000222e-01 4.848484848484848619e-01 2.941176470588235392e-01 2.765957446808510745e-01 2.857142857142856984e-01 2.352941176470588203e-01 3.809523809523809312e-01
2.222222222222222099e-01 2.857142857142856984e-01 4.545454545454545303e-01 6.666666666666666297e-01 4.285714285714285476e-01 2.857142857142856984e-01 5.000000000000000000e-01 2.222222222222222099e-01 3.636363636363636465e-01 2.500000000000000000e-01 2.000000000000000111e-01 1.818181818181818232e-01 2.222222222222222099e-01 2.500000000000000000e-01
2.857142857142856984e-01 1.052631578947368363e-01 2.222222222222222099e-01 2.142857142857142738e-01 1.499999999999999944e-01 2.307692307692307820e-01 3.846153846153846367e-01 2.500000000000000000e-01 1.481481481481481399e-01 2.352941176470588203e-01 2.727272727272727071e-01 2.083333333333333426e-01 1.176470588235294101e-01 3.333333333333333148e-01
3.076923076923077094e-01 nan 4.615384615384615641e-01 2.857142857142856984e-01 1.818181818181818232e-01 1.666666666666666574e-01 2.307692307692307820e-01 1.666666666666666574e-01 2.352941176470588203e-01 nan 4.615384615384615641e-01 2.352941176470588203e-01 2.857142857142856984e-01 1.538461538461538547e-01
1.199999999999999956e-01 2.857142857142856984e-01 2.500000000000000000e-01 2.857142857142856984e-01 8.695652173913043237e-02 3.076923076923077094e-01 1.538461538461538547e-01 2.272727272727272652e-01 2.000000000000000111e-01 1.764705882352941291e-01 4.347826086956521618e-01 1.923076923076923184e-01 2.352941176470588203e-01 1.904761904761904656e-01
