8.333333333333332871e-02 5.000000000000000000e-01 1.666666666666666574e-01 4.285714285714285476e-01 3.333333333333333148e-01 nan nan 2.000000000000000111e-01 nan nan nan 1.666666666666666574e-01 5.000000000000000000e-01 nan
2.631578947368420907e-01 2.857142857142856984e-01 2.666666666666666630e-01 2.000000000000000111e-01 2.777777777777777901e-01 2.999999999999999889e-01 3.333333333333333148e-01 2.500000000000000000e-01 2.000000000000000111e-01 2.500000000000000000e-01 3.333333333333333148e-01 3.809523809523809312e-01 1.000000000000000056e-01 2.727272727272727071e-01
4.285714285714285476e-01 3.571428571428571508e-01 1.818181818181818232e-01 5.454545454545454142e-01 3.888888888888888951e-01 5.000000000000000000e-01 3.333333333333333148e-01 5.000000000000000000e-01 5.333333333333333259e-01 4.166666666666666852e-01 4.615384615384615641e-01 4.117647058823529216e-01 5.999999999999999778e-01 4.545454545454545303e-01
3.499999999999999778e-01 5.000000000000000000e-01 2.222222222222222099e-01 4.705882352941176405e-01 3.333333333333333148e-01 2.000000000000000111e-01 nan 3.125000000000000000e-01 2.666666666666666630e-01 3.333333333333333148e-01 3.461538461538461453e-01 3.043478260869565410e-01 2.000000000000000111e-01 2.727272727272727071e-01
4.166666666666666852e-01 4.285714285714285476e-01 2.000000000000000111e-01 2.727272727272727071e-01 5.000000000000000000e-01 6.999999999999999556e-01 5.000000000000000000e-01 5.000000000000000000e-01 6.153846153846154188e-01 5.833333333333333703e-01 4.000000000000000222e-01 5.000000000000000000e-01 4.000000000000000222e-01 5.454545454545454142e-01
2.999999999999999889e-01 3.571428571428571508e-01 1.666666666666666574e-01 2.941176470588235392e-01 2.777777777777777901e-01 5.000000000000000000e-01 5.000000000000000000e-01 5.000000000000000000e-01 3.333333333333333148e-01 4.166666666666666852e-01 1.923076923076923184e-01 3.478260869565217295e-01 2.999999999999999889e-01 5.454545454545454142e-01
4.000000000000000222e-01 5.000000000000000000e-01 1.111111111111111049e-01 1.764705882352941291e-01 3.333333333333333148e-01 5.000000000000000000e-01 5.000000000000000000e-01 5.000000000000000000e-01 4.000000000000000222e-01 5.833333333333333703e-01 3.461538461538461453e-01 3.478260869565217295e-01 4.000000000000000222e-01 5.454545454545454142e-01
2.000000000000000111e-01 1.428571428571428492e-01 2.000000000000000111e-01 nan 4.000000000000000222e-01 5.000000000000000000e-01 2.500000000000000000e-01 nan 4.000000000000000222e-01 3.333333333333333148e-01 5.999999999999999778e-01 4.000000000000000222e-01 2.000000000000000111e-01 5.000000000000000000e-01
2.222222222222222099e-01 2.142857142857142738e-01 3.750000000000000000e-01 5.999999999999999778e-01 5.000000000000000000e-01 5.000000000000000000e-01 3.333333333333333148e-01 2.727272727272727071e-01 4.166666666666666852e-01 4.166666666666666852e-01 4.000000000000000222e-01 3.333333333333333148e-01 4.000000000000000222e-01 3.636363636363636465e-01
3.750000000000000000e-01 2.999999999999999889e-01 2.000000000000000111e-01 7.500000000000000000e-01 3.636363636363636465e-01 4.000000000000000222e-01 3.333333333333333148e-01 3.750000000000000000e-01 3.333333333333333148e-01 4.000000000000000222e-01 5.000000000000000000e-01 3.750000000000000000e-01 3.333333333333333148e-01 4.444444444444444198e-01
2.500000000000000000e-01 3.571428571428571508e-01 2.999999999999999889e-01 4.545454545454545303e-01 2.777777777777777901e-01 4.000000000000000222e-01 3.333333333333333148e-01 3.333333333333333148e-01 3.076923076923077094e-01 3.333333333333333148e-01 2.999999999999999889e-01 3.333333333333333148e-01 2.999999999999999889e-01 2.727272727272727071e-01
