nan nan nan nan nan nan nan nan nan nan nan nan nan nan
3.846153846153846367e-01 3.333333333333333148e-01 2.000000000000000111e-01 1.250000000000000000e-01 3.076923076923077094e-01 1.666666666666666574e-01 1.111111111111111049e-01 4.166666666666666852e-01 3.076923076923077094e-01 2.000000000000000111e-01 nan 4.285714285714285476e-01 2.000000000000000111e-01 2.666666666666666630e-01
3.846153846153846367e-01 2.666666666666666630e-01 2.999999999999999889e-01 5.000000000000000000e-01 3.846153846153846367e-01 5.000000000000000000e-01 2.222222222222222099e-01 4.166666666666666852e-01 3.076923076923077094e-01 4.000000000000000222e-01 5.999999999999999778e-01 4.285714285714285476e-01 5.000000000000000000e-01 5.333333333333333259e-01
3.076923076923077094e-01 2.666666666666666630e-01 1.000000000000000056e-01 3.750000000000000000e-01 2.307692307692307820e-01 1.666666666666666574e-01 2.222222222222222099e-01 1.666666666666666574e-01 1.538461538461538547e-01 1.000000000000000056e-01 2.999999999999999889e-01 2.142857142857142738e-01 1.000000000000000056e-01 2.000000000000000111e-01
3.846153846153846367e-01 3.333333333333333148e-01 nan 2.500000000000000000e-01 3.076923076923077094e-01 5.000000000000000000e-01 4.444444444444444198e-01 5.833333333333333703e-01 3.846153846153846367e-01 4.000000000000000222e-01 2.999999999999999889e-01 3.571428571428571508e-01 4.000000000000000222e-01 4.000000000000000222e-01
3.846153846153846367e-01 4.000000000000000222e-01 2.000000000000000111e-01 3.750000000000000000e-01 4.615384615384615641e-01 6.666666666666666297e-01 5.555555555555555802e-01 6.666666666666666297e-01 4.615384615384615641e-01 5.000000000000000000e-01 4.000000000000000222e-01 7.142857142857143016e-01 5.000000000000000000e-01 7.333333333333332815e-01
3.076923076923077094e-01 3.333333333333333148e-01 1.000000000000000056e-01 2.500000000000000000e-01 3.076923076923077094e-01 5.000000000000000000e-01 4.444444444444444198e-01 5.833333333333333703e-01 3.846153846153846367e-01 5.000000000000000000e-01 4.000000000000000222e-01 5.000000000000000000e-01 5.000000000000000000e-01 5.333333333333333259e-01
4.000000000000000222e-01 4.285714285714285476e-01 nan 1.000000000000000000e+00 5.000000000000000000e-01 6.250000000000000000e-01 5.000000000000000000e-01 2.500000000000000000e-01 5.000000000000000000e-01 5.714285714285713969e-01 4.000000000000000222e-01 5.000000000000000000e-01 4.000000000000000222e-01 5.555555555555555802e-01
3.076923076923077094e-01 2.666666666666666630e-01 5.000000000000000000e-01 5.000000000000000000e-01 4.615384615384615641e-01 5.833333333333333703e-01 3.333333333333333148e-01 2.500000000000000000e-01 3.846153846153846367e-01 5.000000000000000000e-01 5.999999999999999778e-01 3.571428571428571508e-01 4.000000000000000222e-01 3.333333333333333148e-01
1.666666666666666574e-01 2.999999999999999889e-01 nan 5.000000000000000000e-01 3.333333333333333148e-01 4.166666666666666852e-01 3.333333333333333148e-01 2.500000000000000000e-01 2.999999999999999889e-01 4.000000000000000222e-01 1.428571428571428492e-01 2.999999999999999889e-01 2.857142857142856984e-01 4.166666666666666852e-01
4.166666666666666852e-01 4.000000000000000222e-01 4.000000000000000222e-01 6.250000000000000000e-01 3.846153846153846367e-01 2.500000000000000000e-01 3.333333333333333148e-01 4.166666666666666852e-01 3.076923076923077094e-01 2.999999999999999889e-01 5.000000000000000000e-01 3.571428571428571508e-01 2.999999999999999889e-01 2.000000000000000111e-01
