1.000000000000000056e-01 2.500000000000000000e-01 nan 1.250000000000000000e-01 3.333333333333333148e-01 nan nan nan nan nan nan 1.428571428571428492e-01 nan 1.000000000000000000e+00
6.250000000000000000e-02 1.538461538461538547e-01 2.857142857142856984e-01 3.333333333333333148e-01 3.333333333333333148e-01 3.750000000000000000e-01 2.000000000000000111e-01 2.941176470588235392e-01 2.222222222222222099e-01 4.000000000000000222e-01 2.173913043478260809e-01 4.000000000000000222e-01 3.333333333333333148e-01 2.500000000000000000e-01
5.833333333333333703e-01 6.923076923076922906e-01 1.818181818181818232e-01 5.000000000000000000e-01 4.444444444444444198e-01 3.750000000000000000e-01 4.000000000000000222e-01 4.000000000000000222e-01 3.888888888888888951e-01 2.000000000000000111e-01 4.615384615384615641e-01 2.857142857142856984e-01 4.166666666666666852e-01 5.000000000000000000e-01
1.666666666666666574e-01 3.076923076923077094e-01 2.500000000000000000e-01 1.538461538461538547e-01 2.222222222222222099e-01 3.750000000000000000e-01 4.000000000000000222e-01 2.941176470588235392e-01 2.222222222222222099e-01 2.000000000000000111e-01 3.200000000000000067e-01 2.222222222222222099e-01 2.500000000000000000e-01 2.500000000000000000e-01
5.555555555555555802e-01 4.166666666666666852e-01 5.000000000000000000e-01 3.333333333333333148e-01 4.444444444444444198e-01 1.250000000000000000e-01 8.000000000000000444e-01 5.384615384615384359e-01 4.000000000000000222e-01 5.999999999999999778e-01 2.999999999999999889e-01 3.076923076923077094e-01 5.000000000000000000e-01 4.375000000000000000e-01
1.666666666666666574e-01 3.846153846153846367e-01 4.375000000000000000e-01 4.615384615384615641e-01 3.333333333333333148e-01 5.000000000000000000e-01 8.000000000000000444e-01 3.529411764705882582e-01 4.444444444444444198e-01 2.000000000000000111e-01 3.599999999999999867e-01 2.777777777777777901e-01 3.333333333333333148e-01 3.750000000000000000e-01
3.333333333333333148e-01 3.846153846153846367e-01 2.500000000000000000e-01 5.384615384615384359e-01 4.444444444444444198e-01 6.250000000000000000e-01 8.000000000000000444e-01 4.705882352941176405e-01 4.444444444444444198e-01 4.000000000000000222e-01 4.000000000000000222e-01 3.888888888888888951e-01 6.666666666666666297e-01 3.750000000000000000e-01
1.000000000000000000e+00 5.000000000000000000e-01 3.333333333333333148e-01 5.000000000000000000e-01 5.000000000000000000e-01 2.500000000000000000e-01 2.500000000000000000e-01 4.285714285714285476e-01 4.000000000000000222e-01 3.333333333333333148e-01 8.000000000000000444e-01 5.999999999999999778e-01 3.333333333333333148e-01 3.333333333333333148e-01
1.250000000000000000e-01 3.333333333333333148e-01 2.222222222222222099e-01 5.000000000000000000e-01 5.882352941176470507e-02 3.750000000000000000e-01 2.000000000000000111e-01 1.818181818181818232e-01 3.076923076923077094e-01 4.000000000000000222e-01 2.000000000000000111e-01 2.307692307692307820e-01 3.333333333333333148e-01 3.750000000000000000e-01
6.666666666666666297e-01 5.000000000000000000e-01 5.999999999999999778e-01 4.000000000000000222e-01 6.363636363636363535e-01 4.285714285714285476e-01 5.999999999999999778e-01 2.857142857142856984e-01 5.000000000000000000e-01 6.666666666666666297e-01 5.000000000000000000e-01 2.857142857142856984e-01 4.000000000000000222e-01 5.000000000000000000e-01
1.111111111111111049e-01 3.333333333333333148e-01 2.999999999999999889e-01 1.666666666666666574e-01 1.666666666666666574e-01 2.500000000000000000e-01 4.000000000000000222e-01 3.076923076923077094e-01 2.666666666666666630e-01 nan 2.000000000000000111e-01 2.307692307692307820e-01 3.333333333333333148e-01 1.250000000000000000e-01
