nan nan nan nan nan nan nan nan nan nan nan nan nan nan
9.090909090909091161e-02 2.999999999999999889e-01 2.857142857142856984e-01 nan 1.666666666666666574e-01 1.666666666666666574e-01 3.333333333333333148e-01 1.250000000000000000e-01 1.250000000000000000e-01 nan nan 1.250000000000000000e-01 9.090909090909091161e-02 nan
nan nan 1.428571428571428492e-01 3.333333333333333148e-01 8.333333333333332871e-02 1.666666666666666574e-01 3.333333333333333148e-01 nan 1.250000000000000000e-01 1.666666666666666574e-01 1.538461538461538547e-01 nan 9.090909090909091161e-02 2.500000000000000000e-01
2.727272727272727071e-01 4.000000000000000222e-01 1.428571428571428492e-01 5.000000000000000000e-01 4.166666666666666852e-01 3.333333333333333148e-01 3.333333333333333148e-01 2.500000000000000000e-01 5.000000000000000000e-01 1.666666666666666574e-01 3.846153846153846367e-01 5.000000000000000000e-01 3.636363636363636465e-01 5.000000000000000000e-01
1.818181818181818232e-01 2.000000000000000111e-01 1.428571428571428492e-01 nan 2.500000000000000000e-01 3.333333333333333148e-01 nan 2.500000000000000000e-01 3.750000000000000000e-01 nan 7.692307692307692735e-02 2.500000000000000000e-01 1.818181818181818232e-01 2.500000000000000000e-01
2.727272727272727071e-01 4.000000000000000222e-01 4.285714285714285476e-01 nan 2.500000000000000000e-01 3.333333333333333148e-01 nan 2.500000000000000000e-01 3.750000000000000000e-01 3.333333333333333148e-01 1.538461538461538547e-01 3.750000000000000000e-01 1.818181818181818232e-01 2.500000000000000000e-01
2.727272727272727071e-01 2.999999999999999889e-01 5.714285714285713969e-01 1.666666666666666574e-01 2.500000000000000000e-01 3.333333333333333148e-01 3.333333333333333148e-01 2.500000000000000000e-01 2.500000000000000000e-01 3.333333333333333148e-01 2.307692307692307820e-01 1.250000000000000000e-01 9.090909090909091161e-02 2.500000000000000000e-01
5.000000000000000000e-01 5.000000000000000000e-01 6.666666666666666297e-01 nan 6.666666666666666297e-01 7.500000000000000000e-01 6.666666666666666297e-01 4.000000000000000222e-01 7.500000000000000000e-01 1.000000000000000000e+00 2.000000000000000111e-01 5.000000000000000000e-01 5.000000000000000000e-01 7.500000000000000000e-01
3.636363636363636465e-01 2.000000000000000111e-01 2.857142857142856984e-01 5.000000000000000000e-01 2.500000000000000000e-01 1.666666666666666574e-01 3.333333333333333148e-01 3.750000000000000000e-01 2.500000000000000000e-01 5.000000000000000000e-01 1.538461538461538547e-01 2.500000000000000000e-01 4.545454545454545303e-01 2.500000000000000000e-01
2.500000000000000000e-01 5.714285714285713969e-01 4.000000000000000222e-01 6.666666666666666297e-01 6.250000000000000000e-01 6.666666666666666297e-01 3.333333333333333148e-01 5.714285714285713969e-01 8.333333333333333703e-01 5.000000000000000000e-01 3.750000000000000000e-01 7.500000000000000000e-01 4.285714285714285476e-01 5.000000000000000000e-01
1.818181818181818232e-01 2.999999999999999889e-01 2.857142857142856984e-01 3.333333333333333148e-01 3.333333333333333148e-01 3.333333333333333148e-01 3.333333333333333148e-01 2.500000000000000000e-01 3.750000000000000000e-01 1.666666666666666574e-01 3.076923076923077094e-01 3.750000000000000000e-01 1.818181818181818232e-01 5.000000000000000000e-01
