2.307692307692307820e-01 1.538461538461538547e-01 2.666666666666666630e-01 2.941176470588235392e-01 3.333333333333333148e-01 nan nan 3.750000000000000000e-01 5.000000000000000000e-01 5.000000000000000000e-01 1.428571428571428492e-01 2.222222222222222099e-01 nan 6.666666666666666297e-01
2.368421052631578816e-01 2.500000000000000000e-01 2.592592592592592449e-01 2.631578947368420907e-01 2.916666666666666852e-01 2.142857142857142738e-01 2.727272727272727071e-01 2.972972972972973138e-01 2.083333333333333426e-01 2.142857142857142738e-01 2.999999999999999889e-01 2.000000000000000111e-01 1.250000000000000000e-01 1.578947368421052544e-01
1.724137931034482873e-01 3.750000000000000000e-01 2.608695652173912971e-01 1.666666666666666574e-01 2.500000000000000000e-01 2.142857142857142738e-01 2.727272727272727071e-01 1.935483870967741882e-01 2.500000000000000000e-01 4.285714285714285476e-01 1.666666666666666574e-01 3.214285714285714524e-01 2.083333333333333426e-01 3.157894736842105088e-01
3.541666666666666852e-01 3.437500000000000000e-01 2.272727272727272652e-01 3.571428571428571508e-01 4.166666666666666852e-01 5.000000000000000000e-01 5.454545454545454142e-01 2.972972972972973138e-01 4.583333333333333148e-01 2.857142857142856984e-01 3.617021276595744905e-01 4.210526315789473450e-01 3.333333333333333148e-01 3.157894736842105088e-01
2.592592592592592449e-01 3.333333333333333148e-01 2.857142857142856984e-01 2.727272727272727071e-01 3.750000000000000000e-01 5.000000000000000000e-01 3.636363636363636465e-01 3.200000000000000067e-01 4.761904761904761640e-01 2.857142857142856984e-01 1.304347826086956486e-01 4.347826086956521618e-01 3.750000000000000000e-01 4.210526315789473450e-01
2.708333333333333148e-01 4.687500000000000000e-01 3.157894736842105088e-01 3.599999999999999867e-01 3.333333333333333148e-01 2.857142857142856984e-01 2.727272727272727071e-01 4.324324324324324564e-01 3.750000000000000000e-01 4.285714285714285476e-01 3.111111111111111160e-01 2.105263157894736725e-01 2.083333333333333426e-01 3.684210526315789269e-01
3.958333333333333148e-01 3.750000000000000000e-01 3.684210526315789269e-01 4.400000000000000022e-01 5.416666666666666297e-01 5.000000000000000000e-01 3.636363636363636465e-01 5.135135135135134865e-01 5.416666666666666297e-01 3.571428571428571508e-01 2.888888888888888618e-01 2.368421052631578816e-01 2.500000000000000000e-01 3.684210526315789269e-01
3.333333333333333148e-01 4.444444444444444198e-01 2.999999999999999889e-01 2.500000000000000000e-01 4.444444444444444198e-01 4.285714285714285476e-01 3.333333333333333148e-01 2.000000000000000111e-01 3.750000000000000000e-01 6.666666666666666297e-01 1.000000000000000056e-01 3.750000000000000000e-01 4.444444444444444198e-01 4.285714285714285476e-01
3.200000000000000067e-01 2.916666666666666852e-01 2.777777777777777901e-01 5.454545454545454142e-01 2.727272727272727071e-01 2.857142857142856984e-01 3.636363636363636465e-01 3.913043478260869734e-01 2.380952380952380820e-01 5.000000000000000000e-01 2.380952380952380820e-01 3.478260869565217295e-01 5.416666666666666297e-01 3.157894736842105088e-01
3.125000000000000000e-01 4.666666666666666741e-01 5.000000000000000000e-01 4.444444444444444198e-01 6.428571428571429047e-01 6.428571428571429047e-01 6.363636363636363535e-01 5.999999999999999778e-01 7.142857142857143016e-01 5.999999999999999778e-01 5.384615384615384359e-01 5.833333333333333703e-01 4.375000000000000000e-01 5.000000000000000000e-01
2.222222222222222099e-01 2.962962962962962798e-01 2.857142857142856984e-01 4.545454545454545303e-01 2.500000000000000000e-01 3.571428571428571508e-01 3.636363636363636465e-01 2.800000000000000266e-01 3.809523809523809312e-01 2.142857142857142738e-01 3.478260869565217295e-01 3.478260869565217295e-01 2.083333333333333426e-01 3.157894736842105088e-01
