2.142857142857142738e-01 1.000000000000000056e-01 2.142857142857142738e-01 3.750000000000000000e-01 1.000000000000000000e+00 nan nan 2.500000000000000000e-01 nan 5.000000000000000000e-01 2.000000000000000111e-01 1.000000000000000056e-01 nan 1.000000000000000000e+00
3.181818181818181768e-01 1.578947368421052544e-01 2.857142857142856984e-01 nan 3.636363636363636465e-01 2.222222222222222099e-01 3.333333333333333148e-01 4.210526315789473450e-01 2.500000000000000000e-01 2.999999999999999889e-01 5.000000000000000000e-01 2.105263157894736725e-01 1.818181818181818232e-01 2.727272727272727071e-01
2.500000000000000000e-01 5.789473684210526550e-01 3.636363636363636465e-01 nan 3.636363636363636465e-01 2.222222222222222099e-01 3.333333333333333148e-01 3.333333333333333148e-01 4.166666666666666852e-01 5.000000000000000000e-01 2.727272727272727071e-01 4.705882352941176405e-01 2.727272727272727071e-01 4.545454545454545303e-01
3.846153846153846367e-01 3.157894736842105088e-01 2.272727272727272652e-01 4.166666666666666852e-01 5.454545454545454142e-01 7.777777777777777901e-01 8.333333333333333703e-01 4.736842105263157632e-01 5.833333333333333703e-01 4.000000000000000222e-01 4.761904761904761640e-01 4.285714285714285476e-01 3.636363636363636465e-01 4.545454545454545303e-01
2.142857142857142738e-01 2.500000000000000000e-01 2.000000000000000111e-01 4.000000000000000222e-01 3.333333333333333148e-01 3.333333333333333148e-01 1.666666666666666574e-01 2.000000000000000111e-01 4.166666666666666852e-01 2.000000000000000111e-01 1.000000000000000056e-01 3.571428571428571508e-01 2.727272727272727071e-01 3.636363636363636465e-01
1.923076923076923184e-01 3.157894736842105088e-01 2.222222222222222099e-01 2.000000000000000111e-01 1.818181818181818232e-01 1.111111111111111049e-01 1.666666666666666574e-01 2.631578947368420907e-01 1.666666666666666574e-01 2.999999999999999889e-01 2.857142857142856984e-01 1.428571428571428492e-01 9.090909090909091161e-02 2.727272727272727071e-01
3.461538461538461453e-01 2.631578947368420907e-01 3.888888888888888951e-01 2.000000000000000111e-01 5.454545454545454142e-01 4.444444444444444198e-01 3.333333333333333148e-01 4.210526315789473450e-01 5.000000000000000000e-01 2.000000000000000111e-01 1.428571428571428492e-01 1.904761904761904656e-01 3.636363636363636465e-01 4.545454545454545303e-01
3.333333333333333148e-01 4.000000000000000222e-01 2.000000000000000111e-01 5.000000000000000000e-01 5.000000000000000000e-01 5.000000000000000000e-01 2.000000000000000111e-01 2.857142857142856984e-01 2.500000000000000000e-01 5.000000000000000000e-01 nan 3.333333333333333148e-01 5.000000000000000000e-01 5.000000000000000000e-01
3.076923076923077094e-01 2.307692307692307820e-01 2.500000000000000000e-01 5.999999999999999778e-01 2.727272727272727071e-01 2.222222222222222099e-01 3.333333333333333148e-01 4.000000000000000222e-01 2.500000000000000000e-01 4.000000000000000222e-01 1.250000000000000000e-01 2.857142857142856984e-01 5.454545454545454142e-01 3.636363636363636465e-01
5.000000000000000000e-01 5.000000000000000000e-01 8.000000000000000444e-01 5.000000000000000000e-01 6.250000000000000000e-01 6.666666666666666297e-01 1.000000000000000000e+00 5.833333333333333703e-01 7.500000000000000000e-01 8.333333333333333703e-01 8.333333333333333703e-01 5.714285714285713969e-01 5.000000000000000000e-01 5.555555555555555802e-01
1.428571428571428492e-01 2.500000000000000000e-01 2.000000000000000111e-01 2.000000000000000111e-01 2.500000000000000000e-01 3.333333333333333148e-01 3.333333333333333148e-01 2.666666666666666630e-01 3.333333333333333148e-01 1.000000000000000056e-01 2.999999999999999889e-01 2.857142857142856984e-01 1.818181818181818232e-01 2.727272727272727071e-01
