nan nan nan nan nan nan nan nan nan nan nan nan nan nan
1.428571428571428492e-01 3.333333333333333148e-01 3.333333333333333148e-01 2.500000000000000000e-01 3.333333333333333148e-01 2.857142857142856984e-01 1.818181818181818232e-01 4.000000000000000222e-01 2.857142857142856984e-01 1.666666666666666574e-01 nan 3.750000000000000000e-01 2.500000000000000000e-01 1.250000000000000000e-01
2.857142857142856984e-01 3.333333333333333148e-01 nan nan 1.666666666666666574e-01 1.428571428571428492e-01 9.090909090909091161e-02 2.000000000000000111e-01 1.428571428571428492e-01 1.666666666666666574e-01 1.666666666666666574e-01 1.250000000000000000e-01 1.250000000000000000e-01 1.250000000000000000e-01
nan nan nan 2.500000000000000000e-01 1.666666666666666574e-01 2.857142857142856984e-01 2.727272727272727071e-01 2.000000000000000111e-01 1.428571428571428492e-01 5.000000000000000000e-01 nan 1.250000000000000000e-01 2.500000000000000000e-01 3.750000000000000000e-01
4.285714285714285476e-01 3.333333333333333148e-01 2.222222222222222099e-01 2.500000000000000000e-01 3.333333333333333148e-01 4.285714285714285476e-01 3.636363636363636465e-01 2.000000000000000111e-01 2.857142857142856984e-01 3.333333333333333148e-01 5.000000000000000000e-01 2.500000000000000000e-01 3.750000000000000000e-01 3.750000000000000000e-01
7.142857142857143016e-01 3.333333333333333148e-01 3.333333333333333148e-01 5.000000000000000000e-01 6.666666666666666297e-01 5.714285714285713969e-01 3.636363636363636465e-01 8.000000000000000444e-01 7.142857142857143016e-01 5.000000000000000000e-01 6.666666666666666297e-01 3.750000000000000000e-01 3.750000000000000000e-01 3.750000000000000000e-01
7.142857142857143016e-01 3.333333333333333148e-01 4.444444444444444198e-01 2.500000000000000000e-01 8.333333333333333703e-01 7.142857142857143016e-01 4.545454545454545303e-01 8.000000000000000444e-01 8.571428571428570953e-01 5.000000000000000000e-01 6.666666666666666297e-01 2.500000000000000000e-01 3.750000000000000000e-01 5.000000000000000000e-01
2.500000000000000000e-01 5.000000000000000000e-01 3.333333333333333148e-01 5.000000000000000000e-01 2.500000000000000000e-01 2.000000000000000111e-01 3.750000000000000000e-01 3.333333333333333148e-01 4.000000000000000222e-01 3.333333333333333148e-01 3.333333333333333148e-01 1.666666666666666574e-01 2.500000000000000000e-01 2.000000000000000111e-01
2.857142857142856984e-01 nan 3.333333333333333148e-01 nan 1.666666666666666574e-01 2.857142857142856984e-01 3.636363636363636465e-01 2.000000000000000111e-01 1.428571428571428492e-01 3.333333333333333148e-01 1.666666666666666574e-01 2.500000000000000000e-01 1.250000000000000000e-01 3.750000000000000000e-01
5.714285714285713969e-01 nan 6.666666666666666297e-01 2.500000000000000000e-01 3.333333333333333148e-01 2.857142857142856984e-01 2.727272727272727071e-01 2.000000000000000111e-01 4.285714285714285476e-01 nan 5.000000000000000000e-01 3.750000000000000000e-01 3.750000000000000000e-01 2.500000000000000000e-01
1.428571428571428492e-01 3.333333333333333148e-01 1.111111111111111049e-01 2.500000000000000000e-01 nan 1.428571428571428492e-01 1.818181818181818232e-01 nan nan 1.666666666666666574e-01 1.666666666666666574e-01 1.250000000000000000e-01 2.500000000000000000e-01 1.250000000000000000e-01
