7.142857142857142461e-02 nan 3.333333333333333148e-01 3.636363636363636465e-01 nan nan nan 1.428571428571428492e-01 nan nan 1.333333333333333315e-01 2.727272727272727071e-01 nan nan
3.529411764705882582e-01 4.000000000000000222e-01 2.222222222222222099e-01 9.090909090909091161e-02 4.545454545454545303e-01 2.500000000000000000e-01 nan 4.444444444444444198e-01 3.333333333333333148e-01 2.307692307692307820e-01 3.333333333333333148e-01 4.210526315789473450e-01 1.428571428571428492e-01 2.500000000000000000e-01
4.000000000000000222e-01 3.333333333333333148e-01 2.500000000000000000e-01 3.636363636363636465e-01 3.636363636363636465e-01 3.750000000000000000e-01 4.285714285714285476e-01 2.857142857142856984e-01 3.333333333333333148e-01 4.615384615384615641e-01 4.545454545454545303e-01 4.000000000000000222e-01 7.142857142857143016e-01 4.166666666666666852e-01
3.200000000000000067e-01 3.333333333333333148e-01 3.200000000000000067e-01 4.705882352941176405e-01 1.818181818181818232e-01 3.750000000000000000e-01 4.285714285714285476e-01 2.777777777777777901e-01 2.000000000000000111e-01 3.846153846153846367e-01 3.157894736842105088e-01 3.636363636363636465e-01 4.285714285714285476e-01 2.500000000000000000e-01
4.615384615384615641e-01 5.000000000000000000e-01 nan 2.000000000000000111e-01 4.545454545454545303e-01 6.250000000000000000e-01 7.142857142857143016e-01 4.545454545454545303e-01 6.666666666666666297e-01 6.153846153846154188e-01 3.636363636363636465e-01 5.000000000000000000e-01 7.142857142857143016e-01 5.833333333333333703e-01
4.000000000000000222e-01 4.666666666666666741e-01 3.333333333333333148e-01 4.000000000000000222e-01 3.636363636363636465e-01 6.250000000000000000e-01 7.142857142857143016e-01 6.666666666666666297e-01 4.000000000000000222e-01 5.384615384615384359e-01 5.384615384615384359e-01 5.454545454545454142e-01 5.714285714285713969e-01 5.833333333333333703e-01
4.000000000000000222e-01 4.000000000000000222e-01 2.916666666666666852e-01 2.666666666666666630e-01 3.636363636363636465e-01 5.000000000000000000e-01 4.285714285714285476e-01 6.111111111111111605e-01 4.666666666666666741e-01 4.615384615384615641e-01 5.384615384615384359e-01 5.000000000000000000e-01 4.285714285714285476e-01 4.166666666666666852e-01
5.000000000000000000e-01 4.000000000000000222e-01 1.666666666666666574e-01 nan 1.000000000000000000e+00 1.000000000000000000e+00 7.500000000000000000e-01 3.333333333333333148e-01 7.500000000000000000e-01 5.714285714285713969e-01 4.000000000000000222e-01 5.999999999999999778e-01 3.333333333333333148e-01 8.000000000000000444e-01
2.500000000000000000e-01 1.538461538461538547e-01 4.285714285714285476e-01 5.000000000000000000e-01 3.333333333333333148e-01 3.750000000000000000e-01 2.857142857142856984e-01 1.000000000000000056e-01 9.090909090909091161e-02 3.076923076923077094e-01 3.750000000000000000e-01 2.500000000000000000e-01 2.857142857142856984e-01 1.666666666666666574e-01
3.750000000000000000e-01 5.555555555555555802e-01 1.666666666666666574e-01 5.999999999999999778e-01 6.666666666666666297e-01 6.250000000000000000e-01 5.714285714285713969e-01 3.333333333333333148e-01 5.714285714285713969e-01 5.000000000000000000e-01 2.000000000000000111e-01 3.750000000000000000e-01 nan 5.555555555555555802e-01
3.076923076923077094e-01 2.857142857142856984e-01 3.750000000000000000e-01 5.000000000000000000e-01 4.545454545454545303e-01 3.750000000000000000e-01 5.714285714285713969e-01 3.636363636363636465e-01 3.333333333333333148e-01 3.846153846153846367e-01 4.545454545454545303e-01 4.285714285714285476e-01 2.857142857142856984e-01 3.333333333333333148e-01
