nan nan nan nan nan nan nan nan nan nan nan nan nan nan
4.285714285714285476e-01 5.714285714285713969e-01 3.333333333333333148e-01 2.000000000000000111e-01 4.285714285714285476e-01 2.857142857142856984e-01 2.500000000000000000e-01 5.714285714285713969e-01 3.636363636363636465e-01 2.727272727272727071e-01 nan 3.076923076923077094e-01 1.428571428571428492e-01 3.076923076923077094e-01
2.857142857142856984e-01 2.857142857142856984e-01 nan 5.999999999999999778e-01 5.000000000000000000e-01 5.714285714285713969e-01 3.750000000000000000e-01 4.285714285714285476e-01 4.545454545454545303e-01 4.545454545454545303e-01 1.000000000000000000e+00 5.384615384615384359e-01 5.714285714285713969e-01 5.384615384615384359e-01
4.285714285714285476e-01 1.428571428571428492e-01 nan 2.000000000000000111e-01 1.428571428571428492e-01 1.428571428571428492e-01 1.250000000000000000e-01 1.428571428571428492e-01 1.818181818181818232e-01 3.636363636363636465e-01 nan 7.692307692307692735e-02 1.428571428571428492e-01 1.538461538461538547e-01
4.285714285714285476e-01 1.428571428571428492e-01 nan 2.000000000000000111e-01 5.000000000000000000e-01 5.000000000000000000e-01 3.750000000000000000e-01 4.285714285714285476e-01 5.454545454545454142e-01 3.636363636363636465e-01 6.666666666666666297e-01 4.615384615384615641e-01 2.857142857142856984e-01 4.615384615384615641e-01
7.142857142857143016e-01 7.142857142857143016e-01 nan 5.999999999999999778e-01 5.714285714285713969e-01 7.142857142857143016e-01 6.250000000000000000e-01 1.000000000000000000e+00 6.363636363636363535e-01 6.363636363636363535e-01 3.333333333333333148e-01 8.461538461538461453e-01 5.714285714285713969e-01 7.692307692307692735e-01
2.857142857142856984e-01 5.714285714285713969e-01 nan 5.999999999999999778e-01 3.571428571428571508e-01 5.000000000000000000e-01 6.250000000000000000e-01 8.571428571428570953e-01 4.545454545454545303e-01 5.454545454545454142e-01 3.333333333333333148e-01 6.153846153846154188e-01 5.714285714285713969e-01 5.384615384615384359e-01
5.000000000000000000e-01 3.333333333333333148e-01 nan 5.000000000000000000e-01 5.000000000000000000e-01 5.999999999999999778e-01 4.285714285714285476e-01 nan 5.555555555555555802e-01 5.555555555555555802e-01 6.666666666666666297e-01 5.555555555555555802e-01 4.000000000000000222e-01 5.999999999999999778e-01
5.714285714285713969e-01 4.285714285714285476e-01 3.333333333333333148e-01 5.999999999999999778e-01 5.000000000000000000e-01 5.000000000000000000e-01 3.750000000000000000e-01 2.857142857142856984e-01 4.545454545454545303e-01 6.363636363636363535e-01 1.000000000000000000e+00 4.615384615384615641e-01 5.714285714285713969e-01 4.615384615384615641e-01
5.714285714285713969e-01 2.857142857142856984e-01 nan 5.999999999999999778e-01 4.285714285714285476e-01 5.000000000000000000e-01 3.750000000000000000e-01 2.857142857142856984e-01 4.545454545454545303e-01 5.454545454545454142e-01 3.333333333333333148e-01 4.615384615384615641e-01 4.285714285714285476e-01 5.384615384615384359e-01
2.857142857142856984e-01 nan nan 5.999999999999999778e-01 2.142857142857142738e-01 2.142857142857142738e-01 2.500000000000000000e-01 1.428571428571428492e-01 1.818181818181818232e-01 2.727272727272727071e-01 6.666666666666666297e-01 2.307692307692307820e-01 2.857142857142856984e-01 2.307692307692307820e-01
