2.083333333333333426e-01 4.444444444444444198e-01 3.571428571428571508e-01 3.478260869565217295e-01 4.285714285714285476e-01 nan nan 2.352941176470588203e-01 1.000000000000000056e-01 nan 1.481481481481481399e-01 3.684210526315789269e-01 nan 1.000000000000000000e+00
2.777777777777777901e-01 2.592592592592592449e-01 2.758620689655172376e-01 2.962962962962962798e-01 4.230769230769230727e-01 3.636363636363636465e-01 4.000000000000000222e-01 4.000000000000000222e-01 2.962962962962962798e-01 4.285714285714285476e-01 2.750000000000000222e-01 4.285714285714285476e-01 2.777777777777777901e-01 2.500000000000000000e-01
4.666666666666666741e-01 5.555555555555555802e-01 2.500000000000000000e-01 3.888888888888888951e-01 4.615384615384615641e-01 3.636363636363636465e-01 2.000000000000000111e-01 3.333333333333333148e-01 3.703703703703703498e-01 1.428571428571428492e-01 4.000000000000000222e-01 2.999999999999999889e-01 3.333333333333333148e-01 4.583333333333333148e-01
2.325581395348837177e-01 2.962962962962962798e-01 3.023255813953488191e-01 3.157894736842105088e-01 2.692307692307692180e-01 4.545454545454545303e-01 2.999999999999999889e-01 2.571428571428571175e-01 2.222222222222222099e-01 4.285714285714285476e-01 4.347826086956521618e-01 2.250000000000000056e-01 3.333333333333333148e-01 3.333333333333333148e-01
2.692307692307692180e-01 2.608695652173912971e-01 2.777777777777777901e-01 2.857142857142856984e-01 3.750000000000000000e-01 1.818181818181818232e-01 6.999999999999999556e-01 3.846153846153846367e-01 3.333333333333333148e-01 4.285714285714285476e-01 2.083333333333333426e-01 2.800000000000000266e-01 3.888888888888888951e-01 3.750000000000000000e-01
3.023255813953488191e-01 4.444444444444444198e-01 4.166666666666666852e-01 4.117647058823529216e-01 4.230769230769230727e-01 6.363636363636363535e-01 5.999999999999999778e-01 4.000000000000000222e-01 4.814814814814814548e-01 4.285714285714285476e-01 4.222222222222222210e-01 2.999999999999999889e-01 3.888888888888888951e-01 4.583333333333333148e-01
3.488372093023255904e-01 3.703703703703703498e-01 3.611111111111111049e-01 4.117647058823529216e-01 4.230769230769230727e-01 6.363636363636363535e-01 4.000000000000000222e-01 4.000000000000000222e-01 3.703703703703703498e-01 2.857142857142856984e-01 3.111111111111111160e-01 2.999999999999999889e-01 6.111111111111111605e-01 4.166666666666666852e-01
4.444444444444444198e-01 2.857142857142856984e-01 2.857142857142856984e-01 4.000000000000000222e-01 6.250000000000000000e-01 5.000000000000000000e-01 2.857142857142856984e-01 4.545454545454545303e-01 5.714285714285713969e-01 5.000000000000000000e-01 5.000000000000000000e-01 5.000000000000000000e-01 5.000000000000000000e-01 4.000000000000000222e-01
3.043478260869565410e-01 4.545454545454545303e-01 2.500000000000000000e-01 3.571428571428571508e-01 2.380952380952380820e-01 5.454545454545454142e-01 2.999999999999999889e-01 3.181818181818181768e-01 3.684210526315789269e-01 5.714285714285713969e-01 3.333333333333333148e-01 3.043478260869565410e-01 3.888888888888888951e-01 4.583333333333333148e-01
4.615384615384615641e-01 4.000000000000000222e-01 6.666666666666666297e-01 4.545454545454545303e-01 6.153846153846154188e-01 4.444444444444444198e-01 5.000000000000000000e-01 2.857142857142856984e-01 5.000000000000000000e-01 5.999999999999999778e-01 4.615384615384615641e-01 3.125000000000000000e-01 4.615384615384615641e-01 4.615384615384615641e-01
2.307692307692307820e-01 3.478260869565217295e-01 3.333333333333333148e-01 2.142857142857142738e-01 2.083333333333333426e-01 3.636363636363636465e-01 5.000000000000000000e-01 3.076923076923077094e-01 3.333333333333333148e-01 1.428571428571428492e-01 2.916666666666666852e-01 3.200000000000000067e-01 3.333333333333333148e-01 3.333333333333333148e-01
