7.692307692307692735e-02 3.333333333333333148e-01 3.571428571428571508e-01 2.500000000000000000e-01 3.333333333333333148e-01 nan nan 1.111111111111111049e-01 nan nan 2.000000000000000111e-01 3.750000000000000000e-01 nan nan
4.117647058823529216e-01 3.636363636363636465e-01 3.333333333333333148e-01 3.750000000000000000e-01 5.384615384615384359e-01 5.000000000000000000e-01 5.000000000000000000e-01 5.238095238095238360e-01 3.333333333333333148e-01 5.000000000000000000e-01 4.166666666666666852e-01 4.736842105263157632e-01 5.000000000000000000e-01 3.636363636363636465e-01
5.000000000000000000e-01 7.272727272727272929e-01 2.999999999999999889e-01 3.750000000000000000e-01 5.384615384615384359e-01 5.000000000000000000e-01 1.666666666666666574e-01 4.000000000000000222e-01 4.166666666666666852e-01 2.500000000000000000e-01 2.727272727272727071e-01 3.750000000000000000e-01 5.000000000000000000e-01 5.454545454545454142e-01
1.499999999999999944e-01 3.636363636363636465e-01 2.000000000000000111e-01 4.285714285714285476e-01 3.076923076923077094e-01 8.333333333333333703e-01 5.000000000000000000e-01 2.380952380952380820e-01 3.333333333333333148e-01 7.500000000000000000e-01 3.499999999999999778e-01 2.857142857142856984e-01 3.750000000000000000e-01 3.636363636363636465e-01
1.666666666666666574e-01 2.999999999999999889e-01 2.857142857142856984e-01 1.666666666666666574e-01 3.333333333333333148e-01 1.666666666666666574e-01 5.000000000000000000e-01 3.333333333333333148e-01 4.444444444444444198e-01 5.000000000000000000e-01 1.818181818181818232e-01 3.333333333333333148e-01 3.750000000000000000e-01 3.636363636363636465e-01
2.000000000000000111e-01 4.545454545454545303e-01 5.000000000000000000e-01 4.166666666666666852e-01 3.846153846153846367e-01 6.666666666666666297e-01 5.000000000000000000e-01 4.285714285714285476e-01 5.000000000000000000e-01 5.000000000000000000e-01 5.714285714285713969e-01 4.285714285714285476e-01 3.750000000000000000e-01 4.545454545454545303e-01
2.999999999999999889e-01 4.545454545454545303e-01 4.444444444444444198e-01 5.000000000000000000e-01 3.846153846153846367e-01 5.000000000000000000e-01 3.333333333333333148e-01 4.285714285714285476e-01 3.333333333333333148e-01 nan 3.571428571428571508e-01 3.809523809523809312e-01 5.000000000000000000e-01 3.636363636363636465e-01
5.000000000000000000e-01 5.000000000000000000e-01 5.000000000000000000e-01 6.666666666666666297e-01 7.500000000000000000e-01 6.666666666666666297e-01 4.000000000000000222e-01 5.714285714285713969e-01 7.500000000000000000e-01 1.000000000000000000e+00 4.000000000000000222e-01 5.000000000000000000e-01 7.500000000000000000e-01 5.000000000000000000e-01
2.000000000000000111e-01 2.222222222222222099e-01 2.000000000000000111e-01 3.333333333333333148e-01 2.000000000000000111e-01 5.000000000000000000e-01 1.666666666666666574e-01 2.500000000000000000e-01 2.222222222222222099e-01 5.000000000000000000e-01 3.750000000000000000e-01 3.846153846153846367e-01 3.750000000000000000e-01 5.454545454545454142e-01
3.333333333333333148e-01 5.999999999999999778e-01 7.500000000000000000e-01 6.666666666666666297e-01 5.714285714285713969e-01 4.000000000000000222e-01 5.000000000000000000e-01 2.999999999999999889e-01 4.000000000000000222e-01 6.666666666666666297e-01 6.666666666666666297e-01 3.333333333333333148e-01 5.000000000000000000e-01 5.714285714285713969e-01
3.333333333333333148e-01 5.999999999999999778e-01 7.142857142857143016e-01 3.333333333333333148e-01 3.333333333333333148e-01 5.000000000000000000e-01 6.666666666666666297e-01 3.888888888888888951e-01 5.555555555555555802e-01 2.500000000000000000e-01 3.636363636363636465e-01 4.000000000000000222e-01 6.250000000000000000e-01 6.363636363636363535e-01
