1.000000000000000056e-01 2.500000000000000000e-01 5.000000000000000000e-01 3.333333333333333148e-01 2.000000000000000111e-01 nan nan 2.500000000000000000e-01 1.666666666666666574e-01 nan 2.500000000000000000e-01 2.222222222222222099e-01 nan nan
3.333333333333333148e-01 3.333333333333333148e-01 2.307692307692307820e-01 7.142857142857142461e-02 4.285714285714285476e-01 7.500000000000000000e-01 2.000000000000000111e-01 5.000000000000000000e-01 5.625000000000000000e-01 5.000000000000000000e-01 2.083333333333333426e-01 3.636363636363636465e-01 4.444444444444444198e-01 5.999999999999999778e-01
2.307692307692307820e-01 1.111111111111111049e-01 nan 1.111111111111111049e-01 2.857142857142856984e-01 nan nan 1.333333333333333315e-01 1.875000000000000000e-01 6.666666666666666297e-01 6.250000000000000000e-02 2.777777777777777901e-01 4.444444444444444198e-01 4.000000000000000222e-01
1.666666666666666574e-01 nan 1.764705882352941291e-01 2.941176470588235392e-01 2.857142857142856984e-01 2.500000000000000000e-01 nan 2.222222222222222099e-01 1.250000000000000000e-01 3.333333333333333148e-01 3.703703703703703498e-01 2.608695652173912971e-01 3.333333333333333148e-01 nan
1.666666666666666574e-01 2.500000000000000000e-01 1.111111111111111049e-01 2.500000000000000000e-01 2.500000000000000000e-01 nan nan 1.666666666666666574e-01 2.307692307692307820e-01 nan 4.545454545454545303e-01 2.000000000000000111e-01 1.111111111111111049e-01 nan
3.888888888888888951e-01 5.555555555555555802e-01 3.529411764705882582e-01 4.117647058823529216e-01 4.285714285714285476e-01 7.500000000000000000e-01 4.000000000000000222e-01 5.555555555555555802e-01 5.625000000000000000e-01 1.666666666666666574e-01 3.703703703703703498e-01 3.478260869565217295e-01 2.222222222222222099e-01 2.000000000000000111e-01
3.888888888888888951e-01 5.555555555555555802e-01 2.352941176470588203e-01 2.352941176470588203e-01 5.714285714285713969e-01 7.500000000000000000e-01 4.000000000000000222e-01 3.333333333333333148e-01 5.625000000000000000e-01 3.333333333333333148e-01 2.592592592592592449e-01 3.043478260869565410e-01 3.333333333333333148e-01 4.000000000000000222e-01
3.333333333333333148e-01 3.333333333333333148e-01 3.333333333333333148e-01 5.000000000000000000e-01 4.000000000000000222e-01 3.333333333333333148e-01 5.999999999999999778e-01 2.000000000000000111e-01 2.000000000000000111e-01 2.500000000000000000e-01 2.500000000000000000e-01 1.428571428571428492e-01 3.333333333333333148e-01 5.000000000000000000e-01
2.222222222222222099e-01 nan 2.222222222222222099e-01 1.250000000000000000e-01 1.111111111111111049e-01 2.500000000000000000e-01 4.000000000000000222e-01 1.000000000000000056e-01 9.090909090909091161e-02 1.666666666666666574e-01 2.727272727272727071e-01 2.142857142857142738e-01 1.111111111111111049e-01 nan
1.666666666666666574e-01 nan 4.285714285714285476e-01 5.000000000000000000e-01 2.000000000000000111e-01 2.500000000000000000e-01 4.000000000000000222e-01 4.000000000000000222e-01 3.333333333333333148e-01 nan 2.500000000000000000e-01 3.636363636363636465e-01 2.857142857142856984e-01 nan
nan 2.500000000000000000e-01 1.111111111111111049e-01 2.500000000000000000e-01 8.333333333333332871e-02 nan nan 8.333333333333332871e-02 1.538461538461538547e-01 nan 3.636363636363636465e-01 nan 1.111111111111111049e-01 nan
