nan nan nan nan nan nan nan nan nan nan nan nan nan nan
2.000000000000000111e-01 2.000000000000000111e-01 2.500000000000000000e-01 4.000000000000000222e-01 3.333333333333333148e-01 3.333333333333333148e-01 2.500000000000000000e-01 2.500000000000000000e-01 2.857142857142856984e-01 nan nan 1.666666666666666574e-01 nan 3.333333333333333148e-01
nan nan nan 4.000000000000000222e-01 nan nan nan 2.500000000000000000e-01 nan nan 1.666666666666666574e-01 nan 3.333333333333333148e-01 1.666666666666666574e-01
2.000000000000000111e-01 2.000000000000000111e-01 nan nan nan 1.666666666666666574e-01 5.000000000000000000e-01 1.250000000000000000e-01 2.857142857142856984e-01 nan nan nan nan 1.666666666666666574e-01
2.000000000000000111e-01 4.000000000000000222e-01 3.750000000000000000e-01 2.000000000000000111e-01 6.666666666666666297e-01 6.666666666666666297e-01 7.500000000000000000e-01 3.750000000000000000e-01 7.142857142857143016e-01 2.500000000000000000e-01 1.666666666666666574e-01 3.333333333333333148e-01 5.000000000000000000e-01 6.666666666666666297e-01
4.000000000000000222e-01 4.000000000000000222e-01 6.250000000000000000e-01 5.999999999999999778e-01 6.666666666666666297e-01 5.000000000000000000e-01 5.000000000000000000e-01 3.750000000000000000e-01 5.714285714285713969e-01 5.000000000000000000e-01 1.666666666666666574e-01 5.000000000000000000e-01 5.000000000000000000e-01 6.666666666666666297e-01
5.999999999999999778e-01 2.000000000000000111e-01 6.250000000000000000e-01 4.000000000000000222e-01 6.666666666666666297e-01 5.000000000000000000e-01 5.000000000000000000e-01 3.750000000000000000e-01 4.285714285714285476e-01 5.000000000000000000e-01 3.333333333333333148e-01 3.333333333333333148e-01 1.666666666666666574e-01 5.000000000000000000e-01
2.500000000000000000e-01 5.000000000000000000e-01 2.857142857142856984e-01 nan 2.500000000000000000e-01 nan nan nan 2.000000000000000111e-01 5.000000000000000000e-01 nan nan nan nan
4.000000000000000222e-01 2.000000000000000111e-01 2.500000000000000000e-01 5.999999999999999778e-01 3.333333333333333148e-01 1.666666666666666574e-01 2.500000000000000000e-01 5.000000000000000000e-01 1.428571428571428492e-01 5.000000000000000000e-01 3.333333333333333148e-01 3.333333333333333148e-01 6.666666666666666297e-01 5.000000000000000000e-01
5.999999999999999778e-01 8.000000000000000444e-01 6.250000000000000000e-01 5.999999999999999778e-01 1.000000000000000000e+00 1.000000000000000000e+00 7.500000000000000000e-01 7.500000000000000000e-01 8.571428571428570953e-01 7.500000000000000000e-01 6.666666666666666297e-01 1.000000000000000000e+00 6.666666666666666297e-01 6.666666666666666297e-01
nan nan 1.250000000000000000e-01 4.000000000000000222e-01 nan nan nan 1.250000000000000000e-01 nan nan 1.666666666666666574e-01 1.666666666666666574e-01 1.666666666666666574e-01 nan
