2.688679245283018826e-01 2.919254658385093126e-01 2.808586762075134247e-01 3.034482758620689613e-01 3.333333333333333148e-01 nan nan 2.825278810408922148e-01 2.823529411764705843e-01 2.000000000000000111e-01 2.804232804232804077e-01 2.602339181286549841e-01 3.846153846153846367e-01 4.799999999999999822e-01
3.118644067796610408e-01 3.130841121495326895e-01 2.641165755919854252e-01 2.697201017811705070e-01 3.408450704225352013e-01 3.529411764705882582e-01 3.238636363636363535e-01 3.471400394477317519e-01 3.393665158371040880e-01 3.141361256544502600e-01 3.277870216306156270e-01 3.583916083916083850e-01 3.093525179856115304e-01 3.425605536332179679e-01
2.953020134228188098e-01 3.901869158878504829e-01 2.652068126520681357e-01 3.079584775086505188e-01 3.492957746478873027e-01 3.578431372549019662e-01 3.238636363636363535e-01 3.478260869565217295e-01 3.393665158371040880e-01 4.083769633507853269e-01 2.729306487695749572e-01 3.363636363636363646e-01 3.705035971223021307e-01 3.529411764705882582e-01
2.972582972582972771e-01 2.476635514018691586e-01 3.050279329608938661e-01 3.337116912599318863e-01 2.422535211267605737e-01 3.333333333333333148e-01 3.238636363636363535e-01 2.721893491124260378e-01 2.556561085972850478e-01 2.722513089005235698e-01 3.286189683860232802e-01 2.845528455284552782e-01 2.805755395683453002e-01 2.733564013840830698e-01
2.711370262390670471e-01 3.192771084337349130e-01 2.349397590361445853e-01 3.051643192488263101e-01 3.761755485893417128e-01 4.313725490196078649e-01 3.465909090909091161e-01 3.388157894736842368e-01 3.791044776119402715e-01 3.560209424083769503e-01 3.228070175438596534e-01 3.685800604229607091e-01 3.597122302158273222e-01 4.083044982698961767e-01
3.650793650793650591e-01 3.691588785046728827e-01 3.554572271386430837e-01 3.470225872689938207e-01 4.028169014084507227e-01 4.215686274509803932e-01 4.147727272727272929e-01 3.984220907297830183e-01 3.846153846153846367e-01 4.240837696335078566e-01 3.742774566473988651e-01 3.853658536585365946e-01 3.884892086330935523e-01 4.290657439446367016e-01
3.415340086830679911e-01 3.466981132075471761e-01 3.154761904761904656e-01 3.251028806584362330e-01 3.605633802816901601e-01 4.166666666666666852e-01 4.147727272727272929e-01 3.688362919132149864e-01 3.812785388127853947e-01 3.631578947368421240e-01 3.357452966714906117e-01 3.609756097560975485e-01 4.136690647482014205e-01 3.633217993079584929e-01
3.375000000000000222e-01 3.581081081081081141e-01 3.272727272727272707e-01 3.333333333333333148e-01 3.969465648854961781e-01 4.000000000000000222e-01 3.382352941176470784e-01 3.664122137404580148e-01 4.193548387096774355e-01 4.199999999999999845e-01 3.566878980891719508e-01 4.199999999999999845e-01 3.428571428571428603e-01 3.676470588235294379e-01
3.164179104477611859e-01 3.067484662576687171e-01 3.055555555555555802e-01 3.492822966507176941e-01 2.958199356913183142e-01 3.333333333333333148e-01 3.181818181818181768e-01 3.400673400673400737e-01 3.159509202453987808e-01 3.874345549738220096e-01 3.272727272727272707e-01 3.364197530864197483e-01 3.741007194244604372e-01 3.356401384083044781e-01
2.857142857142856984e-01 3.019801980198019709e-01 2.339449541284403800e-01 2.631578947368420907e-01 3.230769230769230949e-01 2.989690721649484462e-01 2.840909090909091161e-01 2.910052910052909891e-01 3.349514563106796294e-01 2.764227642276422814e-01 2.896174863387978027e-01 2.843137254901960675e-01 2.572815533980582492e-01 2.835820895522387919e-01
2.873900293255132188e-01 3.149847094801223046e-01 2.613981762917932938e-01 3.098591549295774406e-01 2.695924764890282321e-01 3.039215686274509554e-01 2.897727272727272929e-01 2.960526315789473450e-01 2.969696969696969946e-01 3.174603174603174427e-01 3.157894736842105088e-01 3.262839879154078582e-01 3.093525179856115304e-01 3.010380622837370290e-01
