2.552083333333333148e-01 3.253012048192771011e-01 2.500000000000000000e-01 2.758620689655172376e-01 4.117647058823529216e-01 nan nan 2.666666666666666630e-01 3.437500000000000000e-01 nan 1.748878923766816196e-01 2.666666666666666630e-01 3.333333333333333148e-01 5.999999999999999778e-01
2.937062937062936974e-01 2.645739910313901211e-01 2.564102564102563875e-01 2.500000000000000000e-01 3.059360730593607136e-01 3.181818181818181768e-01 2.800000000000000266e-01 3.098591549295774406e-01 2.913385826771653364e-01 2.608695652173912971e-01 3.435897435897435903e-01 3.312302839116719189e-01 2.965517241379310165e-01 3.090909090909090828e-01
3.333333333333333148e-01 3.991031390134529011e-01 2.500000000000000000e-01 3.209876543209876365e-01 3.698630136986301165e-01 3.409090909090908839e-01 3.400000000000000244e-01 3.483606557377049162e-01 3.425196850393700809e-01 4.239130434782608647e-01 2.743362831858406903e-01 3.294117647058823484e-01 3.793103448275861878e-01 3.393939393939394145e-01
2.547770700636942665e-01 2.197309417040358703e-01 2.433460076045627363e-01 2.796610169491525189e-01 1.963470319634703087e-01 2.727272727272727071e-01 2.600000000000000089e-01 2.218309859154929675e-01 2.047244094488188948e-01 2.500000000000000000e-01 2.808219178082191902e-01 2.404692082111437035e-01 2.620689655172414034e-01 2.303030303030303150e-01
3.072289156626505924e-01 3.522727272727272929e-01 2.708333333333333148e-01 3.593750000000000000e-01 4.019607843137255054e-01 4.469696969696969613e-01 3.499999999999999778e-01 3.544973544973544777e-01 3.877551020408163129e-01 3.695652173913043237e-01 3.571428571428571508e-01 3.560209424083769503e-01 3.517241379310344640e-01 4.303030303030302983e-01
3.598726114649681285e-01 3.856502242152466398e-01 3.498098859315589282e-01 3.516949152542372947e-01 4.155251141552511185e-01 4.166666666666666852e-01 4.199999999999999845e-01 3.978873239436619969e-01 3.858267716535432879e-01 4.456521739130434590e-01 3.652968036529680163e-01 3.519061583577712815e-01 3.586206896551724088e-01 4.363636363636363424e-01
3.375796178343948850e-01 3.721973094170403784e-01 3.155893536121672782e-01 3.559322033898305038e-01 3.972602739726027177e-01 4.242424242424242542e-01 4.500000000000000111e-01 3.732394366197183122e-01 3.976377952755905665e-01 4.130434782608695676e-01 3.333333333333333148e-01 3.753665689149560114e-01 4.137931034482758563e-01 3.636363636363636465e-01
3.417721518987341667e-01 3.108108108108108003e-01 3.902439024390244038e-01 3.555555555555555691e-01 3.953488372093023062e-01 3.750000000000000000e-01 3.378378378378378288e-01 3.648648648648648574e-01 4.069767441860465129e-01 3.469387755102040782e-01 3.924050632911392222e-01 4.117647058823529216e-01 3.333333333333333148e-01 3.376623376623376638e-01
3.229813664596273282e-01 2.742857142857142994e-01 2.857142857142856984e-01 3.200000000000000067e-01 2.885572139303482775e-01 3.030303030303030387e-01 3.099999999999999978e-01 2.918918918918919081e-01 3.056994818652849499e-01 3.478260869565217295e-01 3.046875000000000000e-01 3.141361256544502600e-01 3.586206896551724088e-01 3.212121212121212266e-01
2.772277227722772519e-01 2.777777777777777901e-01 2.323232323232323204e-01 2.750000000000000222e-01 3.410852713178294526e-01 2.959999999999999853e-01 2.899999999999999800e-01 3.240740740740740700e-01 3.548387096774193727e-01 3.076923076923077094e-01 2.571428571428571175e-01 2.879999999999999782e-01 2.678571428571428492e-01 3.220338983050847204e-01
2.831325301204819511e-01 3.238636363636363535e-01 2.291666666666666574e-01 2.968750000000000000e-01 2.892156862745098311e-01 2.727272727272727071e-01 2.600000000000000089e-01 3.068783068783068613e-01 3.316326530612244694e-01 3.260869565217391353e-01 3.492063492063491870e-01 3.141361256544502600e-01 2.896551724137931272e-01 2.909090909090908950e-01
