1.818181818181818232e-01 nan 3.333333333333333148e-01 1.111111111111111049e-01 nan nan nan nan nan nan 1.666666666666666574e-01 nan nan nan
3.125000000000000000e-01 2.500000000000000000e-01 2.500000000000000000e-01 nan 5.384615384615384359e-01 2.500000000000000000e-01 1.666666666666666574e-01 4.444444444444444198e-01 5.000000000000000000e-01 3.636363636363636465e-01 4.166666666666666852e-01 3.809523809523809312e-01 2.500000000000000000e-01 4.285714285714285476e-01
3.076923076923077094e-01 5.000000000000000000e-01 1.666666666666666574e-01 3.750000000000000000e-01 3.846153846153846367e-01 2.500000000000000000e-01 3.333333333333333148e-01 4.615384615384615641e-01 4.210526315789473450e-01 5.454545454545454142e-01 3.636363636363636465e-01 5.000000000000000000e-01 5.000000000000000000e-01 4.285714285714285476e-01
1.578947368421052544e-01 nan 2.500000000000000000e-01 2.857142857142856984e-01 1.538461538461538547e-01 5.000000000000000000e-01 5.000000000000000000e-01 3.888888888888888951e-01 2.105263157894736725e-01 3.636363636363636465e-01 4.500000000000000111e-01 3.333333333333333148e-01 2.500000000000000000e-01 3.571428571428571508e-01
2.727272727272727071e-01 nan 1.818181818181818232e-01 1.428571428571428492e-01 2.500000000000000000e-01 3.750000000000000000e-01 3.333333333333333148e-01 2.727272727272727071e-01 2.352941176470588203e-01 2.727272727272727071e-01 2.222222222222222099e-01 1.428571428571428492e-01 1.250000000000000000e-01 3.571428571428571508e-01
5.263157894736841813e-01 7.500000000000000000e-01 4.761904761904761640e-01 3.333333333333333148e-01 4.615384615384615641e-01 5.000000000000000000e-01 3.333333333333333148e-01 3.888888888888888951e-01 5.555555555555555802e-01 1.818181818181818232e-01 2.307692307692307820e-01 4.166666666666666852e-01 2.500000000000000000e-01 2.857142857142856984e-01
5.263157894736841813e-01 4.166666666666666852e-01 4.761904761904761640e-01 3.333333333333333148e-01 5.384615384615384359e-01 6.250000000000000000e-01 6.666666666666666297e-01 4.444444444444444198e-01 6.111111111111111605e-01 2.727272727272727071e-01 3.076923076923077094e-01 3.333333333333333148e-01 2.500000000000000000e-01 4.285714285714285476e-01
2.500000000000000000e-01 5.000000000000000000e-01 6.666666666666666297e-01 1.000000000000000000e+00 5.000000000000000000e-01 2.500000000000000000e-01 5.000000000000000000e-01 2.000000000000000111e-01 4.285714285714285476e-01 2.500000000000000000e-01 2.000000000000000111e-01 2.500000000000000000e-01 nan 2.000000000000000111e-01
5.000000000000000000e-01 1.250000000000000000e-01 4.444444444444444198e-01 1.428571428571428492e-01 2.500000000000000000e-01 3.750000000000000000e-01 6.666666666666666297e-01 4.545454545454545303e-01 1.875000000000000000e-01 3.636363636363636465e-01 3.750000000000000000e-01 3.076923076923077094e-01 1.250000000000000000e-01 4.285714285714285476e-01
4.000000000000000222e-01 nan 5.714285714285713969e-01 3.333333333333333148e-01 4.000000000000000222e-01 2.857142857142856984e-01 1.666666666666666574e-01 2.857142857142856984e-01 4.444444444444444198e-01 nan 5.000000000000000000e-01 2.500000000000000000e-01 nan 2.857142857142856984e-01
1.818181818181818232e-01 3.333333333333333148e-01 2.727272727272727071e-01 2.857142857142856984e-01 8.333333333333332871e-02 3.750000000000000000e-01 1.666666666666666574e-01 2.727272727272727071e-01 1.764705882352941291e-01 2.727272727272727071e-01 5.555555555555555802e-01 2.142857142857142738e-01 2.500000000000000000e-01 2.142857142857142738e-01
