nan nan nan nan nan nan nan nan nan nan nan nan nan nan
3.137254901960784270e-01 3.157894736842105088e-01 2.738095238095238360e-01 2.439024390243902385e-01 3.538461538461538658e-01 3.571428571428571508e-01 3.406593406593406703e-01 3.298969072164948391e-01 2.905982905982906206e-01 2.500000000000000000e-01 3.195876288659793563e-01 2.796610169491525189e-01 3.035714285714285476e-01 3.543307086614173040e-01
2.941176470588235392e-01 3.684210526315789269e-01 1.904761904761904656e-01 3.536585365853658347e-01 3.461538461538461453e-01 3.492063492063491870e-01 3.076923076923077094e-01 3.298969072164948391e-01 3.504273504273504036e-01 3.676470588235294379e-01 3.505154639175257492e-01 3.474576271186440857e-01 3.125000000000000000e-01 3.307086614173228578e-01
2.352941176470588203e-01 1.473684210526315652e-01 2.023809523809523836e-01 2.317073170731707432e-01 1.923076923076923184e-01 2.380952380952380820e-01 2.637362637362637430e-01 1.855670103092783574e-01 1.965811965811965767e-01 2.941176470588235392e-01 2.783505154639175361e-01 1.525423728813559421e-01 2.410714285714285754e-01 2.519685039370078705e-01
2.843137254901960675e-01 3.684210526315789269e-01 2.261904761904761918e-01 2.804878048780488076e-01 4.153846153846154077e-01 4.206349206349206393e-01 3.516483516483516758e-01 2.886597938144329634e-01 3.931623931623931534e-01 3.823529411764705621e-01 3.298969072164948391e-01 3.644067796610169219e-01 3.571428571428571508e-01 4.173228346456692717e-01
4.117647058823529216e-01 4.000000000000000222e-01 3.571428571428571508e-01 4.146341463414633943e-01 4.615384615384615641e-01 4.444444444444444198e-01 4.065934065934065922e-01 4.536082474226804107e-01 4.615384615384615641e-01 5.588235294117647189e-01 3.814432989690721421e-01 4.661016949152542166e-01 4.375000000000000000e-01 4.724409448818897572e-01
3.333333333333333148e-01 3.789473684210526438e-01 3.452380952380952328e-01 3.902439024390244038e-01 4.000000000000000222e-01 3.888888888888888951e-01 4.395604395604395531e-01 4.329896907216495006e-01 4.017094017094017255e-01 4.411764705882352811e-01 3.092783505154639290e-01 4.152542372881355970e-01 3.928571428571428492e-01 3.937007874015748254e-01
3.108108108108108003e-01 3.030303030303030387e-01 3.472222222222222099e-01 3.043478260869565410e-01 3.647058823529411575e-01 3.703703703703703498e-01 3.283582089552238847e-01 3.166666666666666519e-01 3.827160493827160281e-01 3.673469387755102233e-01 3.678160919540229834e-01 4.000000000000000222e-01 2.835820895522387919e-01 3.214285714285714524e-01
3.725490196078431460e-01 3.263157894736842257e-01 2.857142857142856984e-01 3.780487804878048808e-01 3.230769230769230949e-01 3.253968253968254065e-01 3.406593406593406703e-01 3.814432989690721421e-01 3.333333333333333148e-01 4.852941176470588203e-01 3.402061855670103219e-01 3.813559322033898136e-01 4.196428571428571508e-01 3.543307086614173040e-01
3.366336633663366551e-01 2.872340425531915153e-01 2.619047619047619180e-01 2.261904761904761918e-01 3.565891472868217282e-01 3.200000000000000067e-01 2.637362637362637430e-01 3.125000000000000000e-01 3.652173913043478271e-01 2.686567164179104461e-01 2.580645161290322509e-01 3.247863247863247982e-01 2.543859649122807154e-01 3.015873015873015706e-01
2.843137254901960675e-01 3.052631578947368474e-01 2.023809523809523836e-01 3.292682926829268442e-01 2.692307692307692180e-01 2.539682539682539542e-01 2.417582417582417598e-01 2.474226804123711432e-01 2.478632478632478708e-01 3.382352941176470784e-01 3.092783505154639290e-01 3.474576271186440857e-01 3.035714285714285476e-01 2.834645669291338543e-01
