-2.351209347011240069e+00
-1.617870769904816708e+00
-1.292694462565562530e+00
-2.609313382774548717e+00
-2.469013334589021280e+00
-2.207217942474400285e+00
-2.184086450261341739e+00
-1.978684448038604327e+00
-5.525000392558921947e-01
-1.648021434404699281e+00
-8.392507358873225742e-01
-1.710959383503336317e+00
-1.975424809317048780e+00
-1.870521834757060020e+00
-1.377425751399555809e+00
-1.920367324602917813e+00
-7.527946038285887598e-01
-1.007842454035309698e+00
4.391373247759806642e-01
-1.112263582477217572e+00
-1.480792003329698125e-01
5.574701214079262890e-01
-1.545598561278425931e-01
1.591221352135238076e-01
-2.078558222925930010e-01
8.091538223870811120e-01
5.230170513156501277e-01
7.868952509421326402e-01
-6.477968555818894858e-01
-4.321554614336181599e-01
-9.618719309047909505e-01
8.559909332513168656e-02
-3.311768062980472438e-01
-4.252168867227908433e-01
-9.441289245892904303e-01
-9.646606802320069063e-01
1.223227528265015351e+00
2.603770533610214391e-02
2.926138129856287184e-01
9.297854906962355059e-01
8.571063043998677911e-01
-5.223230750603331529e-01
-1.851151886551314907e-01
6.077634747241729141e-01
-4.976185757066233228e-01
7.017209853745224324e-01
-7.315271448257619769e-01
1.576526619523521133e-01
-5.748752849971733303e-01
-7.965849815463937889e-01
-1.090407911115026440e+00
-7.594038230395581124e-01
-1.944266580251903243e-01
-1.243756098683970412e+00
5.306596683365748524e-01
-1.076527900247091551e+00
-3.026763071855614329e-01
5.424938490811737068e-01
-5.814065076140260318e-04
2.250719599586745723e-01
6.335575553624683831e-01
-8.951965776624647431e-01
4.518145692400348246e-01
4.236585717896885761e-01
-9.948828251420225310e-01
2.338795893137770310e-01
1.151226425590686331e+00
5.756700952072187905e-01
5.499227230927137278e-01
-8.180912557387578499e-01
7.520218870875889916e-01
-2.252348875704877906e-01
-5.605037333627438390e-02
9.950657966992837444e-01
5.865894275713913197e-01
-3.184541552115102148e-01
-1.765928725053506898e-01
1.168086399774583423e-01
3.688818277081747365e-01
3.109772241477353205e-01
2.184072846512764787e+00
1.892317963333893571e+00
7.760059981062582546e-01
-3.959664211670866490e-02
4.412506209103869703e-01
-1.086173170309943092e+00
-5.073145499039056761e-01
-2.950926471016211972e-01
-2.498056038927479183e-01
-4.378419790278535451e-01
-5.221794690458482213e-01
-7.026733560585247673e-01
6.858484125033615930e-01
-4.134423963763229626e-01
1.502080977752548563e+00
1.888659868112219642e-01
1.343730555114951986e-01
-2.518061658945181316e-02
-2.351351591121017548e-01
-1.514433637303263191e+00
-1.814830763763374932e+00
-1.936899228477832580e+00
-1.434382688979032539e+00
-1.325331342776924881e+00
-4.226557371599931057e-01
1.018995039217537535e+00
1.049101268277743637e+00
-4.160629454877433631e-01
-1.092369244677063422e+00
-2.592425250248081570e-01
-8.892070300989434184e-01
-2.185378793943405229e-01
-5.442621356597605597e-01
7.199786406701359776e-02
9.555040431125918707e-03
-1.080283862492695368e+00
-4.701683602467925938e-01
-4.932530483228284579e-01
-3.799837485448248620e-02
-1.625128791196013833e-01
-8.111982322023106873e-01
1.515132529514023885e+00
-6.791282386995611819e-01
1.467858214306026754e-01
8.790445715224848300e-01
1.687771862269531464e-01
-1.016733202507215661e-01
1.020616599078695730e+00
1.563119305304977447e+00
1.405249087457133950e+00
1.913299598800190848e+00
6.131364450403410382e-01
1.362568614330114336e+00
-3.527577680599792986e-02
2.413996472298364893e+00
9.608302122447296423e-01
1.502110705434485771e+00
-1.058913267206484710e+00
-3.370358400216876271e-01
-3.540440360512790985e-01
-1.420041716311105429e+00
5.179725672032529094e-01
1.840416333835993845e-01
2.536610112457286181e+00
2.086977334669838591e+00
1.165094610474985304e+00
-1.790736315020569069e-01
-4.053664390584160171e-01
4.675418116480859615e-02
1.147226488361775099e+00
1.216293749962867654e+00
1.837877325090316316e-01
-5.137210772599701825e-01
-4.298587649586266268e-01
-8.669140641631851718e-01
5.446047290053263046e-01
3.094155434684315864e-01
-8.295438734907836786e-02
1.533594407875168431e+00
2.197545526929375326e-01
2.255106701560970484e-01
-8.122016362666437672e-01
-2.129312785474457292e-01
8.621199061793659579e-01
-9.346747469476226478e-01
-4.850249840999903417e-01
-6.522942894717796980e-01
-6.438980955648386517e-02
9.274148065390364071e-01
9.851470306896330520e-01
5.538383049273999381e-01
4.352973972837432814e-01
6.195260167778705584e-01
1.990388578747695814e+00
-1.212296723732423503e-01
4.083015294001655221e-02
4.820878341679432078e-01
-6.024959848311659538e-01
1.066886925608713677e+00
1.123790196463173130e+00
2.913797743445826427e+00
1.258441132213014235e+00
6.775801607882139255e-01
1.881986799354604889e+00
7.826739615775267778e-01
9.954461642964311796e-01
1.392210240269596611e+00
-1.629301036236175532e-02
6.586122607897534342e-01
5.000478121682383481e-01
3.623044269438270293e-01
1.074834890615514293e+00
7.909430940847996805e-01
2.429947513587654359e-02
-6.634670986338501164e-01
-1.027332048122558961e-01
1.062383533599013052e+00
2.374595762973205348e-01
-4.787568813993426514e-02
1.064689416070573463e-01
1.024789560387716403e+00
