-8.750557880285928514e-01
9.080929617260361519e-01
-1.246849835537145790e+00
-3.234073362489446324e-01
1.703715006084310923e+00
-1.255051791071802869e+00
-4.968404402655204194e-02
1.511066146567767055e+00
2.393119338538315377e-01
1.626273562735391476e+00
-1.215327732246969106e+00
6.741024653622171847e-01
4.103128104364050545e-03
-7.706557782428966608e-01
-3.961048718299814420e-01
9.098761895040832215e-01
-6.164107838669901085e-01
4.514739945934972409e-01
1.338151233991612843e+00
1.242841134054033070e+00
-3.468385876048434846e-01
-1.057965195172154260e+00
4.889307768884807448e-01
7.201888449142059001e-02
6.808708850412186209e-01
-9.476459199845508330e-01
-2.946216028215137284e-01
-7.598281508990605282e-01
4.491648385200747717e-01
8.300489864361647596e-01
6.017360551497719090e-02
-1.772194581880843112e+00
-1.013987440760479641e+00
1.917393138375996509e-01
-4.958903463544194201e-01
9.224133449061182599e-01
-1.189776663942793355e+00
1.568420776229413560e+00
1.330937505115210806e+00
-9.519105986655927998e-01
8.077270563681924198e-01
6.292689207565629328e-01
-1.176381741990344176e+00
-1.613349151774138512e+00
-8.433857405909965521e-02
-1.021294131790278836e+00
2.588586423626386690e+00
2.180756729057028165e-01
-2.281907104637499462e-01
-3.625952828921217841e-01
4.157346518056396767e-01
4.067073908543942240e-01
-1.011588774197729954e-02
-1.520260253498247616e-01
-1.082903345885190438e+00
-1.401486281388030664e+00
9.040916171913406796e-01
-8.663200607558052546e-01
1.048811848329845864e+00
-4.750214488409361113e-01
-1.673456544627840215e+00
1.018345417965589084e+00
-2.467014196631000800e-01
-1.835941787859990626e+00
1.488457880154734791e+00
1.826883506390991396e+00
-4.562945882339980996e-01
-1.046833782775713262e+00
-2.360145656317815532e-01
1.190541173063041080e+00
-1.432059894158599356e+00
-1.254760660367337133e+00
1.502460589711402950e+00
1.399903554143786977e+00
-1.100573658767271812e-01
-6.165988234142572022e-01
-4.684411149705741129e-01
4.511602920903466929e-01
-2.470465816153201710e-01
7.948586272154468668e-01
-3.858906398863947151e-01
-4.996592876114492876e-01
-4.733344262229788324e-01
-2.909128733104022202e-01
-8.444073797067286336e-01
1.867398128522110845e+00
-1.124096432408995705e+00
1.755892306930903590e+00
-4.520621834548872453e-01
4.410808030348024600e-01
2.362893125249661552e-01
-3.503095978868535632e-01
-1.662378163130428632e+00
1.881484094125101203e+00
-6.168517370441073400e-01
6.310403633972720971e-01
-1.154422919123470948e+00
2.225921713401087659e-02
-1.210072529408866976e-01
7.036490691168403311e-01
4.581506505027068687e-01
8.256757592294967640e-01
7.420355467009551176e-02
-1.338790925699443246e+00
2.224747753984738452e+00
1.833480670943340662e+00
-5.299662545698293759e-01
7.583930138241201657e-01
-1.308446580068909071e-01
-1.266304607409073135e+00
6.963344149558579055e-01
7.740996138611595523e-01
1.350025529724560469e+00
6.777009981147150697e-01
-1.689298196630017790e+00
3.737203977695858353e-02
-6.386677132132282386e-01
-6.372357021380359310e-01
9.612397508091220510e-01
-6.006039909239543340e-01
1.065800131011904295e+00
-1.666553246744907790e+00
9.630137185748957052e-01
2.696901282039100067e+00
6.688611464700527920e-02
-8.345814807844690320e-01
2.170140954331088778e+00
9.095818091483196532e-01
-1.569804486499399854e+00
-8.279943826649703853e-01
-1.136838686361482109e+00
1.353298912804763887e+00
-6.036298762681961971e-01
2.385134628247516542e+00
-7.258480755071579082e-01
4.859357388559064350e-02
-1.874381954804853923e+00
1.110364323998300984e+00
9.089701295811304371e-01
-2.992950461997464506e-01
-1.305670703049608639e+00
5.919016540632102696e-01
-2.631856366439840333e-01
-2.631999972150236844e-01
-3.036570574261461819e-01
2.567767754742238395e-01
-8.412546009278643044e-01
-4.368793508209388721e-01
1.933833136054002644e+00
-1.021943467817356455e+00
-3.543123334423983195e-01
7.019764587676279310e-01
-1.339001178996203745e+00
1.819208276837066762e+00
1.324981675833664330e+00
6.387402916069017111e-01
-4.820347530943565606e-01
3.949217106772383024e-01
-1.086300251248950133e+00
-6.257935023346218595e-02
-5.090540289714540201e-01
1.493968779978466221e+00
5.467159808709067814e-01
-7.738723016645230324e-01
-2.809806638826402581e-01
-1.323737085695092963e+00
1.346062670748704004e+00
1.538254973287679350e+00
-8.882165927476066702e-01
3.450733057310762519e-01
-8.493005615498776528e-01
1.406065518567137240e-01
1.826727016747289545e+00
-1.403978663167052110e+00
1.504706675608193933e+00
1.983530901436425964e+00
-9.113490113625942746e-01
9.833007646123714807e-01
1.058740321274136642e+00
9.441645295087471856e-01
-8.545934792357218202e-01
-1.523348781774267247e+00
1.554587083733713682e+00
4.591111981941126685e-01
-1.433419137834606838e+00
-4.258872603265073109e-01
-4.214749839183138946e-01
1.269006692071233400e-01
-4.830668881404360238e-01
2.962332765490748976e+00
1.257729062039625534e+00
-4.053990059756614195e-01
-8.310765366097293549e-01
-5.922173638966280601e-02
-2.879661629988353178e-01
-7.980429367659961359e-01
-1.378266671043307356e+00
1.930215215951928354e+00
1.291040243415186417e+00
-2.909418185509174415e-01
-7.201923663141520660e-01
1.744436691475033108e+00
8.459774482397794948e-01
-7.658866077092252311e-01
-2.796357009186740128e-01
5.190834266470306657e-01
7.163933261840964573e-01
-6.995866025446698666e-01
1.653483884685501115e+00
9.419829006333517718e-01
-1.438695848657091325e+00
3.500603421443951868e-01
-5.764171982539801897e-01
2.847821877583143202e-01
4.405104609341575772e-01
-7.450019170027850912e-02
-3.209055987721841641e-01
-8.597732486023582643e-01
4.251310126184353888e-01
6.882775919986208746e-02
3.585937089032841807e-01
2.235718904154518627e-01
2.496463194056804114e-01
-6.516472738581248203e-01
9.295501577618555666e-01
-8.921484759079940652e-01
-1.079713735699818766e+00
1.164453827398651775e+00
-1.277616502525745323e+00
1.507818960906743000e-01
-5.628858792955777901e-02
4.019730104884914335e-01
-8.053294464250778661e-01
5.622594377436312962e-01
-6.650399597629980120e-01
1.209672786894881114e+00
-6.756819387971564339e-01
7.215723088121338280e-02
1.008441306742110244e-01
4.493983984555893763e-01
-1.236052219308008571e+00
1.704811825165795103e+00
-1.755932152678444935e-01
-1.555178978280755908e+00
3.756971536403445611e-01
-9.592731762010455743e-01
2.110727651222030765e+00
-7.971776789579408662e-02
-1.183420112800918300e+00
5.325098860288203229e-01
9.307725613377656471e-01
5.454206403577657181e-01
-3.393077305894671714e-01
3.667343782346903502e-01
7.519138283798221245e-02
-9.587390491267254733e-01
-4.749451053105561149e-01
1.759184881027251013e+00
4.535201513853799778e-03
1.967033040918626102e-02
-2.210309947176215262e-01
-5.951472422008540208e-01
-2.762093678965819588e-01
1.022105394631108277e+00
6.643055507555665207e-01
-1.641630712512449186e+00
-7.686500246231043887e-01
-6.478421635849244131e-01
-3.727504789476960845e-01
-1.194303237012883434e+00
-1.151073435681199353e+00
1.403729024843133555e+00
-1.013637111464088525e+00
-2.337662204031919211e-01
-9.263878275406708385e-01
1.189024985138654733e+00
-5.857741849815637503e-01
-4.131124013385513716e-01
-3.027728236927242356e-01
7.808619961803670018e-01
-1.130548008495606327e+00
-1.160164952660444726e+00
3.353526613990550631e-01
1.385618998245860267e-01
-1.123824107482150669e+00
7.301575914775233489e-01
-1.481038433819841904e+00
8.763830497927616037e-02
1.661921512901110676e+00
2.929717663400684957e-01
4.685731175948869565e-01
-1.566814081593773889e+00
-5.828230044476011562e-01
1.960706392685391153e+00
1.417562155381414835e+00
-1.571044291566295215e+00
-5.960904923031214997e-01
-3.272851176707886611e-01
-8.454737210737516273e-01
5.739200040207089737e-01
8.539037836507787915e-01
-1.471176531517096153e+00
2.877909896161667813e-01
1.996766831844312584e+00
-2.048037295928797352e-01
-8.627091765736370071e-03
-1.582754870282595761e+00
-1.623044651147642070e-01
-1.342103903749568838e-01
2.162327094792434456e-01
-3.401488666218422940e-01
-1.719566575355681914e+00
-6.872934810614524936e-01
1.124327530226002070e+00
-1.086382217597362532e-01
-5.612414082901886481e-01
8.800649784286020960e-01
1.046276207966895022e+00
-9.456365765999328321e-01
6.866920097547444257e-01
-7.052290339531490648e-01
-8.628503785530770021e-01
3.385894437235145715e-01
-1.051605115160620801e-01
-9.862411329472348109e-01
2.438016934308100403e-01
-1.332894367505070843e+00
5.637911060553540965e-01
-8.948430746893507592e-01
-2.856228785121973091e-01
-1.276311533493994288e+00
9.098307955168133399e-01
-6.511226337223917637e-01
-1.326053785567580801e-01
-2.194008399364488493e-01
4.028932229324314607e-01
1.049866083298226060e+00
-6.058463677270641279e-01
1.665581897157772107e-01
-8.279475083534739710e-01
7.218617854060349615e-01
9.947363601044851844e-01
-1.399751694317570738e+00
-1.787343306563961232e+00
-1.683442236483215226e-01
1.391588087366917581e-01
3.325357373643154646e-01
-1.488965702854779805e+00
-5.240890277783838425e-01
-1.084491914817806713e+00
