  5.0000000e+002 -1.9910454e-002 -4.4852907e-001  4.0870816e-001
  5.0100000e+002 -6.1529173e-003 -4.3477153e-001  4.2246569e-001
  5.0200000e+002  9.1078750e-003 -4.1951074e-001  4.3772649e-001
  5.0300000e+002  2.3986239e-002 -4.0463237e-001  4.5260485e-001
  5.0400000e+002  3.6798370e-002 -3.9182024e-001  4.6541698e-001
  5.0500000e+002  4.6397479e-002 -3.8222113e-001  4.7501609e-001
  5.0600000e+002  5.2376282e-002 -3.7624233e-001  4.8099489e-001
  5.0700000e+002  5.5117130e-002 -3.7350148e-001  4.8373574e-001
  5.0800000e+002  5.5704698e-002 -3.7291391e-001  4.8432331e-001
  5.0900000e+002  5.5735671e-002 -3.7288294e-001  4.8435428e-001
  5.1000000e+002  5.7062497e-002 -3.7155611e-001  4.8568111e-001
  5.1100000e+002  6.1500246e-002 -3.6711837e-001  4.9011886e-001
  5.1200000e+002  7.0517772e-002 -3.5810084e-001  4.9913638e-001
  5.1300000e+002  8.4935810e-002 -3.4368280e-001  5.1355442e-001
  5.1400000e+002  1.0466780e-001 -3.2395081e-001  5.3328641e-001
  5.1500000e+002  1.2855765e-001 -3.0006096e-001  5.5717626e-001
  5.1600000e+002  1.5437914e-001 -2.7423947e-001  5.8299775e-001
  5.1700000e+002  1.7905129e-001 -2.4956732e-001  6.0766990e-001
  5.1800000e+002  1.9908502e-001 -2.2953359e-001  6.2770363e-001
  5.1900000e+002  2.1121559e-001 -2.1740302e-001  6.3983420e-001
  5.2000000e+002  2.1310814e-001 -2.1551047e-001  6.4172675e-001
  5.2100000e+002  2.0397600e-001 -2.2464261e-001  6.3259461e-001
  5.2200000e+002  1.8494331e-001 -2.4367530e-001  6.1356192e-001
  5.2300000e+002  1.5902720e-001 -2.6959141e-001  5.8764581e-001
  5.2400000e+002  1.3070062e-001 -2.9791799e-001  5.5931923e-001
  5.2500000e+002  1.0510413e-001 -3.2351448e-001  5.3372274e-001
  5.2600000e+002  8.7068976e-002 -3.4154964e-001  5.1568759e-001
  5.2700000e+002  8.0166974e-002 -3.4845164e-001  5.0878559e-001
  5.2800000e+002  8.5998257e-002 -3.4262035e-001  5.1461687e-001
  5.2900000e+002  1.0386823e-001 -3.2475038e-001  5.3248684e-001
  5.3000000e+002  1.3091096e-001 -2.9770765e-001  5.5952957e-001
  5.3100000e+002  1.6261536e-001 -2.6600325e-001  5.9123397e-001
  5.3200000e+002  1.9363042e-001 -2.3498819e-001  6.2224903e-001
  5.3300000e+002  2.1868305e-001 -2.0993556e-001  6.4730166e-001
  5.3400000e+002  2.3343908e-001 -1.9517953e-001  6.6205769e-001
  5.3500000e+002  2.3516747e-001 -1.9345114e-001  6.6378608e-001
  5.3600000e+002  2.2311504e-001 -2.0550357e-001  6.5173365e-001
  5.3700000e+002  1.9855229e-001 -2.3006632e-001  6.2717090e-001
  5.3800000e+002  1.6450177e-001 -2.6411684e-001  5.9312038e-001
  5.3900000e+002  1.2520475e-001 -3.0341386e-001  5.5382336e-001
  5.4000000e+002  8.5418717e-002 -3.4319989e-001  5.1403733e-001
  5.4100000e+002  4.9663525e-002 -3.7895509e-001  4.7828214e-001
  5.4200000e+002  2.1544001e-002 -4.0707461e-001  4.5016261e-001
  5.4300000e+002  3.2663219e-003 -4.2535229e-001  4.3188493e-001
  5.4400000e+002 -4.5685032e-003 -4.3318712e-001  4.2405011e-001
  5.4500000e+002 -2.8643008e-003 -4.3148291e-001  4.2575431e-001
  5.4600000e+002  6.3433970e-003 -4.2227521e-001  4.3496201e-001
  5.4700000e+002  2.0440430e-002 -4.0817818e-001  4.4905904e-001
  5.4800000e+002  3.6836038e-002 -3.9178257e-001  4.6545465e-001
  5.4900000e+002  5.3476586e-002 -3.7514203e-001  4.8209520e-001
  5.5000000e+002  6.9162029e-002 -3.5945658e-001  4.9778064e-001
  5.5100000e+002  8.3611562e-002 -3.4500705e-001  5.1223017e-001
  5.5200000e+002  9.7291744e-002 -3.3132687e-001  5.2591036e-001
  5.5300000e+002  1.1107995e-001 -3.1753866e-001  5.3969856e-001
  5.5400000e+002  1.2587203e-001 -3.0274658e-001  5.5449064e-001
  5.5500000e+002  1.4224695e-001 -2.8637166e-001  5.7086556e-001
  5.5600000e+002  1.6027381e-001 -2.6834480e-001  5.8889242e-001
  5.5700000e+002  1.7949866e-001 -2.4911995e-001  6.0811727e-001
  5.5800000e+002  1.9909396e-001 -2.2952465e-001  6.2771257e-001
  5.5900000e+002  2.1810958e-001 -2.1050903e-001  6.4672819e-001
  5.6000000e+002  2.3574052e-001 -1.9287809e-001  6.6435913e-001
  5.6100000e+002  2.5152903e-001 -1.7708958e-001  6.8014764e-001
  5.6200000e+002  2.6544332e-001 -1.6317529e-001  6.9406193e-001
  5.6300000e+002  2.7781399e-001 -1.5080462e-001  7.0643260e-001
  5.6400000e+002  2.8915116e-001 -1.3946745e-001  7.1776977e-001
  5.6500000e+002  2.9989884e-001 -1.2871977e-001  7.2851745e-001
  5.6600000e+002  3.1020179e-001 -1.1841682e-001  7.3882040e-001
  5.6700000e+002  3.1975868e-001 -1.0885993e-001  7.4837729e-001
  5.6800000e+002  3.2781513e-001 -1.0080348e-001  7.5643374e-001
  5.6900000e+002  3.3331470e-001 -9.5303912e-002  7.6193331e-001
  5.7000000e+002  3.3518299e-001 -9.3435622e-002  7.6380160e-001
  5.7100000e+002  3.3267924e-001 -9.5939372e-002  7.6129785e-001
  5.7200000e+002  3.2572233e-001 -1.0289628e-001  7.5434094e-001
  5.7300000e+002  3.1509371e-001 -1.1352490e-001  7.4371232e-001
  5.7400000e+002  3.0244239e-001 -1.2617622e-001  7.3106100e-001
  5.7500000e+002  2.9006479e-001 -1.3855382e-001  7.1868340e-001
  5.7600000e+002  2.8049362e-001 -1.4812499e-001  7.0911223e-001
  5.7700000e+002  2.7598650e-001 -1.5263211e-001  7.0460511e-001
  5.7800000e+002  2.7804010e-001 -1.5057851e-001  7.0665871e-001
  5.7900000e+002  2.8705464e-001 -1.4156397e-001  7.1567325e-001
  5.8000000e+002  3.0223611e-001 -1.2638250e-001  7.3085472e-001
  5.8100000e+002  3.2175968e-001 -1.0685893e-001  7.5037829e-001
  5.8200000e+002  3.4314847e-001 -8.5470142e-002  7.7176708e-001
  5.8300000e+002  3.6376733e-001 -6.4851282e-002  7.9238594e-001
  5.8400000e+002  3.8130989e-001 -4.7308722e-002  8.0992850e-001
  5.8500000e+002  3.9417067e-001 -3.4447942e-002  8.2278928e-001
  5.8600000e+002  4.0163586e-001 -2.6982752e-002  8.3025447e-001
  5.8700000e+002  4.0387955e-001 -2.4739062e-002  8.3249816e-001
  5.8800000e+002  4.0179871e-001 -2.6819902e-002  8.3041732e-001
  5.8900000e+002  3.9674814e-001 -3.1870472e-002  8.2536675e-001
  5.9000000e+002  3.9024268e-001 -3.8375932e-002  8.1886129e-001
  5.9100000e+002  3.8368160e-001 -4.4937012e-002  8.1230021e-001
  5.9200000e+002  3.7813085e-001 -5.0487762e-002  8.0674946e-001
  5.9300000e+002  3.7417979e-001 -5.4438822e-002  8.0279840e-001
  5.9400000e+002  3.7187626e-001 -5.6742352e-002  8.0049487e-001
  5.9500000e+002  3.7073907e-001 -5.7879542e-002  7.9935768e-001
  5.9600000e+002  3.6984414e-001 -5.8774472e-002  7.9846275e-001
  5.9700000e+002  3.6797848e-001 -6.0640132e-002  7.9659709e-001
  5.9800000e+002  3.6384878e-001 -6.4769832e-002  7.9246739e-001
  5.9900000e+002  3.5632079e-001 -7.2297822e-002  7.8493940e-001
  6.0000000e+002  3.4465266e-001 -8.3965952e-002  7.7327127e-001
  6.0100000e+002  3.2867640e-001 -9.9942212e-002  7.5729501e-001
  6.0200000e+002  3.0888080e-001 -1.1973781e-001  7.3749941e-001
  6.0300000e+002  2.8636116e-001 -1.4225745e-001  7.1497977e-001
  6.0400000e+002  2.6262593e-001 -1.6599268e-001  6.9124454e-001
  6.0500000e+002  2.3928464e-001 -1.8933397e-001  6.6790325e-001
  6.0600000e+002  2.1767764e-001 -2.1094097e-001  6.4629625e-001
  6.0700000e+002  1.9853465e-001 -2.3008396e-001  6.2715326e-001
  6.0800000e+002  1.8175695e-001 -2.4686166e-001  6.1037556e-001
  6.0900000e+002  1.6639961e-001 -2.6221900e-001  5.9501822e-001
  6.1000000e+002  1.5088593e-001 -2.7773268e-001  5.7950454e-001
  6.1100000e+002  1.3342546e-001 -2.9519315e-001  5.6204407e-001
  6.1200000e+002  1.1254467e-001 -3.1607394e-001  5.4116328e-001
  6.1300000e+002  8.7595200e-002 -3.4102341e-001  5.1621381e-001
  6.1400000e+002  5.9094147e-002 -3.6952446e-001  4.8771276e-001
  6.1500000e+002  2.8782954e-002 -3.9983566e-001  4.5740157e-001
  6.1600000e+002 -6.3974579e-004 -4.2925836e-001  4.2797887e-001
  6.1700000e+002 -2.6066396e-002 -4.5468501e-001  4.0255222e-001
  6.1800000e+002 -4.4681001e-002 -4.7329961e-001  3.8393761e-001
  6.1900000e+002 -5.4630546e-002 -4.8324916e-001  3.7398807e-001
  6.2000000e+002 -5.5484097e-002 -4.8410271e-001  3.7313451e-001
  6.2100000e+002 -4.8348512e-002 -4.7696712e-001  3.8027010e-001
  6.2200000e+002 -3.5603047e-002 -4.6422166e-001  3.9301556e-001
  6.2300000e+002 -2.0322354e-002 -4.4894097e-001  4.0829626e-001
  6.2400000e+002 -5.5459627e-003 -4.3416457e-001  4.2307265e-001
  6.2500000e+002  6.4056474e-003 -4.2221296e-001  4.3502426e-001
  6.2600000e+002  1.4385874e-002 -4.1423274e-001  4.4300449e-001
  6.2700000e+002  1.8536806e-002 -4.1008181e-001  4.4715542e-001
  6.2800000e+002  2.0055313e-002 -4.0856330e-001  4.4867392e-001
  6.2900000e+002  2.0701720e-002 -4.0791689e-001  4.4932033e-001
  6.3000000e+002  2.2209044e-002 -4.0640957e-001  4.5082766e-001
  6.3100000e+002  2.5764977e-002 -4.0285363e-001  4.5438359e-001
  6.3200000e+002  3.1699866e-002 -3.9691875e-001  4.6031848e-001
  6.3300000e+002  3.9439085e-002 -3.8917953e-001  4.6805770e-001
  6.3400000e+002  4.7695106e-002 -3.8092351e-001  4.7631372e-001
  6.3500000e+002  5.4811581e-002 -3.7380703e-001  4.8343019e-001
  6.3600000e+002  5.9146798e-002 -3.6947181e-001  4.8776541e-001
  6.3700000e+002  5.9399106e-002 -3.6921951e-001  4.8801772e-001
  6.3800000e+002  5.4819479e-002 -3.7379913e-001  4.8343809e-001
  6.3900000e+002  4.5304511e-002 -3.8331410e-001  4.7392312e-001
  6.4000000e+002  3.1396727e-002 -3.9722188e-001  4.6001534e-001
  6.4100000e+002  1.4227238e-002 -4.1439137e-001  4.4284585e-001
  6.4200000e+002 -4.5786536e-003 -4.3319727e-001  4.2403996e-001
  6.4300000e+002 -2.3035550e-002 -4.5165416e-001  4.0558306e-001
  6.4400000e+002 -3.8989018e-002 -4.6760763e-001  3.8962959e-001
  6.4500000e+002 -5.0374754e-002 -4.7899337e-001  3.7824386e-001
  6.4600000e+002 -5.5529254e-002 -4.8414787e-001  3.7308936e-001
  6.4700000e+002 -5.3497982e-002 -4.8211659e-001  3.7512063e-001
  6.4800000e+002 -4.4258867e-002 -4.7287748e-001  3.8435974e-001
  6.4900000e+002 -2.8777989e-002 -4.5739660e-001  3.9984062e-001
  6.5000000e+002 -8.8481920e-003 -4.3746680e-001  4.1977042e-001
  6.5100000e+002  1.3276711e-002 -4.1534190e-001  4.4189532e-001
  6.5200000e+002  3.5369687e-002 -3.9324892e-001  4.6398830e-001
  6.5300000e+002  5.5706337e-002 -3.7291227e-001  4.8432495e-001
  6.5400000e+002  7.3384521e-002 -3.5523409e-001  5.0200313e-001
  6.5500000e+002  8.8382973e-002 -3.4023564e-001  5.1700158e-001
  6.5600000e+002  1.0133511e-001 -3.2728350e-001  5.2995372e-001
  6.5700000e+002  1.1309168e-001 -3.1552693e-001  5.4171029e-001
  6.5800000e+002  1.2422610e-001 -3.0439251e-001  5.5284471e-001
  6.5900000e+002  1.3466828e-001 -2.9395033e-001  5.6328689e-001
  6.6000000e+002  1.4362031e-001 -2.8499830e-001  5.7223892e-001
  6.6100000e+002  1.4981517e-001 -2.7880344e-001  5.7843378e-001
  6.6200000e+002  1.5205485e-001 -2.7656376e-001  5.8067346e-001
  6.6300000e+002  1.4984986e-001 -2.7876875e-001  5.7846847e-001
  6.6400000e+002  1.4391982e-001 -2.8469879e-001  5.7253843e-001
  6.6500000e+002  1.3633496e-001 -2.9228365e-001  5.6495357e-001
  6.6600000e+002  1.3018181e-001 -2.9843680e-001  5.5880042e-001
  6.6700000e+002  1.2879566e-001 -2.9982295e-001  5.5741427e-001
  6.6800000e+002  1.3476521e-001 -2.9385340e-001  5.6338382e-001
  6.6900000e+002  1.4902245e-001 -2.7959616e-001  5.7764106e-001
  6.7000000e+002  1.7033840e-001 -2.5828021e-001  5.9895701e-001
  6.7100000e+002  1.9543999e-001 -2.3317862e-001  6.2405860e-001
  6.7200000e+002  2.1977189e-001 -2.0884672e-001  6.4839050e-001
  6.7300000e+002  2.3871074e-001 -1.8990787e-001  6.6732935e-001
  6.7400000e+002  2.4887219e-001 -1.7974642e-001  6.7749080e-001
  6.7500000e+002  2.4909702e-001 -1.7952159e-001  6.7771563e-001
  6.7600000e+002  2.4078672e-001 -1.8783189e-001  6.6940533e-001
  6.7700000e+002  2.2746052e-001 -2.0115809e-001  6.5607913e-001
  6.7800000e+002  2.1365792e-001 -2.1496069e-001  6.4227653e-001
  6.7900000e+002  2.0352968e-001 -2.2508893e-001  6.3214829e-001
  6.8000000e+002  1.9956621e-001 -2.2905240e-001  6.2818482e-001
  6.8100000e+002  2.0186976e-001 -2.2674885e-001  6.3048837e-001
  6.8200000e+002  2.0819646e-001 -2.2042215e-001  6.3681507e-001
  6.8300000e+002  2.1474126e-001 -2.1387735e-001  6.4335987e-001
  6.8400000e+002  2.1739749e-001 -2.1122112e-001  6.4601610e-001
  6.8500000e+002  2.1307690e-001 -2.1554171e-001  6.4169551e-001
  6.8600000e+002  2.0067037e-001 -2.2794824e-001  6.2928898e-001
  6.8700000e+002  1.8136113e-001 -2.4725748e-001  6.0997974e-001
  6.8800000e+002  1.5822056e-001 -2.7039805e-001  5.8683917e-001
  6.8900000e+002  1.3524463e-001 -2.9337398e-001  5.6386324e-001
  6.9000000e+002  1.1615216e-001 -3.1246645e-001  5.4477077e-001
  6.9100000e+002  1.0331614e-001 -3.2530247e-001  5.3193475e-001
  6.9200000e+002  9.7131251e-002 -3.3148736e-001  5.2574986e-001
  6.9300000e+002  9.5967071e-002 -3.3265154e-001  5.2458568e-001
  6.9400000e+002  9.6676284e-002 -3.3194233e-001  5.2529490e-001
  6.9500000e+002  9.5477490e-002 -3.3314112e-001  5.2409610e-001
  6.9600000e+002  8.8954939e-002 -3.3966367e-001  5.1757355e-001
  6.9700000e+002  7.4921389e-002 -3.5369722e-001  5.0354000e-001
  6.9800000e+002  5.2958709e-002 -3.7565990e-001  4.8157732e-001
  6.9900000e+002  2.4549565e-002 -4.0406905e-001  4.5316818e-001
  7.0000000e+002 -7.1908169e-003 -4.3580943e-001  4.2142779e-001
  7.0100000e+002 -3.8103305e-002 -4.6672192e-001  3.9051531e-001
  7.0200000e+002 -6.3773947e-002 -4.9239256e-001  3.6484466e-001
  7.0300000e+002 -8.0386103e-002 -5.0900471e-001  3.4823251e-001
  7.0400000e+002 -8.5494135e-002 -5.1411275e-001  3.4312448e-001
  7.0500000e+002 -7.8581753e-002 -5.0720036e-001  3.5003686e-001
  7.0600000e+002 -6.1285954e-002 -4.8990457e-001  3.6733266e-001
  7.0700000e+002 -3.7207545e-002 -4.6582616e-001  3.9141107e-001
  7.0800000e+002 -1.1297360e-002 -4.3991597e-001  4.1732125e-001
  7.0900000e+002  1.1101776e-002 -4.1751684e-001  4.3972039e-001
  7.1000000e+002  2.5382648e-002 -4.0323596e-001  4.5400126e-001
  7.1100000e+002  2.8726763e-002 -3.9989185e-001  4.5734537e-001
  7.1200000e+002  2.0822804e-002 -4.0779581e-001  4.4944142e-001
  7.1300000e+002  4.0437814e-003 -4.2457483e-001  4.3266239e-001
  7.1400000e+002 -1.7005272e-002 -4.4562388e-001  4.1161334e-001
  7.1500000e+002 -3.6499963e-002 -4.6511857e-001  3.9211865e-001
  7.1600000e+002 -4.8746646e-002 -4.7736526e-001  3.7987197e-001
  7.1700000e+002 -4.9542028e-002 -4.7816064e-001  3.7907658e-001
  7.1800000e+002 -3.7192823e-002 -4.6581143e-001  3.9142579e-001
  7.1900000e+002 -1.2920694e-002 -4.4153931e-001  4.1569792e-001
  7.2000000e+002  1.9466523e-002 -4.0915209e-001  4.4808513e-001
  7.2100000e+002  5.4559425e-002 -3.7405919e-001  4.8317804e-001
  7.2200000e+002  8.6726462e-002 -3.4189215e-001  5.1534507e-001
  7.2300000e+002  1.1151207e-001 -3.1710654e-001  5.4013068e-001
  7.2400000e+002  1.2666764e-001 -3.0195097e-001  5.5528625e-001
  7.2500000e+002  1.3253223e-001 -2.9608638e-001  5.6115084e-001
  7.2600000e+002  1.3166908e-001 -2.9694953e-001  5.6028769e-001
  7.2700000e+002  1.2788385e-001 -3.0073476e-001  5.5650246e-001
  7.2800000e+002  1.2493459e-001 -3.0368402e-001  5.5355320e-001
  7.2900000e+002  1.2533285e-001 -3.0328576e-001  5.5395146e-001
  7.3000000e+002  1.2959993e-001 -2.9901868e-001  5.5821854e-001
  7.3100000e+002  1.3619249e-001 -2.9242612e-001  5.6481110e-001
  7.3200000e+002  1.4209478e-001 -2.8652383e-001  5.7071339e-001
  7.3300000e+002  1.4386212e-001 -2.8475649e-001  5.7248073e-001
  7.3400000e+002  1.3876191e-001 -2.8985670e-001  5.6738052e-001
  7.3500000e+002  1.2563931e-001 -3.0297930e-001  5.5425792e-001
  7.3600000e+002  1.0523888e-001 -3.2337973e-001  5.3385749e-001
  7.3700000e+002  7.9903359e-002 -3.4871525e-001  5.0852197e-001
  7.3800000e+002  5.2779703e-002 -3.7583891e-001  4.8139831e-001
  7.3900000e+002  2.6819311e-002 -4.0179930e-001  4.5543792e-001
  7.4000000e+002  3.9139871e-003 -4.2470462e-001  4.3253260e-001
  7.4100000e+002 -1.5552532e-002 -4.4417114e-001  4.1306608e-001
  7.4200000e+002 -3.2608872e-002 -4.6122748e-001  3.9600974e-001
  7.4300000e+002 -4.9112804e-002 -4.7773142e-001  3.7950581e-001
  7.4400000e+002 -6.6893304e-002 -4.9551192e-001  3.6172531e-001
  7.4500000e+002 -8.6908429e-002 -5.1552704e-001  3.4171018e-001
  7.4600000e+002 -1.0868956e-001 -5.3730817e-001  3.1992905e-001
  7.4700000e+002 -1.3023934e-001 -5.5885795e-001  2.9837927e-001
  7.4800000e+002 -1.4840396e-001 -5.7702257e-001  2.8021465e-001
  7.4900000e+002 -1.5960019e-001 -5.8821880e-001  2.6901842e-001
  7.5000000e+002 -1.6068489e-001 -5.8930350e-001  2.6793372e-001
  7.5100000e+002 -1.4973217e-001 -5.7835078e-001  2.7888644e-001
  7.5200000e+002 -1.2652688e-001 -5.5514549e-001  3.0209173e-001
  7.5300000e+002 -9.2672025e-002 -5.2129064e-001  3.3594659e-001
  7.5400000e+002 -5.1310756e-002 -4.7992937e-001  3.7730786e-001
  7.5500000e+002 -6.5517003e-003 -4.3517031e-001  4.2206691e-001
  7.5600000e+002  3.7258239e-002 -3.9136037e-001  4.6587685e-001
  7.5700000e+002  7.6253673e-002 -3.5236494e-001  5.0487228e-001
  7.5800000e+002  1.0762261e-001 -3.2099600e-001  5.3624122e-001
  7.5900000e+002  1.2993446e-001 -2.9868415e-001  5.5855307e-001
  7.6000000e+002  1.4318594e-001 -2.8543267e-001  5.7180455e-001
  7.6100000e+002  1.4858622e-001 -2.8003239e-001  5.7720483e-001
  7.6200000e+002  1.4815344e-001 -2.8046517e-001  5.7677205e-001
  7.6300000e+002  1.4422770e-001 -2.8439091e-001  5.7284631e-001
  7.6400000e+002  1.3901380e-001 -2.8960481e-001  5.6763241e-001
  7.6500000e+002  1.3424782e-001 -2.9437079e-001  5.6286643e-001
  7.6600000e+002  1.3103968e-001 -2.9757893e-001  5.5965829e-001
  7.6700000e+002  1.2989100e-001 -2.9872761e-001  5.5850961e-001
  7.6800000e+002  1.3083904e-001 -2.9777957e-001  5.5945765e-001
  7.6900000e+002  1.3365003e-001 -2.9496858e-001  5.6226864e-001
  7.7000000e+002  1.3798646e-001 -2.9063215e-001  5.6660507e-001
  7.7100000e+002  1.4350059e-001 -2.8511802e-001  5.7211920e-001
  7.7200000e+002  1.4984847e-001 -2.7877014e-001  5.7846708e-001
  7.7300000e+002  1.5665709e-001 -2.7196152e-001  5.8527570e-001
  7.7400000e+002  1.6349608e-001 -2.6512253e-001  5.9211469e-001
  7.7500000e+002  1.6989775e-001 -2.5872086e-001  5.9851636e-001
  7.7600000e+002  1.7543949e-001 -2.5317912e-001  6.0405810e-001
  7.7700000e+002  1.7986486e-001 -2.4875375e-001  6.0848347e-001
  7.7800000e+002  1.8319142e-001 -2.4542719e-001  6.1181003e-001
  7.7900000e+002  1.8574682e-001 -2.4287179e-001  6.1436543e-001
  7.8000000e+002  1.8809568e-001 -2.4052293e-001  6.1671429e-001
  7.8100000e+002  1.9085910e-001 -2.3775951e-001  6.1947771e-001
  7.8200000e+002  1.9447290e-001 -2.3414571e-001  6.2309151e-001
  7.8300000e+002  1.9896247e-001 -2.2965614e-001  6.2758108e-001
  7.8400000e+002  2.0381761e-001 -2.2480100e-001  6.3243622e-001
  7.8500000e+002  2.0802823e-001 -2.2059038e-001  6.3664684e-001
  7.8600000e+002  2.1029490e-001 -2.1832371e-001  6.3891351e-001
  7.8700000e+002  2.0937259e-001 -2.1924602e-001  6.3799120e-001
  7.8800000e+002  2.0445847e-001 -2.2416014e-001  6.3307708e-001
  7.8900000e+002  1.9550999e-001 -2.3310862e-001  6.2412860e-001
  7.9000000e+002  1.8338804e-001 -2.4523057e-001  6.1200665e-001
  7.9100000e+002  1.6976147e-001 -2.5885714e-001  5.9838008e-001
  7.9200000e+002  1.5677371e-001 -2.7184490e-001  5.8539232e-001
  7.9300000e+002  1.4654320e-001 -2.8207541e-001  5.7516181e-001
  7.9400000e+002  1.4062568e-001 -2.8799293e-001  5.6924429e-001
  7.9500000e+002  1.3958832e-001 -2.8903029e-001  5.6820693e-001
  7.9600000e+002  1.4282492e-001 -2.8579369e-001  5.7144353e-001
  7.9700000e+002  1.4867827e-001 -2.7994034e-001  5.7729688e-001
  7.9800000e+002  1.5484884e-001 -2.7376977e-001  5.8346745e-001
  7.9900000e+002  1.5898311e-001 -2.6963550e-001  5.8760172e-001
  8.0000000e+002  1.5927846e-001 -2.6934015e-001  5.8789707e-001
  8.0100000e+002  1.5493465e-001 -2.7368396e-001  5.8355326e-001
  8.0200000e+002  1.4632750e-001 -2.8229111e-001  5.7494611e-001
  8.0300000e+002  1.3486451e-001 -2.9375410e-001  5.6348312e-001
  8.0400000e+002  1.2257792e-001 -3.0604069e-001  5.5119653e-001
  8.0500000e+002  1.1158460e-001 -3.1703401e-001  5.4020321e-001
  8.0600000e+002  1.0357320e-001 -3.2504541e-001  5.3219181e-001
  8.0700000e+002  9.9457115e-002 -3.2916150e-001  5.2807573e-001
  8.0800000e+002  9.9269608e-002 -3.2934900e-001  5.2788822e-001
  8.0900000e+002  1.0229717e-001 -3.2632144e-001  5.3091578e-001
  8.1000000e+002  1.0737792e-001 -3.2124069e-001  5.3599653e-001
  8.1100000e+002  1.1325354e-001 -3.1536507e-001  5.4187215e-001
  8.1200000e+002  1.1886554e-001 -3.0975307e-001  5.4748415e-001
  8.1300000e+002  1.2352262e-001 -3.0509599e-001  5.5214123e-001
  8.1400000e+002  1.2691963e-001 -3.0169898e-001  5.5553824e-001
  8.1500000e+002  1.2904097e-001 -2.9957764e-001  5.5765958e-001
  8.1600000e+002  1.3001374e-001 -2.9860487e-001  5.5863235e-001
  8.1700000e+002  1.2998236e-001 -2.9863625e-001  5.5860097e-001
  8.1800000e+002  1.2905513e-001 -2.9956348e-001  5.5767374e-001
  8.1900000e+002  1.2733537e-001 -3.0128324e-001  5.5595398e-001
  8.2000000e+002  1.2500823e-001 -3.0361038e-001  5.5362684e-001
  8.2100000e+002  1.2242555e-001 -3.0619306e-001  5.5104416e-001
  8.2200000e+002  1.2012502e-001 -3.0849359e-001  5.4874363e-001
  8.2300000e+002  1.1874220e-001 -3.0987641e-001  5.4736081e-001
  8.2400000e+002  1.1881686e-001 -3.0980175e-001  5.4743547e-001
  8.2500000e+002  1.2054589e-001 -3.0807272e-001  5.4916450e-001
  8.2600000e+002  1.2357354e-001 -3.0504507e-001  5.5219215e-001
  8.2700000e+002  1.2691868e-001 -3.0169993e-001  5.5553729e-001
  8.2800000e+002  1.2910974e-001 -2.9950887e-001  5.5772835e-001
  8.2900000e+002  1.2853519e-001 -3.0008342e-001  5.5715380e-001
  8.3000000e+002  1.2393854e-001 -3.0468007e-001  5.5255715e-001
  8.3100000e+002  1.1491834e-001 -3.1370027e-001  5.4353695e-001
  8.3200000e+002  1.0226271e-001 -3.2635590e-001  5.3088132e-001
  8.3300000e+002  8.7971070e-002 -3.4064754e-001  5.1658968e-001
  8.3400000e+002  7.4895356e-002 -3.5372326e-001  5.0351397e-001
  8.3500000e+002  6.6048553e-002 -3.6257006e-001  4.9466716e-001
  8.3600000e+002  6.3748022e-002 -3.6487059e-001  4.9236663e-001
  8.3700000e+002  6.8842917e-002 -3.5977569e-001  4.9746153e-001
  8.3800000e+002  8.0286583e-002 -3.4833203e-001  5.0890519e-001
  8.3900000e+002  9.5241378e-002 -3.3337723e-001  5.2385999e-001
  8.4000000e+002  1.0975710e-001 -3.1886151e-001  5.3837571e-001
  8.4100000e+002  1.1988359e-001 -3.0873502e-001  5.4850220e-001
  8.4200000e+002  1.2291881e-001 -3.0569980e-001  5.5153742e-001
  8.4300000e+002  1.1841100e-001 -3.1020761e-001  5.4702961e-001
  8.4400000e+002  1.0856619e-001 -3.2005242e-001  5.3718480e-001
  8.4500000e+002  9.7862576e-002 -3.3075604e-001  5.2648119e-001
  8.4600000e+002  9.1906088e-002 -3.3671252e-001  5.2052470e-001
  8.4700000e+002  9.5808486e-002 -3.3281013e-001  5.2442710e-001
  8.4800000e+002  1.1254880e-001 -3.1606981e-001  5.4116741e-001
  8.4900000e+002  1.4182508e-001 -2.8679353e-001  5.7044369e-001
  8.5000000e+002  1.7978801e-001 -2.4883060e-001  6.0840662e-001
  8.5100000e+002  2.1979673e-001 -2.0882188e-001  6.4841534e-001
  8.5200000e+002  2.5402498e-001 -1.7459363e-001  6.8264359e-001
  8.5300000e+002  2.7547364e-001 -1.5314497e-001  7.0409225e-001
  8.5400000e+002  2.7980696e-001 -1.4881165e-001  7.0842557e-001
  8.5500000e+002  2.6647588e-001 -1.6214273e-001  6.9509449e-001
  8.5600000e+002  2.3881145e-001 -1.8980716e-001  6.6743006e-001
  8.5700000e+002  2.0309141e-001 -2.2552720e-001  6.3171002e-001
  8.5800000e+002  1.6689511e-001 -2.6172350e-001  5.9551372e-001
  8.5900000e+002  1.3726042e-001 -2.9135819e-001  5.6587903e-001
  8.6000000e+002  1.1917753e-001 -3.0944108e-001  5.4779614e-001
  8.6100000e+002  1.1480061e-001 -3.1381800e-001  5.4341922e-001
  8.6200000e+002  1.2349320e-001 -3.0512541e-001  5.5211181e-001
  8.6300000e+002  1.4254896e-001 -2.8606965e-001  5.7116757e-001
  8.6400000e+002  1.6824297e-001 -2.6037564e-001  5.9686158e-001
  8.6500000e+002  1.9682794e-001 -2.3179067e-001  6.2544655e-001
  8.6600000e+002  2.2519233e-001 -2.0342628e-001  6.5381094e-001
  8.6700000e+002  2.5108563e-001 -1.7753298e-001  6.7970424e-001
  8.6800000e+002  2.7300544e-001 -1.5561317e-001  7.0162405e-001
  8.6900000e+002  2.8995463e-001 -1.3866398e-001  7.1857324e-001
  8.7000000e+002  3.0127692e-001 -1.2734169e-001  7.2989553e-001
  8.7100000e+002  3.0667993e-001 -1.2193868e-001  7.3529854e-001
  8.7200000e+002  3.0641168e-001 -1.2220693e-001  7.3503029e-001
  8.7300000e+002  3.0144153e-001 -1.2717708e-001  7.3006014e-001
  8.7400000e+002  2.9346457e-001 -1.3515404e-001  7.2208318e-001
  8.7500000e+002  2.8461454e-001 -1.4400407e-001  7.1323315e-001
  8.7600000e+002  2.7690532e-001 -1.5171329e-001  7.0552393e-001
  8.7700000e+002  2.7156363e-001 -1.5705498e-001  7.0018224e-001
  8.7800000e+002  2.6850004e-001 -1.6011857e-001  6.9711865e-001
  8.7900000e+002  2.6615127e-001 -1.6246734e-001  6.9476988e-001
  8.8000000e+002  2.6181228e-001 -1.6680633e-001  6.9043089e-001
  8.8100000e+002  2.5240415e-001 -1.7621446e-001  6.8102276e-001
  8.8200000e+002  2.3545893e-001 -1.9315968e-001  6.6407754e-001
  8.8300000e+002  2.1000977e-001 -2.1860884e-001  6.3862838e-001
  8.8400000e+002  1.7709084e-001 -2.5152777e-001  6.0570945e-001
  8.8500000e+002  1.3967199e-001 -2.8894662e-001  5.6829060e-001
  8.8600000e+002  1.0203524e-001 -3.2658337e-001  5.3065385e-001
  8.8700000e+002  6.8778189e-002 -3.5984042e-001  4.9739680e-001
  8.8800000e+002  4.3741589e-002 -3.8487702e-001  4.7236020e-001
  8.8900000e+002  2.9169850e-002 -3.9944876e-001  4.5778846e-001
  8.9000000e+002  2.5324530e-002 -4.0329408e-001  4.5394314e-001
  8.9100000e+002  3.0619976e-002 -3.9799864e-001  4.5923859e-001
  8.9200000e+002  4.2191459e-002 -3.8642715e-001  4.7081007e-001
  8.9300000e+002  5.6692453e-002 -3.7192616e-001  4.8531106e-001
  8.9400000e+002  7.1080507e-002 -3.5753810e-001  4.9969912e-001
  8.9500000e+002  8.3191671e-002 -3.4542694e-001  5.1181028e-001
  8.9600000e+002  9.1996594e-002 -3.3662202e-001  5.2061521e-001
  8.9700000e+002  9.7538171e-002 -3.3108044e-001  5.2615678e-001
  8.9800000e+002  1.0063470e-001 -3.2798391e-001  5.2925331e-001
  8.9900000e+002  1.0247269e-001 -3.2614592e-001  5.3109130e-001
  9.0000000e+002  2.2178698e-002 -3.6182580e-001  4.0618320e-001
  9.0100000e+002  4.3323983e-003 -3.7967210e-001  3.8833690e-001
  9.0200000e+002 -1.1483969e-002 -3.9548847e-001  3.7252053e-001
  9.0300000e+002 -2.4838986e-002 -4.0884349e-001  3.5916552e-001
  9.0400000e+002 -3.4872222e-002 -4.1887672e-001  3.4913228e-001
  9.0500000e+002 -4.0751722e-002 -4.2475622e-001  3.4325278e-001
  9.0600000e+002 -4.2318711e-002 -4.2632321e-001  3.4168579e-001
  9.0700000e+002 -4.0615846e-002 -4.2462035e-001  3.4338866e-001
  9.0800000e+002 -3.7987160e-002 -4.2199166e-001  3.4601734e-001
  9.0900000e+002 -3.7573665e-002 -4.2157817e-001  3.4643084e-001
  9.1000000e+002 -4.2269282e-002 -4.2627378e-001  3.4173522e-001
  9.1100000e+002 -5.3458127e-002 -4.3746263e-001  3.3054637e-001
  9.1200000e+002 -7.0017866e-002 -4.5402237e-001  3.1398664e-001
  9.1300000e+002 -8.8061895e-002 -4.7206640e-001  2.9594261e-001
  9.1400000e+002 -1.0168386e-001 -4.8568836e-001  2.8232064e-001
  9.1500000e+002 -1.0461866e-001 -4.8862316e-001  2.7938584e-001
  9.1600000e+002 -9.2365752e-002 -4.7637025e-001  2.9163875e-001
  9.1700000e+002 -6.4076485e-002 -4.4808099e-001  3.1992802e-001
  9.1800000e+002 -2.3497901e-002 -4.0750240e-001  3.6050660e-001
  9.1900000e+002  2.1479910e-002 -3.6252459e-001  4.0548441e-001
  9.2000000e+002  6.0676848e-002 -3.2332765e-001  4.4468135e-001
  9.2100000e+002  8.4388249e-002 -2.9961625e-001  4.6839275e-001
  9.2200000e+002  8.6218862e-002 -2.9778564e-001  4.7022336e-001
  9.2300000e+002  6.5061389e-002 -3.1894311e-001  4.4906589e-001
  9.2400000e+002  2.5536495e-002 -3.5846801e-001  4.0954100e-001
  9.2500000e+002 -2.3298928e-002 -4.0730343e-001  3.6070557e-001
  9.2600000e+002 -7.0595375e-002 -4.5459988e-001  3.1340913e-001
  9.2700000e+002 -1.0687100e-001 -4.9087550e-001  2.7713350e-001
  9.2800000e+002 -1.2667745e-001 -5.1068195e-001  2.5732705e-001
  9.2900000e+002 -1.2992701e-001 -5.1393151e-001  2.5407749e-001
  9.3000000e+002 -1.2148766e-001 -5.0549216e-001  2.6251684e-001
  9.3100000e+002 -1.0922857e-001 -4.9323307e-001  2.7477593e-001
  9.3200000e+002 -1.0120143e-001 -4.8520593e-001  2.8280307e-001
  9.3300000e+002 -1.0290313e-001 -4.8690763e-001  2.8110137e-001
  9.3400000e+002 -1.1550412e-001 -4.9950862e-001  2.6850038e-001
  9.3500000e+002 -1.3557707e-001 -5.1958157e-001  2.4842743e-001
  9.3600000e+002 -1.5635179e-001 -5.4035629e-001  2.2765271e-001
  9.3700000e+002 -1.7002905e-001 -5.5403355e-001  2.1397545e-001
  9.3800000e+002 -1.7037002e-001 -5.5437452e-001  2.1363448e-001
  9.3900000e+002 -1.5472869e-001 -5.3873319e-001  2.2927581e-001
  9.4000000e+002 -1.2491396e-001 -5.0891846e-001  2.5909054e-001
  9.4100000e+002 -8.6665503e-002 -4.7067000e-001  2.9733900e-001
  9.4200000e+002 -4.7967239e-002 -4.3197174e-001  3.3603726e-001
  9.4300000e+002 -1.6762029e-002 -4.0076653e-001  3.6724247e-001
  9.4400000e+002  1.2259345e-003 -3.8277857e-001  3.8523044e-001
  9.4500000e+002  3.9366564e-003 -3.8006784e-001  3.8794116e-001
  9.4600000e+002 -6.6744504e-003 -3.9067895e-001  3.7733005e-001
  9.4700000e+002 -2.5395719e-002 -4.0940022e-001  3.5860878e-001
  9.4800000e+002 -4.5326706e-002 -4.2933121e-001  3.3867780e-001
  9.4900000e+002 -5.9753685e-002 -4.4375819e-001  3.2425082e-001
  9.5000000e+002 -6.3799336e-002 -4.4780384e-001  3.2020517e-001
  9.5100000e+002 -5.5434254e-002 -4.3943876e-001  3.2857025e-001
  9.5200000e+002 -3.5659188e-002 -4.1966369e-001  3.4834531e-001
  9.5300000e+002 -7.9109268e-003 -3.9191543e-001  3.7609357e-001
  9.5400000e+002  2.3061084e-002 -3.6094342e-001  4.0706559e-001
  9.5500000e+002  5.2502185e-002 -3.3150232e-001  4.3650669e-001
  9.5600000e+002  7.6806372e-002 -3.0719813e-001  4.6081087e-001
  9.5700000e+002  9.4268698e-002 -2.8973580e-001  4.7827320e-001
  9.5800000e+002  1.0531837e-001 -2.7868613e-001  4.8932287e-001
  9.5900000e+002  1.1224186e-001 -2.7176264e-001  4.9624636e-001
  9.6000000e+002  1.1850162e-001 -2.6550288e-001  5.0250612e-001
  9.6100000e+002  1.2781293e-001 -2.5619157e-001  5.1181743e-001
  9.6200000e+002  1.4316578e-001 -2.4083872e-001  5.2717028e-001
  9.6300000e+002  1.6598257e-001 -2.1802193e-001  5.4998707e-001
  9.6400000e+002  1.9558942e-001 -1.8841508e-001  5.7959392e-001
  9.6500000e+002  2.2914417e-001 -1.5486033e-001  6.1314867e-001
  9.6600000e+002  2.6209534e-001 -1.2190916e-001  6.4609984e-001
  9.6700000e+002  2.8913880e-001 -9.4865701e-002  6.7314330e-001
  9.6800000e+002  3.0550627e-001 -7.8498231e-002  6.8951077e-001
  9.6900000e+002  3.0829454e-001 -7.5709961e-002  6.9229904e-001
  9.7000000e+002  2.9747485e-001 -8.6529651e-002  6.8147935e-001
  9.7100000e+002  2.7624772e-001 -1.0775678e-001  6.6025222e-001
  9.7200000e+002  2.5054617e-001 -1.3345833e-001  6.3455067e-001
  9.7300000e+002  2.2771547e-001 -1.5628903e-001  6.1171997e-001
  9.7400000e+002  2.1465048e-001 -1.6935402e-001  5.9865498e-001
  9.7500000e+002  2.1587161e-001 -1.6813289e-001  5.9987611e-001
  9.7600000e+002  2.3209373e-001 -1.5191077e-001  6.1609823e-001
  9.7700000e+002  2.5975034e-001 -1.2425416e-001  6.4375484e-001
  9.7800000e+002  2.9169085e-001 -9.2313651e-002  6.7569535e-001
  9.7900000e+002  3.1893619e-001 -6.5068311e-002  7.0294069e-001
  9.8000000e+002  3.3305708e-001 -5.0947421e-002  7.1706158e-001
  9.8100000e+002  3.2852938e-001 -5.5475121e-002  7.1253388e-001
  9.8200000e+002  3.0439506e-001 -7.9609441e-002  6.8839956e-001
  9.8300000e+002  2.6472968e-001 -1.1927482e-001  6.4873418e-001
  9.8400000e+002  2.1774360e-001 -1.6626090e-001  6.0174810e-001
  9.8500000e+002  1.7373092e-001 -2.1027358e-001  5.5773542e-001
  9.8600000e+002  1.4241297e-001 -2.4159153e-001  5.2641747e-001
  9.8700000e+002  1.3040525e-001 -2.5359925e-001  5.1440975e-001
  9.8800000e+002  1.3951000e-001 -2.4449450e-001  5.2351450e-001
  9.8900000e+002  1.6630967e-001 -2.1769483e-001  5.5031417e-001
  9.9000000e+002  2.0316938e-001 -1.8083512e-001  5.8717388e-001
  9.9100000e+002  2.4035646e-001 -1.4364804e-001  6.2436096e-001
  9.9200000e+002  2.6866557e-001 -1.1533893e-001  6.5267007e-001
  9.9300000e+002  2.8179505e-001 -1.0220945e-001  6.6579955e-001
  9.9400000e+002  2.7779929e-001 -1.0620521e-001  6.6180379e-001
  9.9500000e+002  2.5922366e-001 -1.2478084e-001  6.4322816e-001
  9.9600000e+002  2.3193305e-001 -1.5207145e-001  6.1593755e-001
  9.9700000e+002  2.0304790e-001 -1.8095660e-001  5.8705240e-001
  9.9800000e+002  1.7867547e-001 -2.0532903e-001  5.6267997e-001
  9.9900000e+002  1.6217576e-001 -2.2182874e-001  5.4618026e-001
  1.0000000e+003  1.5350707e-001 -2.3049743e-001  5.3751157e-001
  1.0010000e+003  1.4981665e-001 -2.3418785e-001  5.3382115e-001
  1.0020000e+003  1.4700282e-001 -2.3700168e-001  5.3100732e-001
  1.0030000e+003  1.4163225e-001 -2.4237225e-001  5.2563675e-001
  1.0040000e+003  1.3247466e-001 -2.5152984e-001  5.1647916e-001
  1.0050000e+003  1.2106695e-001 -2.6293755e-001  5.0507145e-001
  1.0060000e+003  1.1109010e-001 -2.7291440e-001  4.9509460e-001
  1.0070000e+003  1.0679903e-001 -2.7720547e-001  4.9080353e-001
  1.0080000e+003  1.1111759e-001 -2.7288691e-001  4.9512209e-001
  1.0090000e+003  1.2415317e-001 -2.5985133e-001  5.0815767e-001
  1.0100000e+003  1.4274133e-001 -2.4126317e-001  5.2674583e-001
  1.0110000e+003  1.6124947e-001 -2.2275503e-001  5.4525397e-001
  1.0120000e+003  1.7339372e-001 -2.1061078e-001  5.5739822e-001
  1.0130000e+003  1.7443333e-001 -2.0957117e-001  5.5843783e-001
  1.0140000e+003  1.6294885e-001 -2.2105565e-001  5.4695335e-001
  1.0150000e+003  1.4154406e-001 -2.4246044e-001  5.2554856e-001
  1.0160000e+003  1.1618675e-001 -2.6781775e-001  5.0019125e-001
  1.0170000e+003  9.4381714e-002 -2.8962279e-001  4.7838622e-001
  1.0180000e+003  8.2778571e-002 -3.0122593e-001  4.6678307e-001
  1.0190000e+003  8.5014608e-002 -2.9898989e-001  4.6901911e-001
  1.0200000e+003  1.0051384e-001 -2.8349066e-001  4.8451834e-001
  1.0210000e+003  1.2464259e-001 -2.5936191e-001  5.0864709e-001
  1.0220000e+003  1.5017258e-001 -2.3383192e-001  5.3417708e-001
  1.0230000e+003  1.6957630e-001 -2.1442820e-001  5.5358080e-001
  1.0240000e+003  1.7741382e-001 -2.0659068e-001  5.6141832e-001
  1.0250000e+003  1.7204464e-001 -2.1195986e-001  5.5604914e-001
  1.0260000e+003  1.5611594e-001 -2.2788856e-001  5.4012044e-001
  1.0270000e+003  1.3566705e-001 -2.4833745e-001  5.1967155e-001
  1.0280000e+003  1.1812789e-001 -2.6587661e-001  5.0213239e-001
  1.0290000e+003  1.0984220e-001 -2.7416230e-001  4.9384670e-001
  1.0300000e+003  1.1390668e-001 -2.7009782e-001  4.9791118e-001
  1.0310000e+003  1.2903197e-001 -2.5497253e-001  5.1303647e-001
  1.0320000e+003  1.4982311e-001 -2.3418139e-001  5.3382761e-001
  1.0330000e+003  1.6843425e-001 -2.1557025e-001  5.5243875e-001
  1.0340000e+003  1.7710943e-001 -2.0689507e-001  5.6111393e-001
  1.0350000e+003  1.7081837e-001 -2.1318613e-001  5.5482287e-001
  1.0360000e+003  1.4913548e-001 -2.3486902e-001  5.3313998e-001
  1.0370000e+003  1.1672128e-001 -2.6728322e-001  5.0072578e-001
  1.0380000e+003  8.2192211e-002 -3.0181229e-001  4.6619671e-001
  1.0390000e+003  5.5677015e-002 -3.2832749e-001  4.3968152e-001
  1.0400000e+003  4.5791633e-002 -3.3821287e-001  4.2979613e-001
  1.0410000e+003  5.6975578e-002 -3.2702892e-001  4.4098008e-001
  1.0420000e+003  8.8042892e-002 -2.9596161e-001  4.7204739e-001
  1.0430000e+003  1.3243136e-001 -2.5157314e-001  5.1643586e-001
  1.0440000e+003  1.8009825e-001 -2.0390625e-001  5.6410275e-001
  1.0450000e+003  2.2048219e-001 -1.6352231e-001  6.0448669e-001
  1.0460000e+003  2.4560294e-001 -1.3840156e-001  6.2960744e-001
  1.0470000e+003  2.5232140e-001 -1.3168310e-001  6.3632590e-001
  1.0480000e+003  2.4304987e-001 -1.4095463e-001  6.2705437e-001
  1.0490000e+003  2.2470329e-001 -1.5930121e-001  6.0870779e-001
  1.0500000e+003  2.0625045e-001 -1.7775405e-001  5.9025495e-001
  1.0510000e+003  1.9567436e-001 -1.8833014e-001  5.7967886e-001
  1.0520000e+003  1.9733502e-001 -1.8666948e-001  5.8133952e-001
  1.0530000e+003  2.1058534e-001 -1.7341916e-001  5.9458984e-001
  1.0540000e+003  2.3007202e-001 -1.5393248e-001  6.1407652e-001
  1.0550000e+003  2.4759780e-001 -1.3640670e-001  6.3160230e-001
  1.0560000e+003  2.5491326e-001 -1.2909124e-001  6.3891776e-001
  1.0570000e+003  2.4651295e-001 -1.3749155e-001  6.3051745e-001
  1.0580000e+003  2.2152426e-001 -1.6248024e-001  6.0552876e-001
  1.0590000e+003  1.8408985e-001 -1.9991465e-001  5.6809435e-001
  1.0600000e+003  1.4214640e-001 -2.4185810e-001  5.2615090e-001
  1.0610000e+003  1.0502612e-001 -2.7897838e-001  4.8903062e-001
  1.0620000e+003  8.0678084e-002 -3.0332642e-001  4.6468259e-001
  1.0630000e+003  7.3405394e-002 -3.1059911e-001  4.5740990e-001
  1.0640000e+003  8.2814339e-002 -3.0119016e-001  4.6681884e-001
  1.0650000e+003  1.0424802e-001 -2.7975648e-001  4.8825252e-001
  1.0660000e+003  1.3047952e-001 -2.5352498e-001  5.1448402e-001
  1.0670000e+003  1.5404005e-001 -2.2996445e-001  5.3804455e-001
  1.0680000e+003  1.6938964e-001 -2.1461486e-001  5.5339414e-001
  1.0690000e+003  1.7424961e-001 -2.0975489e-001  5.5825411e-001
  1.0700000e+003  1.6975337e-001 -2.1425113e-001  5.5375787e-001
  1.0710000e+003  1.5950352e-001 -2.2450098e-001  5.4350802e-001
  1.0720000e+003  1.4798611e-001 -2.3601839e-001  5.3199061e-001
  1.0730000e+003  1.3896395e-001 -2.4504055e-001  5.2296845e-001
  1.0740000e+003  1.3440109e-001 -2.4960341e-001  5.1840559e-001
  1.0750000e+003  1.3421057e-001 -2.4979393e-001  5.1821507e-001
  1.0760000e+003  1.3678089e-001 -2.4722361e-001  5.2078539e-001
  1.0770000e+003  1.3995897e-001 -2.4404553e-001  5.2396347e-001
  1.0780000e+003  1.4204514e-001 -2.4195936e-001  5.2604964e-001
  1.0790000e+003  1.4241648e-001 -2.4158802e-001  5.2642098e-001
  1.0800000e+003  1.4159128e-001 -2.4241322e-001  5.2559578e-001
  1.0810000e+003  1.4078705e-001 -2.4321745e-001  5.2479155e-001
  1.0820000e+003  1.4121105e-001 -2.4279345e-001  5.2521555e-001
  1.0830000e+003  1.4339375e-001 -2.4061075e-001  5.2739825e-001
  1.0840000e+003  1.4682371e-001 -2.3718079e-001  5.3082821e-001
  1.0850000e+003  1.5000532e-001 -2.3399918e-001  5.3400982e-001
  1.0860000e+003  1.5089994e-001 -2.3310456e-001  5.3490444e-001
  1.0870000e+003  1.4758508e-001 -2.3641942e-001  5.3158958e-001
  1.0880000e+003  1.3890828e-001 -2.4509622e-001  5.2291278e-001
  1.0890000e+003  1.2492788e-001 -2.5907662e-001  5.0893238e-001
  1.0900000e+003  1.0700431e-001 -2.7700019e-001  4.9100881e-001
  1.0910000e+003  8.7506413e-002 -2.9649809e-001  4.7151091e-001
  1.0920000e+003  6.9200544e-002 -3.1480396e-001  4.5320505e-001
  1.0930000e+003  5.4475328e-002 -3.2952917e-001  4.3847983e-001
  1.0940000e+003  4.4606467e-002 -3.3939803e-001  4.2861097e-001
  1.0950000e+003  3.9271713e-002 -3.4473279e-001  4.2327621e-001
  1.0960000e+003  3.6480358e-002 -3.4752414e-001  4.2048486e-001
  1.0970000e+003  3.2985912e-002 -3.5101859e-001  4.1699041e-001
  1.0980000e+003  2.5121512e-002 -3.5888299e-001  4.0912601e-001
  1.0990000e+003  9.8651403e-003 -3.7413936e-001  3.9386964e-001
  1.1000000e+003 -1.4153401e-002 -3.9815790e-001  3.6985110e-001
  1.1010000e+003 -4.6012250e-002 -4.3001675e-001  3.3799225e-001
  1.1020000e+003 -8.2457926e-002 -4.6646243e-001  3.0154658e-001
  1.1030000e+003 -1.1854082e-001 -5.0254532e-001  2.6546368e-001
  1.1040000e+003 -1.4879723e-001 -5.3280173e-001  2.3520727e-001
  1.1050000e+003 -1.6866718e-001 -5.5267168e-001  2.1533732e-001
  1.1060000e+003 -1.7573972e-001 -5.5974422e-001  2.0826478e-001
  1.1070000e+003 -1.7044555e-001 -5.5445005e-001  2.1355895e-001
  1.1080000e+003 -1.5596947e-001 -5.3997397e-001  2.2803503e-001
  1.1090000e+003 -1.3738776e-001 -5.2139226e-001  2.4661674e-001
  1.1100000e+003 -1.2027342e-001 -5.0427792e-001  2.6373108e-001
  1.1110000e+003 -1.0917668e-001 -4.9318118e-001  2.7482782e-001
  1.1120000e+003 -1.0642569e-001 -4.9043019e-001  2.7757881e-001
  1.1130000e+003 -1.1159184e-001 -4.9559634e-001  2.7241266e-001
  1.1140000e+003 -1.2175954e-001 -5.0576404e-001  2.6224496e-001
  1.1150000e+003 -1.3249964e-001 -5.1650414e-001  2.5150486e-001
  1.1160000e+003 -1.3924277e-001 -5.2324727e-001  2.4476173e-001
  1.1170000e+003 -1.3864378e-001 -5.2264828e-001  2.4536072e-001
  1.1180000e+003 -1.2954687e-001 -5.1355137e-001  2.5445763e-001
  1.1190000e+003 -1.1328967e-001 -4.9729417e-001  2.7071483e-001
  1.1200000e+003 -9.3281785e-002 -4.7728629e-001  2.9072272e-001
  1.1210000e+003 -7.3998256e-002 -4.5800276e-001  3.1000625e-001
  1.1220000e+003 -5.9686239e-002 -4.4369074e-001  3.2431826e-001
  1.1230000e+003 -5.3153197e-002 -4.3715770e-001  3.3085130e-001
  1.1240000e+003 -5.4972524e-002 -4.3897703e-001  3.2903198e-001
  1.1250000e+003 -6.3320274e-002 -4.4732478e-001  3.2068423e-001
  1.1260000e+003 -7.4479182e-002 -4.5848368e-001  3.0952532e-001
  1.1270000e+003 -8.3862582e-002 -4.6786708e-001  3.0014192e-001
  1.1280000e+003 -8.7271492e-002 -4.7127599e-001  2.9673301e-001
  1.1290000e+003 -8.2041616e-002 -4.6604612e-001  3.0196289e-001
  1.1300000e+003 -6.7777665e-002 -4.5178217e-001  3.1622684e-001
  1.1310000e+003 -4.6495716e-002 -4.3050022e-001  3.3750879e-001
  1.1320000e+003 -2.2160216e-002 -4.0616472e-001  3.6184429e-001
  1.1330000e+003  2.3999031e-004 -3.8376451e-001  3.8424449e-001
  1.1340000e+003  1.5827525e-002 -3.6817698e-001  3.9983203e-001
  1.1350000e+003  2.0905850e-002 -3.6309865e-001  4.0491035e-001
  1.1360000e+003  1.3726532e-002 -3.7027797e-001  3.9773103e-001
  1.1370000e+003 -5.1908314e-003 -3.8919533e-001  3.7881367e-001
  1.1380000e+003 -3.3224215e-002 -4.1722872e-001  3.5078029e-001
  1.1390000e+003 -6.6239976e-002 -4.5024448e-001  3.1776453e-001
  1.1400000e+003 -9.9472088e-002 -4.8347659e-001  2.8453241e-001
  1.1410000e+003 -1.2850312e-001 -5.1250762e-001  2.5550138e-001
  1.1420000e+003 -1.5013978e-001 -5.3414428e-001  2.3386472e-001
  1.1430000e+003 -1.6299026e-001 -5.4699476e-001  2.2101424e-001
  1.1440000e+003 -1.6760713e-001 -5.5161163e-001  2.1639737e-001
  1.1450000e+003 -1.6615722e-001 -5.5016172e-001  2.1784728e-001
  1.1460000e+003 -1.6170304e-001 -5.4570754e-001  2.2230146e-001
  1.1470000e+003 -1.5729566e-001 -5.4130016e-001  2.2670884e-001
  1.1480000e+003 -1.5514444e-001 -5.3914894e-001  2.2886006e-001
  1.1490000e+003 -1.5611332e-001 -5.4011782e-001  2.2789118e-001
  1.1500000e+003 -1.5968979e-001 -5.4369429e-001  2.2431471e-001
  1.1510000e+003 -1.6441226e-001 -5.4841676e-001  2.1959224e-001
  1.1520000e+003 -1.6858000e-001 -5.5258450e-001  2.1542450e-001
  1.1530000e+003 -1.7097057e-001 -5.5497507e-001  2.1303393e-001
  1.1540000e+003 -1.7129407e-001 -5.5529857e-001  2.1271043e-001
  1.1550000e+003 -1.7022254e-001 -5.5422704e-001  2.1378196e-001
  1.1560000e+003 -1.6900405e-001 -5.5300855e-001  2.1500045e-001
  1.1570000e+003 -1.6883589e-001 -5.5284039e-001  2.1516861e-001
  1.1580000e+003 -1.7026212e-001 -5.5426662e-001  2.1374238e-001
  1.1590000e+003 -1.7284276e-001 -5.5684726e-001  2.1116174e-001
  1.1600000e+003 -1.7522330e-001 -5.5922780e-001  2.0878120e-001
  1.1610000e+003 -1.7556679e-001 -5.5957129e-001  2.0843771e-001
  1.1620000e+003 -1.7216498e-001 -5.5616948e-001  2.1183952e-001
  1.1630000e+003 -1.6398122e-001 -5.4798572e-001  2.2002328e-001
  1.1640000e+003 -1.5091903e-001 -5.3492353e-001  2.3308547e-001
  1.1650000e+003 -1.3373646e-001 -5.1774096e-001  2.5026804e-001
  1.1660000e+003 -1.1368214e-001 -4.9768664e-001  2.7032236e-001
  1.1670000e+003 -9.2045718e-002 -4.7605022e-001  2.9195878e-001
  1.1680000e+003 -6.9843228e-002 -4.5384773e-001  3.1416127e-001
  1.1690000e+003 -4.7783298e-002 -4.3178780e-001  3.3622120e-001
  1.1700000e+003 -2.6514740e-002 -4.1051924e-001  3.5748976e-001
  1.1710000e+003 -7.0037771e-003 -3.9100828e-001  3.7700072e-001
  1.1720000e+003  9.1995680e-003 -3.7480493e-001  3.9320407e-001
  1.1730000e+003  2.0024636e-002 -3.6397987e-001  4.0402914e-001
  1.1740000e+003  2.3357912e-002 -3.6064659e-001  4.0736241e-001
  1.1750000e+003  1.7823859e-002 -3.6618064e-001  4.0182836e-001
  1.1760000e+003  3.5798479e-003 -3.8042465e-001  3.8758435e-001
  1.1770000e+003 -1.7238242e-002 -4.0124274e-001  3.6676626e-001
  1.1780000e+003 -4.0706801e-002 -4.2471130e-001  3.4329770e-001
  1.1790000e+003 -6.2012992e-002 -4.4601749e-001  3.2199151e-001
  1.1800000e+003 -7.6850839e-002 -4.6085534e-001  3.0715366e-001
  1.1810000e+003 -8.2867299e-002 -4.6687180e-001  3.0113720e-001
  1.1820000e+003 -8.0621821e-002 -4.6462632e-001  3.0338268e-001
  1.1830000e+003 -7.3636637e-002 -4.5764114e-001  3.1036786e-001
  1.1840000e+003 -6.7408462e-002 -4.5141296e-001  3.1659604e-001
  1.1850000e+003 -6.7627690e-002 -4.5163219e-001  3.1637681e-001
  1.1860000e+003 -7.8169311e-002 -4.6217381e-001  3.0583519e-001
  1.1870000e+003 -9.9552752e-002 -4.8355725e-001  2.8445175e-001
  1.1880000e+003 -1.2845048e-001 -5.1245498e-001  2.5555402e-001
  1.1890000e+003 -1.5848485e-001 -5.4248935e-001  2.2551965e-001
  1.1900000e+003 -1.8210387e-001 -5.6610837e-001  2.0190063e-001
  1.1910000e+003 -1.9293075e-001 -5.7693525e-001  1.9107375e-001
  1.1920000e+003 -1.8778903e-001 -5.7179353e-001  1.9621547e-001
  1.1930000e+003 -1.6769502e-001 -5.5169952e-001  2.1630948e-001
  1.1940000e+003 -1.3745923e-001 -5.2146373e-001  2.4654527e-001
  1.1950000e+003 -1.0403023e-001 -4.8803473e-001  2.7997427e-001
  1.1960000e+003 -7.4170165e-002 -4.5817467e-001  3.0983434e-001
  1.1970000e+003 -5.2302626e-002 -4.3630713e-001  3.3170188e-001
  1.1980000e+003 -3.9318834e-002 -4.2332334e-001  3.4468567e-001
  1.1990000e+003 -3.2777866e-002 -4.1678237e-001  3.5122664e-001
  1.2000000e+003 -2.8410430e-002 -4.1241493e-001  3.5559407e-001
  1.2010000e+003 -2.2327266e-002 -4.0633177e-001  3.6167724e-001
  1.2020000e+003 -1.3038529e-002 -3.9704303e-001  3.7096597e-001
  1.2030000e+003 -2.4345748e-003 -3.8643908e-001  3.8156993e-001
  1.2040000e+003  4.7383238e-003 -3.7926618e-001  3.8874282e-001
  1.2050000e+003  2.7841927e-003 -3.8122031e-001  3.8678869e-001
  1.2060000e+003 -1.2351156e-002 -3.9635566e-001  3.7165335e-001
  1.2070000e+003 -4.0827847e-002 -4.2483235e-001  3.4317665e-001
  1.2080000e+003 -7.7959944e-002 -4.6196445e-001  3.0604456e-001
  1.2090000e+003 -1.1507310e-001 -4.9907760e-001  2.6893140e-001
  1.2100000e+003 -1.4199987e-001 -5.2600437e-001  2.4200463e-001
  1.2110000e+003 -1.5038905e-001 -5.3439355e-001  2.3361545e-001
  1.2120000e+003 -1.3664271e-001 -5.2064721e-001  2.4736179e-001
  1.2130000e+003 -1.0337694e-001 -4.8738144e-001  2.8062756e-001
  1.2140000e+003 -5.8812591e-002 -4.4281709e-001  3.2519191e-001
  1.2150000e+003 -1.4255074e-002 -3.9825958e-001  3.6974943e-001
  1.2160000e+003  1.9470799e-002 -3.6453370e-001  4.0347530e-001
  1.2170000e+003  3.5377142e-002 -3.4862736e-001  4.1938164e-001
  1.2180000e+003  3.2290800e-002 -3.5171370e-001  4.1629530e-001
  1.2190000e+003  1.4804911e-002 -3.6919959e-001  3.9880941e-001
  1.2200000e+003 -8.6882933e-003 -3.9269279e-001  3.7531621e-001
  1.2210000e+003 -2.9083194e-002 -4.1308770e-001  3.5492131e-001
  1.2220000e+003 -3.9599804e-002 -4.2360431e-001  3.4440470e-001
  1.2230000e+003 -3.7704219e-002 -4.2170872e-001  3.4630028e-001
  1.2240000e+003 -2.5334714e-002 -4.0933922e-001  3.5866979e-001
  1.2250000e+003 -7.5422755e-003 -3.9154678e-001  3.7646223e-001
  1.2260000e+003  9.7541058e-003 -3.7425040e-001  3.9375861e-001
  1.2270000e+003  2.1929808e-002 -3.6207469e-001  4.0593431e-001
  1.2280000e+003  2.6911830e-002 -3.5709267e-001  4.1091633e-001
  1.2290000e+003  2.5177340e-002 -3.5882716e-001  4.0918184e-001
  1.2300000e+003  1.8714679e-002 -3.6528982e-001  4.0271918e-001
  1.2310000e+003  9.5957588e-003 -3.7440874e-001  3.9360026e-001
  1.2320000e+003 -1.0876909e-003 -3.8509219e-001  3.8291681e-001
  1.2330000e+003 -1.3419652e-002 -3.9742415e-001  3.7058485e-001
  1.2340000e+003 -2.7954222e-002 -4.1195872e-001  3.5605028e-001
  1.2350000e+003 -4.4546705e-002 -4.2855121e-001  3.3945780e-001
  1.2360000e+003 -6.1411066e-002 -4.4541557e-001  3.2259344e-001
  1.2370000e+003 -7.5009822e-002 -4.5901432e-001  3.0899468e-001
  1.2380000e+003 -8.0999192e-002 -4.6500369e-001  3.0300531e-001
  1.2390000e+003 -7.5939853e-002 -4.5994435e-001  3.0806465e-001
  1.2400000e+003 -5.9072935e-002 -4.4307744e-001  3.2493157e-001
  1.2410000e+003 -3.3342079e-002 -4.1734658e-001  3.5066242e-001
  1.2420000e+003 -5.0826611e-003 -3.8908716e-001  3.7892184e-001
  1.2430000e+003  1.7687736e-002 -3.6631677e-001  4.0169224e-001
  1.2440000e+003  2.7863258e-002 -3.5614124e-001  4.1186776e-001
  1.2450000e+003  2.1806588e-002 -3.6219791e-001  4.0581109e-001
  1.2460000e+003  8.8867797e-004 -3.8311582e-001  3.8489318e-001
  1.2470000e+003 -2.8639779e-002 -4.1264428e-001  3.5536472e-001
  1.2480000e+003 -5.7497188e-002 -4.4150169e-001  3.2650731e-001
  1.2490000e+003 -7.6349799e-002 -4.6035430e-001  3.0765470e-001
  1.2500000e+003 -7.8891803e-002 -4.6289630e-001  3.0511270e-001
  1.2510000e+003 -6.3936167e-002 -4.4794067e-001  3.2006833e-001
  1.2520000e+003 -3.5768198e-002 -4.1977270e-001  3.4823630e-001
  1.2530000e+003 -2.6354584e-003 -3.8663996e-001  3.8136904e-001
  1.2540000e+003  2.6082244e-002 -3.5792226e-001  4.1008675e-001
  1.2550000e+003  4.3009186e-002 -3.4099532e-001  4.2701369e-001
  1.2560000e+003  4.5105290e-002 -3.3889921e-001  4.2910979e-001
  1.2570000e+003  3.4389655e-002 -3.4961485e-001  4.1839416e-001
  1.2580000e+003  1.6848306e-002 -3.6715620e-001  4.0085281e-001
  1.2590000e+003 -2.0720066e-005 -3.8402522e-001  3.8398378e-001
  1.2600000e+003 -1.0089242e-002 -3.9409374e-001  3.7391526e-001
  1.2610000e+003 -1.0841741e-002 -3.9484624e-001  3.7316276e-001
  1.2620000e+003 -4.1760724e-003 -3.8818057e-001  3.7982843e-001
  1.2630000e+003  4.4896105e-003 -3.7951489e-001  3.8849411e-001
  1.2640000e+003  8.4252316e-003 -3.7557927e-001  3.9242973e-001
  1.2650000e+003  2.2583756e-003 -3.8174613e-001  3.8626288e-001
  1.2660000e+003 -1.5899221e-002 -3.9990372e-001  3.6810528e-001
  1.2670000e+003 -4.3650909e-002 -4.2765541e-001  3.4035359e-001
  1.2680000e+003 -7.5120001e-002 -4.5912450e-001  3.0888450e-001
  1.2690000e+003 -1.0304645e-001 -4.8705095e-001  2.8095805e-001
  1.2700000e+003 -1.2139371e-001 -5.0539821e-001  2.6261079e-001
  1.2710000e+003 -1.2750723e-001 -5.1151173e-001  2.5649727e-001
  1.2720000e+003 -1.2303682e-001 -5.0704132e-001  2.6096768e-001
  1.2730000e+003 -1.1328602e-001 -4.9729052e-001  2.7071848e-001
  1.2740000e+003 -1.0521925e-001 -4.8922375e-001  2.7878525e-001
  1.2750000e+003 -1.0484086e-001 -4.8884536e-001  2.7916364e-001
  1.2760000e+003 -1.1489056e-001 -4.9889506e-001  2.6911394e-001
  1.2770000e+003 -1.3369712e-001 -5.1770162e-001  2.5030738e-001
  1.2780000e+003 -1.5563149e-001 -5.3963599e-001  2.2837301e-001
  1.2790000e+003 -1.7303836e-001 -5.5704286e-001  2.1096614e-001
  1.2800000e+003 -1.7899646e-001 -5.6300096e-001  2.0500804e-001
  1.2810000e+003 -1.6994700e-001 -5.5395150e-001  2.1405750e-001
  1.2820000e+003 -1.4724987e-001 -5.3125437e-001  2.3675463e-001
  1.2830000e+003 -1.1707883e-001 -5.0108333e-001  2.6692567e-001
  1.2840000e+003 -8.8634275e-002 -4.7263878e-001  2.9537023e-001
  1.2850000e+003 -7.1241828e-002 -4.5524633e-001  3.1276267e-001
  1.2860000e+003 -7.1308712e-002 -4.5531321e-001  3.1269579e-001
  1.2870000e+003 -9.0181871e-002 -4.7418637e-001  2.9382263e-001
  1.2880000e+003 -1.2365738e-001 -5.0766188e-001  2.6034712e-001
  1.2890000e+003 -1.6332669e-001 -5.4733119e-001  2.2067781e-001
  1.2900000e+003 -1.9930576e-001 -5.8331026e-001  1.8469874e-001
  1.2910000e+003 -2.2340501e-001 -6.0740951e-001  1.6059949e-001
  1.2920000e+003 -2.3163805e-001 -6.1564255e-001  1.5236645e-001
  1.2930000e+003 -2.2519877e-001 -6.0920327e-001  1.5880573e-001
  1.2940000e+003 -2.0958192e-001 -5.9358642e-001  1.7442258e-001
  1.2950000e+003 -1.9219028e-001 -5.7619478e-001  1.9181422e-001
  1.2960000e+003 -1.7932227e-001 -5.6332677e-001  2.0468223e-001
  1.2970000e+003 -1.7366537e-001 -5.5766987e-001  2.1033913e-001
  1.2980000e+003 -1.7324575e-001 -5.5725025e-001  2.1075875e-001
  1.2990000e+003 -1.7225783e-001 -5.5626233e-001  2.1174667e-001
  1.3000000e+003 -1.6350639e-001 -5.4751089e-001  2.2049811e-001
  1.3010000e+003 -1.4158509e-001 -5.2558959e-001  2.4241941e-001
  1.3020000e+003 -1.0561201e-001 -4.8961651e-001  2.7839249e-001
  1.3030000e+003 -6.0462138e-002 -4.4446664e-001  3.2354236e-001
  1.3040000e+003 -1.5943780e-002 -3.9994828e-001  3.6806072e-001
  1.3050000e+003  1.5912486e-002 -3.6809202e-001  3.9991699e-001
  1.3060000e+003  2.4603254e-002 -3.5940125e-001  4.0860776e-001
  1.3070000e+003  4.6955846e-003 -3.7930892e-001  3.8870009e-001
  1.3080000e+003 -4.2044864e-002 -4.2604937e-001  3.4195964e-001
  1.3090000e+003 -1.0669112e-001 -4.9069562e-001  2.7731338e-001
  1.3100000e+003 -1.7538509e-001 -5.5938959e-001  2.0861941e-001
  1.3110000e+003 -2.3305650e-001 -6.1706100e-001  1.5094800e-001
  1.3120000e+003 -2.6744300e-001 -6.5144750e-001  1.1656150e-001
  1.3130000e+003 -2.7215492e-001 -6.5615942e-001  1.1184958e-001
  1.3140000e+003 -2.4788867e-001 -6.3189317e-001  1.3611583e-001
  1.3150000e+003 -2.0154159e-001 -5.8554609e-001  1.8246291e-001
  1.3160000e+003 -1.4368025e-001 -5.2768475e-001  2.4032425e-001
  1.3170000e+003 -8.5313569e-002 -4.6931807e-001  2.9869093e-001
  1.3180000e+003 -3.5059136e-002 -4.1906364e-001  3.4894537e-001
  1.3190000e+003  2.4584182e-003 -3.8154608e-001  3.8646292e-001
  1.3200000e+003  2.6656006e-002 -3.5734850e-001  4.1066051e-001
  1.3210000e+003  3.9743700e-002 -3.4426080e-001  4.2374820e-001
  1.3220000e+003  4.4858925e-002 -3.3914558e-001  4.2886343e-001
  1.3230000e+003  4.4392111e-002 -3.3961239e-001  4.2839661e-001
  1.3240000e+003  3.9128467e-002 -3.4487603e-001  4.2313297e-001
  1.3250000e+003  2.8430463e-002 -3.5557404e-001  4.1243496e-001
  1.3260000e+003  1.1239180e-002 -3.7276532e-001  3.9524368e-001
  1.3270000e+003 -1.2647968e-002 -3.9665247e-001  3.7135653e-001
  1.3280000e+003 -4.1648942e-002 -4.2565344e-001  3.4235556e-001
  1.3290000e+003 -7.2275197e-002 -4.5627970e-001  3.1172930e-001
  1.3300000e+003 -9.9931796e-002 -4.8393630e-001  2.8407271e-001
  1.3310000e+003 -1.2037895e-001 -5.0438345e-001  2.6362555e-001
  1.3320000e+003 -1.3132502e-001 -5.1532952e-001  2.5267948e-001
  1.3330000e+003 -1.3355228e-001 -5.1755678e-001  2.5045222e-001
  1.3340000e+003 -1.3112535e-001 -5.1512985e-001  2.5287915e-001
  1.3350000e+003 -1.3053649e-001 -5.1454099e-001  2.5346801e-001
  1.3360000e+003 -1.3899242e-001 -5.2299692e-001  2.4501208e-001
  1.3370000e+003 -1.6232614e-001 -5.4633064e-001  2.2167836e-001
  1.3380000e+003 -2.0314030e-001 -5.8714480e-001  1.8086420e-001
  1.3390000e+003 -2.5972750e-001 -6.4373200e-001  1.2427700e-001
  1.3400000e+003 -3.2609755e-001 -7.1010205e-001  5.7906951e-002
  1.3410000e+003 -3.9313992e-001 -7.7714442e-001 -9.1354189e-003
  1.3420000e+003 -4.5064727e-001 -8.3465177e-001 -6.6642769e-002
  1.3430000e+003 -4.8969804e-001 -8.7370254e-001 -1.0569354e-001
  1.3440000e+003 -5.0479587e-001 -8.8880037e-001 -1.2079137e-001
  1.3450000e+003 -4.9521260e-001 -8.7921710e-001 -1.1120810e-001
  1.3460000e+003 -4.6516992e-001 -8.4917442e-001 -8.1165419e-002
  1.3470000e+003 -4.2278214e-001 -8.0678664e-001 -3.8777639e-002
  1.3480000e+003 -3.7800308e-001 -7.6200758e-001  6.0014211e-003
  1.3490000e+003 -3.4009378e-001 -7.2409828e-001  4.3910721e-002
  1.3500000e+003 -3.1527700e-001 -6.9928150e-001  6.8727501e-002
  1.3510000e+003 -3.0521699e-001 -6.8922149e-001  7.8787511e-002
  1.3520000e+003 -3.0675245e-001 -6.9075695e-001  7.7252051e-002
  1.3530000e+003 -3.1296492e-001 -6.9696942e-001  7.1039581e-002
  1.3540000e+003 -3.1528115e-001 -6.9928565e-001  6.8723351e-002
  1.3550000e+003 -3.0600128e-001 -6.9000578e-001  7.8003221e-002
  1.3560000e+003 -2.8051735e-001 -6.6452185e-001  1.0348715e-001
  1.3570000e+003 -2.3858386e-001 -6.2258836e-001  1.4542064e-001
  1.3580000e+003 -1.8429954e-001 -5.6830404e-001  1.9970496e-001
  1.3590000e+003 -1.2486246e-001 -5.0886696e-001  2.5914204e-001
  1.3600000e+003 -6.8535322e-002 -4.5253982e-001  3.1546918e-001
  1.3610000e+003 -2.2479669e-002 -4.0648417e-001  3.6152483e-001
  1.3620000e+003  8.8862673e-003 -3.7511823e-001  3.9289077e-001
  1.3630000e+003  2.4572942e-002 -3.5943156e-001  4.0857744e-001
  1.3640000e+003  2.6667184e-002 -3.5733732e-001  4.1067169e-001
  1.3650000e+003  1.9212059e-002 -3.6479244e-001  4.0321656e-001
  1.3660000e+003  6.8106025e-003 -3.7719390e-001  3.9081510e-001
  1.3670000e+003 -6.5354862e-003 -3.9053999e-001  3.7746901e-001
  1.3680000e+003 -1.8015468e-002 -4.0201997e-001  3.6598903e-001
  1.3690000e+003 -2.5974882e-002 -4.0997938e-001  3.5802962e-001
  1.3700000e+003 -2.9473801e-002 -4.1347830e-001  3.5453070e-001
  1.3710000e+003 -2.7799689e-002 -4.1180419e-001  3.5620481e-001
  1.3720000e+003 -2.0262144e-002 -4.0426665e-001  3.6374236e-001
  1.3730000e+003 -6.4093149e-003 -3.9041382e-001  3.7759519e-001
  1.3740000e+003  1.3444092e-002 -3.7056041e-001  3.9744859e-001
  1.3750000e+003  3.7682939e-002 -3.4632156e-001  4.2168744e-001
  1.3760000e+003  6.3207675e-002 -3.2079683e-001  4.4721218e-001
  1.3770000e+003  8.5832635e-002 -2.9817187e-001  4.6983714e-001
  1.3780000e+003  1.0125040e-001 -2.8275410e-001  4.8525490e-001
  1.3790000e+003  1.0627695e-001 -2.7772755e-001  4.9028145e-001
  1.3800000e+003  9.9920625e-002 -2.8408388e-001  4.8392513e-001
  1.3810000e+003  8.3827068e-002 -3.0017743e-001  4.6783157e-001
  1.3820000e+003  6.1852215e-002 -3.2215229e-001  4.4585672e-001
  1.3830000e+003  3.8839434e-002 -3.4516507e-001  4.2284394e-001
  1.3840000e+003  1.8999066e-002 -3.6500544e-001  4.0300357e-001
  1.3850000e+003  4.4774874e-003 -3.7952701e-001  3.8848199e-001
  1.3860000e+003 -5.3290312e-003 -3.8933353e-001  3.7867547e-001
  1.3870000e+003 -1.3415510e-002 -3.9742001e-001  3.7058899e-001
  1.3880000e+003 -2.3854450e-002 -4.0785895e-001  3.6015005e-001
  1.3890000e+003 -3.9993797e-002 -4.2399830e-001  3.4401070e-001
  1.3900000e+003 -6.2846102e-002 -4.4685060e-001  3.2115840e-001
  1.3910000e+003 -9.0304887e-002 -4.7430939e-001  2.9369961e-001
  1.3920000e+003 -1.1753230e-001 -5.0153680e-001  2.6647220e-001
  1.3930000e+003 -1.3842851e-001 -5.2243301e-001  2.4557599e-001
  1.3940000e+003 -1.4768308e-001 -5.3168758e-001  2.3632142e-001
  1.3950000e+003 -1.4267978e-001 -5.2668428e-001  2.4132472e-001
  1.3960000e+003 -1.2456584e-001 -5.0857034e-001  2.5943866e-001
  1.3970000e+003 -9.8088441e-002 -4.8209294e-001  2.8591606e-001
  1.3980000e+003 -7.0233567e-002 -4.5423807e-001  3.1377093e-001
  1.3990000e+003 -4.8114407e-002 -4.3211891e-001  3.3589009e-001
  1.4000000e+003 -3.3032882e-001 -7.5181054e-001  9.1152902e-002
  1.4010000e+003 -3.5437053e-001 -7.7585225e-001  6.7111192e-002
  1.4020000e+003 -3.7218155e-001 -7.9366327e-001  4.9300172e-002
  1.4030000e+003 -3.8119886e-001 -8.0268058e-001  4.0282862e-002
  1.4040000e+003 -3.8056736e-001 -8.0204908e-001  4.0914362e-002
  1.4050000e+003 -3.7144130e-001 -7.9292302e-001  5.0040422e-002
  1.4060000e+003 -3.5667849e-001 -7.7816021e-001  6.4803232e-002
  1.4070000e+003 -3.4003789e-001 -7.6151961e-001  8.1443832e-002
  1.4080000e+003 -3.2515236e-001 -7.4663408e-001  9.6329362e-002
  1.4090000e+003 -3.1461139e-001 -7.3609311e-001  1.0687033e-001
  1.4100000e+003 -3.0943574e-001 -7.3091746e-001  1.1204598e-001
  1.4110000e+003 -3.0907873e-001 -7.3056045e-001  1.1240299e-001
  1.4120000e+003 -3.1190349e-001 -7.3338521e-001  1.0957823e-001
  1.4130000e+003 -3.1592890e-001 -7.3741062e-001  1.0555282e-001
  1.4140000e+003 -3.1956204e-001 -7.4104376e-001  1.0191968e-001
  1.4150000e+003 -3.2206542e-001 -7.4354714e-001  9.9416302e-002
  1.4160000e+003 -3.2362416e-001 -7.4510588e-001  9.7857562e-002
  1.4170000e+003 -3.2503595e-001 -7.4651767e-001  9.6445772e-002
  1.4180000e+003 -3.2718402e-001 -7.4866574e-001  9.4297702e-002
  1.4190000e+003 -3.3052180e-001 -7.5200352e-001  9.0959922e-002
  1.4200000e+003 -3.3477573e-001 -7.5625745e-001  8.6705992e-002
  1.4210000e+003 -3.3897298e-001 -7.6045470e-001  8.2508742e-002
  1.4220000e+003 -3.4176679e-001 -7.6324851e-001  7.9714932e-002
  1.4230000e+003 -3.4191700e-001 -7.6339872e-001  7.9564722e-002
  1.4240000e+003 -3.3873193e-001 -7.6021365e-001  8.2749792e-002
  1.4250000e+003 -3.3230737e-001 -7.5378909e-001  8.9174352e-002
  1.4260000e+003 -3.2349187e-001 -7.4497359e-001  9.7989852e-002
  1.4270000e+003 -3.1362240e-001 -7.3510412e-001  1.0785932e-001
  1.4280000e+003 -3.0416074e-001 -7.2564246e-001  1.1732098e-001
  1.4290000e+003 -2.9638217e-001 -7.1786389e-001  1.2509955e-001
  1.4300000e+003 -2.9121971e-001 -7.1270143e-001  1.3026201e-001
  1.4310000e+003 -2.8927518e-001 -7.1075690e-001  1.3220654e-001
  1.4320000e+003 -2.9091947e-001 -7.1240119e-001  1.3056225e-001
  1.4330000e+003 -2.9636338e-001 -7.1784510e-001  1.2511834e-001
  1.4340000e+003 -3.0560801e-001 -7.2708973e-001  1.1587371e-001
  1.4350000e+003 -3.1826741e-001 -7.3974913e-001  1.0321431e-001
  1.4360000e+003 -3.3335409e-001 -7.5483581e-001  8.8127632e-002
  1.4370000e+003 -3.4917787e-001 -7.7065959e-001  7.2303852e-002
  1.4380000e+003 -3.6349454e-001 -7.8497626e-001  5.7987182e-002
  1.4390000e+003 -3.7394859e-001 -7.9543031e-001  4.7533132e-002
  1.4400000e+003 -3.7871986e-001 -8.0020158e-001  4.2761862e-002
  1.4410000e+003 -3.7716706e-001 -7.9864878e-001  4.4314662e-002
  1.4420000e+003 -3.7021754e-001 -7.9169926e-001  5.1264182e-002
  1.4430000e+003 -3.6031317e-001 -7.8179489e-001  6.1168552e-002
  1.4440000e+003 -3.5086896e-001 -7.7235068e-001  7.0612762e-002
  1.4450000e+003 -3.4538096e-001 -7.6686268e-001  7.6100762e-002
  1.4460000e+003 -3.4645867e-001 -7.6794039e-001  7.5023052e-002
  1.4470000e+003 -3.5509817e-001 -7.7657989e-001  6.6383552e-002
  1.4480000e+003 -3.7043414e-001 -7.9191586e-001  5.1047582e-002
  1.4490000e+003 -3.9004276e-001 -8.1152448e-001  3.1438962e-002
  1.4500000e+003 -4.1067628e-001 -8.3215800e-001  1.0805442e-002
  1.4510000e+003 -4.2916784e-001 -8.5064956e-001 -7.6861181e-003
  1.4520000e+003 -4.4320439e-001 -8.6468611e-001 -2.1722668e-002
  1.4530000e+003 -4.5173595e-001 -8.7321767e-001 -3.0254228e-002
  1.4540000e+003 -4.5493909e-001 -8.7642081e-001 -3.3457368e-002
  1.4550000e+003 -4.5381899e-001 -8.7530071e-001 -3.2337268e-002
  1.4560000e+003 -4.4965522e-001 -8.7113694e-001 -2.8173498e-002
  1.4570000e+003 -4.4352784e-001 -8.6500956e-001 -2.2046118e-002
  1.4580000e+003 -4.3609924e-001 -8.5758096e-001 -1.4617518e-002
  1.4590000e+003 -4.2770262e-001 -8.4918434e-001 -6.2208981e-003
  1.4600000e+003 -4.1865282e-001 -8.4013454e-001  2.8289019e-003
  1.4610000e+003 -4.0960298e-001 -8.3108470e-001  1.1878742e-002
  1.4620000e+003 -4.0175368e-001 -8.2323540e-001  1.9728042e-002
  1.4630000e+003 -3.9678361e-001 -8.1826533e-001  2.4698112e-002
  1.4640000e+003 -3.9648532e-001 -8.1796704e-001  2.4996402e-002
  1.4650000e+003 -4.0220997e-001 -8.2369169e-001  1.9271752e-002
  1.4660000e+003 -4.1430730e-001 -8.3578902e-001  7.1744219e-003
  1.4670000e+003 -4.3176009e-001 -8.5324181e-001 -1.0278368e-002
  1.4680000e+003 -4.5215630e-001 -8.7363802e-001 -3.0674578e-002
  1.4690000e+003 -4.7203765e-001 -8.9351937e-001 -5.0555928e-002
  1.4700000e+003 -4.8755054e-001 -9.0903226e-001 -6.6068818e-002
  1.4710000e+003 -4.9523997e-001 -9.1672169e-001 -7.3758248e-002
  1.4720000e+003 -4.9279355e-001 -9.1427527e-001 -7.1311828e-002
  1.4730000e+003 -4.7956293e-001 -9.0104465e-001 -5.8081208e-002
  1.4740000e+003 -4.5675065e-001 -8.7823237e-001 -3.5268928e-002
  1.4750000e+003 -4.2722839e-001 -8.4871011e-001 -5.7466681e-003
  1.4760000e+003 -3.9502873e-001 -8.1651045e-001  2.6452992e-002
  1.4770000e+003 -3.6461261e-001 -7.8609433e-001  5.6869112e-002
  1.4780000e+003 -3.4005406e-001 -7.6153578e-001  8.1427662e-002
  1.4790000e+003 -3.2429940e-001 -7.4578112e-001  9.7182322e-002
  1.4800000e+003 -3.1864751e-001 -7.4012923e-001  1.0283421e-001
  1.4810000e+003 -3.2255838e-001 -7.4404010e-001  9.8923342e-002
  1.4820000e+003 -3.3383176e-001 -7.5531348e-001  8.7649962e-002
  1.4830000e+003 -3.4911676e-001 -7.7059848e-001  7.2364962e-002
  1.4840000e+003 -3.6463692e-001 -7.8611864e-001  5.6844802e-002
  1.4850000e+003 -3.7696617e-001 -7.9844789e-001  4.4515552e-002
  1.4860000e+003 -3.8368564e-001 -8.0516736e-001  3.7796082e-002
  1.4870000e+003 -3.8379073e-001 -8.0527245e-001  3.7690992e-002
  1.4880000e+003 -3.7778718e-001 -7.9926890e-001  4.3694542e-002
  1.4890000e+003 -3.6748976e-001 -7.8897148e-001  5.3991962e-002
  1.4900000e+003 -3.5559456e-001 -7.7707628e-001  6.5887162e-002
  1.4910000e+003 -3.4512337e-001 -7.6660509e-001  7.6358352e-002
  1.4920000e+003 -3.3884029e-001 -7.6032201e-001  8.2641432e-002
  1.4930000e+003 -3.3872816e-001 -7.6020988e-001  8.2753562e-002
  1.4940000e+003 -3.4559889e-001 -7.6708061e-001  7.5882832e-002
  1.4950000e+003 -3.5890038e-001 -7.8038210e-001  6.2581342e-002
  1.4960000e+003 -3.7676849e-001 -7.9825021e-001  4.4713232e-002
  1.4970000e+003 -3.9634259e-001 -8.1782431e-001  2.5139132e-002
  1.4980000e+003 -4.1431327e-001 -8.3579499e-001  7.1684519e-003
  1.4990000e+003 -4.2760675e-001 -8.4908847e-001 -6.1250281e-003
  1.5000000e+003 -1.8366610e-001 -5.6027773e-001  1.9294553e-001
  1.5010000e+003 -1.9860628e-001 -5.7521791e-001  1.7800535e-001
  1.5020000e+003 -2.1145330e-001 -5.8806493e-001  1.6515833e-001
  1.5030000e+003 -2.1977173e-001 -5.9638336e-001  1.5683990e-001
  1.5040000e+003 -2.2240001e-001 -5.9901164e-001  1.5421162e-001
  1.5050000e+003 -2.1967868e-001 -5.9629031e-001  1.5693295e-001
  1.5060000e+003 -2.1316970e-001 -5.8978133e-001  1.6344193e-001
  1.5070000e+003 -2.0502479e-001 -5.8163642e-001  1.7158684e-001
  1.5080000e+003 -1.9726939e-001 -5.7388102e-001  1.7934224e-001
  1.5090000e+003 -1.9126354e-001 -5.6787517e-001  1.8534809e-001
  1.5100000e+003 -1.8749527e-001 -5.6410690e-001  1.8911636e-001
  1.5110000e+003 -1.8571076e-001 -5.6232239e-001  1.9090087e-001
  1.5120000e+003 -1.8525883e-001 -5.6187046e-001  1.9135280e-001
  1.5130000e+003 -1.8547314e-001 -5.6208477e-001  1.9113849e-001
  1.5140000e+003 -1.8594666e-001 -5.6255829e-001  1.9066497e-001
  1.5150000e+003 -1.8663744e-001 -5.6324907e-001  1.8997419e-001
  1.5160000e+003 -1.8783155e-001 -5.6444318e-001  1.8878008e-001
  1.5170000e+003 -1.9003225e-001 -5.6664388e-001  1.8657938e-001
  1.5180000e+003 -1.9383141e-001 -5.7044304e-001  1.8278022e-001
  1.5190000e+003 -1.9977064e-001 -5.7638227e-001  1.7684099e-001
  1.5200000e+003 -2.0816053e-001 -5.8477216e-001  1.6845110e-001
  1.5210000e+003 -2.1883406e-001 -5.9544569e-001  1.5777757e-001
  1.5220000e+003 -2.3087131e-001 -6.0748294e-001  1.4574032e-001
  1.5230000e+003 -2.4241492e-001 -6.1902655e-001  1.3419671e-001
  1.5240000e+003 -2.5074355e-001 -6.2735518e-001  1.2586808e-001
  1.5250000e+003 -2.5273430e-001 -6.2934593e-001  1.2387733e-001
  1.5260000e+003 -2.4571252e-001 -6.2232415e-001  1.3089911e-001
  1.5270000e+003 -2.2850154e-001 -6.0511317e-001  1.4811009e-001
  1.5280000e+003 -2.0232341e-001 -5.7893504e-001  1.7428822e-001
  1.5290000e+003 -1.7115392e-001 -5.4776555e-001  2.0545771e-001
  1.5300000e+003 -1.4124780e-001 -5.1785943e-001  2.3536383e-001
  1.5310000e+003 -1.1980722e-001 -4.9641885e-001  2.5680441e-001
  1.5320000e+003 -1.1308495e-001 -4.8969658e-001  2.6352668e-001
  1.5330000e+003 -1.2446903e-001 -5.0108066e-001  2.5214260e-001
  1.5340000e+003 -1.5318040e-001 -5.2979203e-001  2.2343123e-001
  1.5350000e+003 -1.9407497e-001 -5.7068660e-001  1.8253666e-001
  1.5360000e+003 -2.3871214e-001 -6.1532377e-001  1.3789949e-001
  1.5370000e+003 -2.7744087e-001 -6.5405250e-001  9.9170756e-002
  1.5380000e+003 -3.0190957e-001 -6.7852120e-001  7.4702056e-002
  1.5390000e+003 -3.0725150e-001 -6.8386313e-001  6.9360126e-002
  1.5400000e+003 -2.9329268e-001 -6.6990431e-001  8.3318946e-002
  1.5410000e+003 -2.6443970e-001 -6.4105133e-001  1.1217193e-001
  1.5420000e+003 -2.2832182e-001 -6.0493345e-001  1.4828981e-001
  1.5430000e+003 -1.9363959e-001 -5.7025122e-001  1.8297204e-001
  1.5440000e+003 -1.6788616e-001 -5.4449779e-001  2.0872547e-001
  1.5450000e+003 -1.5559610e-001 -5.3220773e-001  2.2101553e-001
  1.5460000e+003 -1.5755977e-001 -5.3417140e-001  2.1905186e-001
  1.5470000e+003 -1.7110958e-001 -5.4772121e-001  2.0550205e-001
  1.5480000e+003 -1.9125657e-001 -5.6786820e-001  1.8535506e-001
  1.5490000e+003 -2.1223953e-001 -5.8885116e-001  1.6437210e-001
  1.5500000e+003 -2.2900031e-001 -6.0561194e-001  1.4761132e-001
  1.5510000e+003 -2.3820846e-001 -6.1482009e-001  1.3840317e-001
  1.5520000e+003 -2.3866605e-001 -6.1527768e-001  1.3794558e-001
  1.5530000e+003 -2.3113989e-001 -6.0775152e-001  1.4547174e-001
  1.5540000e+003 -2.1781846e-001 -5.9443009e-001  1.5879317e-001
  1.5550000e+003 -2.0163527e-001 -5.7824690e-001  1.7497636e-001
  1.5560000e+003 -1.8564803e-001 -5.6225966e-001  1.9096360e-001
  1.5570000e+003 -1.7256131e-001 -5.4917294e-001  2.0405032e-001
  1.5580000e+003 -1.6438808e-001 -5.4099971e-001  2.1222355e-001
  1.5590000e+003 -1.6220702e-001 -5.3881865e-001  2.1440461e-001
  1.5600000e+003 -1.6599603e-001 -5.4260766e-001  2.1061560e-001
  1.5610000e+003 -1.7458031e-001 -5.5119194e-001  2.0203132e-001
  1.5620000e+003 -1.8577704e-001 -5.6238867e-001  1.9083459e-001
  1.5630000e+003 -1.9680599e-001 -5.7341762e-001  1.7980564e-001
  1.5640000e+003 -2.0495450e-001 -5.8156613e-001  1.7165713e-001
  1.5650000e+003 -2.0836391e-001 -5.8497554e-001  1.6824772e-001
  1.5660000e+003 -2.0670021e-001 -5.8331184e-001  1.6991142e-001
  1.5670000e+003 -2.0144417e-001 -5.7805580e-001  1.7516746e-001
  1.5680000e+003 -1.9561891e-001 -5.7223054e-001  1.8099272e-001
  1.5690000e+003 -1.9295129e-001 -5.6956292e-001  1.8366034e-001
  1.5700000e+003 -1.9667778e-001 -5.7328941e-001  1.7993385e-001
  1.5710000e+003 -2.0837101e-001 -5.8498264e-001  1.6824062e-001
  1.5720000e+003 -2.2720549e-001 -6.0381712e-001  1.4940614e-001
  1.5730000e+003 -2.4996964e-001 -6.2658127e-001  1.2664199e-001
  1.5740000e+003 -2.7189248e-001 -6.4850411e-001  1.0471915e-001
  1.5750000e+003 -2.8806842e-001 -6.6468005e-001  8.8543206e-002
  1.5760000e+003 -2.9503438e-001 -6.7164601e-001  8.1577246e-002
  1.5770000e+003 -2.9196879e-001 -6.6858042e-001  8.4642836e-002
  1.5780000e+003 -2.8108035e-001 -6.5769198e-001  9.5531276e-002
  1.5790000e+003 -2.6700998e-001 -6.4362161e-001  1.0960165e-001
  1.5800000e+003 -2.5539801e-001 -6.3200964e-001  1.2121362e-001
  1.5810000e+003 -2.5105953e-001 -6.2767116e-001  1.2555210e-001
  1.5820000e+003 -2.5636197e-001 -6.3297360e-001  1.2024966e-001
  1.5830000e+003 -2.7035482e-001 -6.4696645e-001  1.0625681e-001
  1.5840000e+003 -2.8897113e-001 -6.6558276e-001  8.7640496e-002
  1.5850000e+003 -3.0627550e-001 -6.8288713e-001  7.0336126e-002
  1.5860000e+003 -3.1638401e-001 -6.9299564e-001  6.0227616e-002
  1.5870000e+003 -3.1544357e-001 -6.9205520e-001  6.1168056e-002
  1.5880000e+003 -3.0301454e-001 -6.7962617e-001  7.3597086e-002
  1.5890000e+003 -2.8237263e-001 -6.5898426e-001  9.4238996e-002
  1.5900000e+003 -2.5958827e-001 -6.3619990e-001  1.1702336e-001
  1.5910000e+003 -2.4164622e-001 -6.1825785e-001  1.3496541e-001
  1.5920000e+003 -2.3420182e-001 -6.1081345e-001  1.4240981e-001
  1.5930000e+003 -2.3971670e-001 -6.1632833e-001  1.3689493e-001
  1.5940000e+003 -2.5661398e-001 -6.3322561e-001  1.1999765e-001
  1.5950000e+003 -2.7976641e-001 -6.5637804e-001  9.6845216e-002
  1.5960000e+003 -3.0218299e-001 -6.7879462e-001  7.4428636e-002
  1.5970000e+003 -3.1734384e-001 -6.9395547e-001  5.9267786e-002
  1.5980000e+003 -3.2139695e-001 -6.9800858e-001  5.5214676e-002
  1.5990000e+003 -3.1446335e-001 -6.9107498e-001  6.2148276e-002
  1.6000000e+003 -2.0692561e-001 -5.7333041e-001  1.5947919e-001
  1.6010000e+003 -2.4367226e-001 -6.1007706e-001  1.2273254e-001
  1.6020000e+003 -2.8550215e-001 -6.5190695e-001  8.0902648e-002
  1.6030000e+003 -3.2937384e-001 -6.9577864e-001  3.7030958e-002
  1.6040000e+003 -3.7175625e-001 -7.3816105e-001 -5.3514521e-003
  1.6050000e+003 -4.0909382e-001 -7.7549862e-001 -4.2689022e-002
  1.6060000e+003 -4.3832544e-001 -8.0473024e-001 -7.1920642e-002
  1.6070000e+003 -4.5742765e-001 -8.2383245e-001 -9.1022852e-002
  1.6080000e+003 -4.6590647e-001 -8.3231127e-001 -9.9501672e-002
  1.6090000e+003 -4.6510862e-001 -8.3151342e-001 -9.8703822e-002
  1.6100000e+003 -4.5819779e-001 -8.2460259e-001 -9.1792992e-002
  1.6110000e+003 -4.4967962e-001 -8.1608442e-001 -8.3274822e-002
  1.6120000e+003 -4.4446939e-001 -8.1087419e-001 -7.8064592e-002
  1.6130000e+003 -4.4665567e-001 -8.1306047e-001 -8.0250872e-002
  1.6140000e+003 -4.5826378e-001 -8.2466858e-001 -9.1858982e-002
  1.6150000e+003 -4.7839950e-001 -8.4480430e-001 -1.1199470e-001
  1.6160000e+003 -5.0310472e-001 -8.6950952e-001 -1.3669992e-001
  1.6170000e+003 -5.2607747e-001 -8.9248227e-001 -1.5967267e-001
  1.6180000e+003 -5.4014512e-001 -9.0654992e-001 -1.7374032e-001
  1.6190000e+003 -5.3912114e-001 -9.0552594e-001 -1.7271634e-001
  1.6200000e+003 -5.1951816e-001 -8.8592296e-001 -1.5311336e-001
  1.6210000e+003 -4.8160198e-001 -8.4800678e-001 -1.1519718e-001
  1.6220000e+003 -4.2945915e-001 -7.9586395e-001 -6.3054352e-002
  1.6230000e+003 -3.7005488e-001 -7.3645968e-001 -3.6500821e-003
  1.6240000e+003 -3.1157320e-001 -6.7797800e-001  5.4831598e-002
  1.6250000e+003 -2.6154433e-001 -6.2794913e-001  1.0486047e-001
  1.6260000e+003 -2.2530285e-001 -5.9170765e-001  1.4110195e-001
  1.6270000e+003 -2.0517679e-001 -5.7158159e-001  1.6122801e-001
  1.6280000e+003 -2.0054327e-001 -5.6694807e-001  1.6586153e-001
  1.6290000e+003 -2.0860482e-001 -5.7500962e-001  1.5779998e-001
  1.6300000e+003 -2.2554079e-001 -5.9194559e-001  1.4086401e-001
  1.6310000e+003 -2.4763277e-001 -6.1403757e-001  1.1877203e-001
  1.6320000e+003 -2.7204895e-001 -6.3845375e-001  9.4355848e-002
  1.6330000e+003 -2.9714758e-001 -6.6355238e-001  6.9257218e-002
  1.6340000e+003 -3.2234325e-001 -6.8874805e-001  4.4061548e-002
  1.6350000e+003 -3.4770589e-001 -7.1411069e-001  1.8698908e-002
  1.6360000e+003 -3.7349809e-001 -7.3990289e-001 -7.0932921e-003
  1.6370000e+003 -3.9981324e-001 -7.6621804e-001 -3.3408442e-002
  1.6380000e+003 -4.2639230e-001 -7.9279710e-001 -5.9987502e-002
  1.6390000e+003 -4.5261480e-001 -8.1901960e-001 -8.6210002e-002
  1.6400000e+003 -4.7760675e-001 -8.4401155e-001 -1.1120195e-001
  1.6410000e+003 -5.0039198e-001 -8.6679678e-001 -1.3398718e-001
  1.6420000e+003 -5.2002376e-001 -8.8642856e-001 -1.5361896e-001
  1.6430000e+003 -5.3565591e-001 -9.0206071e-001 -1.6925111e-001
  1.6440000e+003 -5.4653938e-001 -9.1294418e-001 -1.8013458e-001
  1.6450000e+003 -5.5195775e-001 -9.1836255e-001 -1.8555295e-001
  1.6460000e+003 -5.5114323e-001 -9.1754803e-001 -1.8473843e-001
  1.6470000e+003 -5.4323665e-001 -9.0964145e-001 -1.7683185e-001
  1.6480000e+003 -5.2735929e-001 -8.9376409e-001 -1.6095449e-001
  1.6490000e+003 -5.0283859e-001 -8.6924339e-001 -1.3643379e-001
  1.6500000e+003 -4.6957132e-001 -8.3597612e-001 -1.0316652e-001
  1.6510000e+003 -4.2843263e-001 -7.9483743e-001 -6.2027832e-002
  1.6520000e+003 -3.8157659e-001 -7.4798139e-001 -1.5171792e-002
  1.6530000e+003 -3.3245908e-001 -6.9886388e-001  3.3945718e-002
  1.6540000e+003 -2.8546805e-001 -6.5187285e-001  8.0936748e-002
  1.6550000e+003 -2.4516504e-001 -6.1156984e-001  1.2123976e-001
  1.6560000e+003 -2.1528978e-001 -5.8169458e-001  1.5111502e-001
  1.6570000e+003 -1.9780246e-001 -5.6420726e-001  1.6860234e-001
  1.6580000e+003 -1.9228115e-001 -5.5868595e-001  1.7412365e-001
  1.6590000e+003 -1.9592425e-001 -5.6232905e-001  1.7048055e-001
  1.6600000e+003 -2.0423805e-001 -5.7064285e-001  1.6216675e-001
  1.6610000e+003 -2.1226674e-001 -5.7867154e-001  1.5413806e-001
  1.6620000e+003 -2.1602242e-001 -5.8242722e-001  1.5038238e-001
  1.6630000e+003 -2.1367227e-001 -5.8007707e-001  1.5273253e-001
  1.6640000e+003 -2.0608635e-001 -5.7249115e-001  1.6031845e-001
  1.6650000e+003 -1.9653892e-001 -5.6294372e-001  1.6986588e-001
  1.6660000e+003 -1.8963338e-001 -5.5603818e-001  1.7677142e-001
  1.6670000e+003 -1.8978958e-001 -5.5619438e-001  1.7661522e-001
  1.6680000e+003 -1.9979391e-001 -5.6619871e-001  1.6661089e-001
  1.6690000e+003 -2.1990180e-001 -5.8630660e-001  1.4650300e-001
  1.6700000e+003 -2.4779220e-001 -6.1419700e-001  1.1861260e-001
  1.6710000e+003 -2.7936976e-001 -6.4577456e-001  8.7035038e-002
  1.6720000e+003 -3.1010189e-001 -6.7650669e-001  5.6302908e-002
  1.6730000e+003 -3.3638471e-001 -7.0278951e-001  3.0020088e-002
  1.6740000e+003 -3.5643185e-001 -7.2283665e-001  9.9729479e-003
  1.6750000e+003 -3.7037930e-001 -7.3678410e-001 -3.9745021e-003
  1.6760000e+003 -3.7962192e-001 -7.4602672e-001 -1.3217122e-002
  1.6770000e+003 -3.8571490e-001 -7.5211970e-001 -1.9310102e-002
  1.6780000e+003 -3.8935360e-001 -7.5575840e-001 -2.2948802e-002
  1.6790000e+003 -3.8990899e-001 -7.5631379e-001 -2.3504192e-002
  1.6800000e+003 -3.8575182e-001 -7.5215662e-001 -1.9347022e-002
  1.6810000e+003 -3.7524499e-001 -7.4164979e-001 -8.8401921e-003
  1.6820000e+003 -3.5796949e-001 -7.2437429e-001  8.4353079e-003
  1.6830000e+003 -3.3561188e-001 -7.0201668e-001  3.0792918e-002
  1.6840000e+003 -3.1204909e-001 -6.7845389e-001  5.4355708e-002
  1.6850000e+003 -2.9248243e-001 -6.5888723e-001  7.3922368e-002
  1.6860000e+003 -2.8187195e-001 -6.4827675e-001  8.4532848e-002
  1.6870000e+003 -2.8323865e-001 -6.4964345e-001  8.3166148e-002
  1.6880000e+003 -2.9649926e-001 -6.6290406e-001  6.9905538e-002
  1.6890000e+003 -3.1832716e-001 -6.8473196e-001  4.8077638e-002
  1.6900000e+003 -3.4315516e-001 -7.0955996e-001  2.3249638e-002
  1.6910000e+003 -3.6499633e-001 -7.3140113e-001  1.4084679e-003
  1.6920000e+003 -3.7943328e-001 -7.4583808e-001 -1.3028482e-002
  1.6930000e+003 -3.8504371e-001 -7.5144851e-001 -1.8638912e-002
  1.6940000e+003 -3.8372899e-001 -7.5013379e-001 -1.7324192e-002
  1.6950000e+003 -3.7981726e-001 -7.4622206e-001 -1.3412462e-002
  1.6960000e+003 -3.7827122e-001 -7.4467602e-001 -1.1866422e-002
  1.6970000e+003 -3.8266623e-001 -7.4907103e-001 -1.6261432e-002
  1.6980000e+003 -3.9369044e-001 -7.6009524e-001 -2.7285642e-002
  1.6990000e+003 -4.0872210e-001 -7.7512690e-001 -4.2317302e-002
  1.7000000e+003 -4.2917380e-001 -7.7955321e-001 -7.8794389e-002
  1.7010000e+003 -4.1837132e-001 -7.6875073e-001 -6.7991909e-002
  1.7020000e+003 -3.9453255e-001 -7.4491196e-001 -4.4153139e-002
  1.7030000e+003 -3.6217366e-001 -7.1255307e-001 -1.1794249e-002
  1.7040000e+003 -3.2685809e-001 -6.7723750e-001  2.3521321e-002
  1.7050000e+003 -2.9412398e-001 -6.4450339e-001  5.6255431e-002
  1.7060000e+003 -2.6833914e-001 -6.1871855e-001  8.2040271e-002
  1.7070000e+003 -2.5179450e-001 -6.0217391e-001  9.8584911e-002
  1.7080000e+003 -2.4432309e-001 -5.9470250e-001  1.0605632e-001
  1.7090000e+003 -2.4359724e-001 -5.9397665e-001  1.0678217e-001
  1.7100000e+003 -2.4604781e-001 -5.9642722e-001  1.0433160e-001
  1.7110000e+003 -2.4813749e-001 -5.9851690e-001  1.0224192e-001
  1.7120000e+003 -2.4758586e-001 -5.9796527e-001  1.0279355e-001
  1.7130000e+003 -2.4414287e-001 -5.9452228e-001  1.0623654e-001
  1.7140000e+003 -2.3964848e-001 -5.9002789e-001  1.1073093e-001
  1.7150000e+003 -2.3735261e-001 -5.8773202e-001  1.1302680e-001
  1.7160000e+003 -2.4071747e-001 -5.9109688e-001  1.0966194e-001
  1.7170000e+003 -2.5209487e-001 -6.0247428e-001  9.8284541e-002
  1.7180000e+003 -2.7170560e-001 -6.2208501e-001  7.8673811e-002
  1.7190000e+003 -2.9723940e-001 -6.4761881e-001  5.3140011e-002
  1.7200000e+003 -3.2418954e-001 -6.7456895e-001  2.6189871e-002
  1.7210000e+003 -3.4681176e-001 -6.9719117e-001  3.5676515e-003
  1.7220000e+003 -3.5942941e-001 -7.0980882e-001 -9.0499985e-003
  1.7230000e+003 -3.5773913e-001 -7.0811854e-001 -7.3597185e-003
  1.7240000e+003 -3.3980725e-001 -6.9018666e-001  1.0572161e-002
  1.7250000e+003 -3.0655371e-001 -6.5693312e-001  4.3825701e-002
  1.7260000e+003 -2.6165123e-001 -6.1203064e-001  8.8728181e-002
  1.7270000e+003 -2.1088564e-001 -5.6126505e-001  1.3949377e-001
  1.7280000e+003 -1.6111050e-001 -5.1148991e-001  1.8926891e-001
  1.7290000e+003 -1.1898717e-001 -4.6936658e-001  2.3139224e-001
  1.7300000e+003 -8.9736970e-002 -4.4011638e-001  2.6064244e-001
  1.7310000e+003 -7.6145659e-002 -4.2652507e-001  2.7423375e-001
  1.7320000e+003 -7.8042034e-002 -4.2842145e-001  2.7233738e-001
  1.7330000e+003 -9.2405404e-002 -4.4278482e-001  2.5797401e-001
  1.7340000e+003 -1.1413528e-001 -4.6451469e-001  2.3624413e-001
  1.7350000e+003 -1.3735427e-001 -4.8773368e-001  2.1302514e-001
  1.7360000e+003 -1.5695150e-001 -5.0733091e-001  1.9342791e-001
  1.7370000e+003 -1.6996352e-001 -5.2034293e-001  1.8041589e-001
  1.7380000e+003 -1.7638358e-001 -5.2676299e-001  1.7399583e-001
  1.7390000e+003 -1.7911209e-001 -5.2949150e-001  1.7126732e-001
  1.7400000e+003 -1.8299344e-001 -5.3337285e-001  1.6738597e-001
  1.7410000e+003 -1.9316382e-001 -5.4354323e-001  1.5721559e-001
  1.7420000e+003 -2.1317419e-001 -5.6355360e-001  1.3720522e-001
  1.7430000e+003 -2.4346425e-001 -5.9384366e-001  1.0691516e-001
  1.7440000e+003 -2.8069796e-001 -6.3107737e-001  6.9681451e-002
  1.7450000e+003 -3.1823448e-001 -6.6861389e-001  3.2144931e-002
  1.7460000e+003 -3.4766857e-001 -6.9804798e-001  2.7108415e-003
  1.7470000e+003 -3.6103773e-001 -7.1141714e-001 -1.0658319e-002
  1.7480000e+003 -3.5307105e-001 -7.0345046e-001 -2.6916385e-003
  1.7490000e+003 -3.2282267e-001 -6.7320208e-001  2.7556741e-002
  1.7500000e+003 -2.7420378e-001 -6.2458319e-001  7.6175631e-002
  1.7510000e+003 -2.1524735e-001 -5.6562676e-001  1.3513206e-001
  1.7520000e+003 -1.5630691e-001 -5.0668632e-001  1.9407250e-001
  1.7530000e+003 -1.0769012e-001 -4.5806953e-001  2.4268929e-001
  1.7540000e+003 -7.7369849e-002 -4.2774926e-001  2.7300956e-001
  1.7550000e+003 -6.9365446e-002 -4.1974486e-001  2.8101397e-001
  1.7560000e+003 -8.3170065e-002 -4.3354948e-001  2.6720935e-001
  1.7570000e+003 -1.1429213e-001 -4.6467154e-001  2.3608728e-001
  1.7580000e+003 -1.5567611e-001 -5.0605552e-001  1.9470330e-001
  1.7590000e+003 -1.9955610e-001 -5.4993551e-001  1.5082331e-001
  1.7600000e+003 -2.3922668e-001 -5.8960609e-001  1.1115273e-001
  1.7610000e+003 -2.7029330e-001 -6.2067271e-001  8.0086111e-002
  1.7620000e+003 -2.9115188e-001 -6.4153129e-001  5.9227531e-002
  1.7630000e+003 -3.0267987e-001 -6.5305928e-001  4.7699541e-002
  1.7640000e+003 -3.0733059e-001 -6.5771000e-001  4.3048821e-002
  1.7650000e+003 -3.0795542e-001 -6.5833483e-001  4.2423991e-002
  1.7660000e+003 -3.0671018e-001 -6.5708959e-001  4.3669231e-002
  1.7670000e+003 -3.0433759e-001 -6.5471700e-001  4.6041821e-002
  1.7680000e+003 -2.9998795e-001 -6.5036736e-001  5.0391461e-002
  1.7690000e+003 -2.9158541e-001 -6.4196482e-001  5.8794001e-002
  1.7700000e+003 -2.7660801e-001 -6.2698742e-001  7.3771401e-002
  1.7710000e+003 -2.5305431e-001 -6.0343372e-001  9.7325101e-002
  1.7720000e+003 -2.2033226e-001 -5.7071167e-001  1.3004715e-001
  1.7730000e+003 -1.7982786e-001 -5.3020727e-001  1.7055155e-001
  1.7740000e+003 -1.3498414e-001 -4.8536355e-001  2.1539527e-001
  1.7750000e+003 -9.0832147e-002 -4.4121156e-001  2.5954726e-001
  1.7760000e+003 -5.3046865e-002 -4.0342628e-001  2.9733255e-001
  1.7770000e+003 -2.6728927e-002 -3.7710834e-001  3.2365048e-001
  1.7780000e+003 -1.5208317e-002 -3.6558773e-001  3.3517109e-001
  1.7790000e+003 -1.9197437e-002 -3.6957685e-001  3.3118197e-001
  1.7800000e+003 -3.6564274e-002 -3.8694369e-001  3.1381514e-001
  1.7810000e+003 -6.2848555e-002 -4.1322797e-001  2.8753086e-001
  1.7820000e+003 -9.2432230e-002 -4.4281164e-001  2.5794718e-001
  1.7830000e+003 -1.2005893e-001 -4.7043834e-001  2.3032048e-001
  1.7840000e+003 -1.4225045e-001 -4.9262986e-001  2.0812896e-001
  1.7850000e+003 -1.5815731e-001 -5.0853672e-001  1.9222210e-001
  1.7860000e+003 -1.6953112e-001 -5.1991053e-001  1.8084829e-001
  1.7870000e+003 -1.7978611e-001 -5.3016552e-001  1.7059330e-001
  1.7880000e+003 -1.9243831e-001 -5.4281772e-001  1.5794110e-001
  1.7890000e+003 -2.0945566e-001 -5.5983507e-001  1.4092375e-001
  1.7900000e+003 -2.3012170e-001 -5.8050111e-001  1.2025771e-001
  1.7910000e+003 -2.5086653e-001 -6.0124594e-001  9.9512881e-002
  1.7920000e+003 -2.6619189e-001 -6.1657130e-001  8.4187521e-002
  1.7930000e+003 -2.7042425e-001 -6.2080366e-001  7.9955161e-002
  1.7940000e+003 -2.5971536e-001 -6.1009477e-001  9.0664051e-002
  1.7950000e+003 -2.3359416e-001 -5.8397357e-001  1.1678525e-001
  1.7960000e+003 -1.9550695e-001 -5.4588636e-001  1.5487246e-001
  1.7970000e+003 -1.5212062e-001 -5.0250003e-001  1.9825879e-001
  1.7980000e+003 -1.1158647e-001 -4.6196588e-001  2.3879294e-001
  1.7990000e+003 -8.1318688e-002 -4.3169810e-001  2.6906072e-001
  1.8000000e+003 -1.2993697e-001 -4.6218857e-001  2.0231463e-001
  1.8010000e+003 -1.2881483e-001 -4.6106643e-001  2.0343677e-001
  1.8020000e+003 -1.3009659e-001 -4.6234819e-001  2.0215501e-001
  1.8030000e+003 -1.3324181e-001 -4.6549341e-001  1.9900979e-001
  1.8040000e+003 -1.3831867e-001 -4.7057027e-001  1.9393293e-001
  1.8050000e+003 -1.4626183e-001 -4.7851343e-001  1.8598977e-001
  1.8060000e+003 -1.5885053e-001 -4.9110213e-001  1.7340107e-001
  1.8070000e+003 -1.7834102e-001 -5.1059262e-001  1.5391058e-001
  1.8080000e+003 -2.0678476e-001 -5.3903636e-001  1.2546684e-001
  1.8090000e+003 -2.4517471e-001 -5.7742631e-001  8.7076887e-002
  1.8100000e+003 -2.9265299e-001 -6.2490459e-001  3.9598607e-002
  1.8110000e+003 -3.4604803e-001 -6.7829963e-001 -1.3796433e-002
  1.8120000e+003 -3.9996340e-001 -7.3221500e-001 -6.7711803e-002
  1.8130000e+003 -4.4751372e-001 -7.7976532e-001 -1.1526212e-001
  1.8140000e+003 -4.8162183e-001 -8.1387343e-001 -1.4937023e-001
  1.8150000e+003 -4.9660692e-001 -8.2885852e-001 -1.6435532e-001
  1.8160000e+003 -4.8966586e-001 -8.2191746e-001 -1.5741426e-001
  1.8170000e+003 -4.6182850e-001 -7.9408010e-001 -1.2957690e-001
  1.8180000e+003 -4.1807244e-001 -7.5032404e-001 -8.5820843e-002
  1.8190000e+003 -3.6649224e-001 -6.9874384e-001 -3.4240643e-002
  1.8200000e+003 -3.1667630e-001 -6.4892790e-001  1.5575297e-002
  1.8210000e+003 -2.7767383e-001 -6.0992543e-001  5.4577767e-002
  1.8220000e+003 -2.5606334e-001 -5.8831494e-001  7.6188257e-002
  1.8230000e+003 -2.5461989e-001 -5.8687149e-001  7.7631707e-002
  1.8240000e+003 -2.7192242e-001 -6.0417402e-001  6.0329177e-002
  1.8250000e+003 -3.0298912e-001 -6.3524072e-001  2.9262477e-002
  1.8260000e+003 -3.4075174e-001 -6.7300334e-001 -8.5001429e-003
  1.8270000e+003 -3.7795872e-001 -7.1021032e-001 -4.5707123e-002
  1.8280000e+003 -4.0899242e-001 -7.4124402e-001 -7.6740823e-002
  1.8290000e+003 -4.3112397e-001 -7.6337557e-001 -9.8872373e-002
  1.8300000e+003 -4.4489430e-001 -7.7714590e-001 -1.1264270e-001
  1.8310000e+003 -4.5355312e-001 -7.8580472e-001 -1.2130152e-001
  1.8320000e+003 -4.6174114e-001 -7.9399274e-001 -1.2948954e-001
  1.8330000e+003 -4.7379893e-001 -8.0605053e-001 -1.4154733e-001
  1.8340000e+003 -4.9217930e-001 -8.2443090e-001 -1.5992770e-001
  1.8350000e+003 -5.1640947e-001 -8.4866107e-001 -1.8415787e-001
  1.8360000e+003 -5.4290327e-001 -8.7515487e-001 -2.1065167e-001
  1.8370000e+003 -5.6570014e-001 -8.9795174e-001 -2.3344854e-001
  1.8380000e+003 -5.7796074e-001 -9.1021234e-001 -2.4570914e-001
  1.8390000e+003 -5.7383899e-001 -9.0609059e-001 -2.4158739e-001
  1.8400000e+003 -5.5023229e-001 -8.8248389e-001 -2.1798069e-001
  1.8410000e+003 -5.0792002e-001 -8.4017162e-001 -1.7566842e-001
  1.8420000e+003 -4.5174158e-001 -7.8399318e-001 -1.1948998e-001
  1.8430000e+003 -3.8971037e-001 -7.2196197e-001 -5.7458773e-002
  1.8440000e+003 -3.3125058e-001 -6.6350218e-001  1.0010171e-003
  1.8450000e+003 -2.8499998e-001 -6.1725158e-001  4.7251617e-002
  1.8460000e+003 -2.5676660e-001 -5.8901820e-001  7.5484997e-002
  1.8470000e+003 -2.4820643e-001 -5.8045803e-001  8.4045167e-002
  1.8480000e+003 -2.5659553e-001 -5.8884713e-001  7.5656067e-002
  1.8490000e+003 -2.7575036e-001 -6.0800196e-001  5.6501237e-002
  1.8500000e+003 -2.6280726e-001             NaN             NaN
  1.8510000e+003 -2.5823127e-001             NaN             NaN
  1.8520000e+003 -2.5259905e-001             NaN             NaN
  1.8530000e+003 -2.4623883e-001             NaN             NaN
  1.8540000e+003 -2.3986134e-001             NaN             NaN
  1.8550000e+003 -2.3380260e-001             NaN             NaN
  1.8560000e+003 -2.2739352e-001             NaN             NaN
  1.8570000e+003 -2.1878208e-001             NaN             NaN
  1.8580000e+003 -2.0537667e-001             NaN             NaN
  1.8590000e+003 -1.8482893e-001             NaN             NaN
  1.8600000e+003 -1.5622441e-001             NaN             NaN
  1.8610000e+003 -1.2100484e-001             NaN             NaN
  1.8620000e+003 -8.3180286e-002             NaN             NaN
  1.8630000e+003 -4.8609136e-002             NaN             NaN
  1.8640000e+003 -2.3461500e-002             NaN             NaN
  1.8650000e+003 -1.2312820e-002             NaN             NaN
  1.8660000e+003 -1.6508493e-002             NaN             NaN
  1.8670000e+003 -3.3409075e-002             NaN             NaN
  1.8680000e+003 -5.6863895e-002             NaN             NaN
  1.8690000e+003 -7.8852419e-002             NaN             NaN
  1.8700000e+003 -9.1821543e-002             NaN             NaN
  1.8710000e+003 -9.0984504e-002             NaN             NaN
  1.8720000e+003 -7.5833055e-002             NaN             NaN
  1.8730000e+003 -5.0359637e-002             NaN             NaN
  1.8740000e+003 -2.1906734e-002             NaN             NaN
  1.8750000e+003  9.9017598e-004             NaN             NaN
  1.8760000e+003  1.1076710e-002             NaN             NaN
  1.8770000e+003  4.3929457e-003             NaN             NaN
  1.8780000e+003 -1.8781628e-002             NaN             NaN
  1.8790000e+003 -5.4295376e-002             NaN             NaN
  1.8800000e+003 -9.5617909e-002             NaN             NaN
  1.8810000e+003 -1.3592176e-001             NaN             NaN
  1.8820000e+003 -1.7005281e-001             NaN             NaN
  1.8830000e+003 -1.9576277e-001             NaN             NaN
  1.8840000e+003 -2.1385141e-001             NaN             NaN
  1.8850000e+003 -2.2724545e-001             NaN             NaN
  1.8860000e+003 -2.3939846e-001             NaN             NaN
  1.8870000e+003 -2.5261680e-001             NaN             NaN
  1.8880000e+003 -2.6693009e-001             NaN             NaN
  1.8890000e+003 -2.7992838e-001             NaN             NaN
  1.8900000e+003 -2.8764681e-001             NaN             NaN
  1.8910000e+003 -2.8620418e-001             NaN             NaN
  1.8920000e+003 -2.7361951e-001             NaN             NaN
  1.8930000e+003 -2.5114015e-001             NaN             NaN
  1.8940000e+003 -2.2355394e-001             NaN             NaN
  1.8950000e+003 -1.9828840e-001             NaN             NaN
  1.8960000e+003 -1.8351648e-001             NaN             NaN
  1.8970000e+003 -1.8584756e-001             NaN             NaN
  1.8980000e+003 -2.0835555e-001             NaN             NaN
  1.8990000e+003 -2.4961125e-001             NaN             NaN
  1.9000000e+003 -3.0406229e-001             NaN             NaN
  1.9010000e+003 -3.6364833e-001             NaN             NaN
  1.9020000e+003 -4.2011211e-001             NaN             NaN
  1.9030000e+003 -4.6722567e-001             NaN             NaN
  1.9040000e+003 -5.0218965e-001             NaN             NaN
  1.9050000e+003 -5.2577214e-001             NaN             NaN
  1.9060000e+003 -5.4121982e-001             NaN             NaN
  1.9070000e+003 -5.5242261e-001             NaN             NaN
  1.9080000e+003 -5.6207185e-001             NaN             NaN
  1.9090000e+003 -5.7052265e-001             NaN             NaN
  1.9100000e+003 -5.7576723e-001             NaN             NaN
  1.9110000e+003 -5.7446997e-001             NaN             NaN
  1.9120000e+003 -5.6359023e-001             NaN             NaN
  1.9130000e+003 -5.4189511e-001             NaN             NaN
  1.9140000e+003 -5.1072841e-001             NaN             NaN
  1.9150000e+003 -4.7372442e-001             NaN             NaN
  1.9160000e+003 -4.3559956e-001             NaN             NaN
  1.9170000e+003 -4.0053608e-001             NaN             NaN
  1.9180000e+003 -3.7083254e-001             NaN             NaN
  1.9190000e+003 -3.4637165e-001             NaN             NaN
  1.9200000e+003 -3.2510137e-001             NaN             NaN
  1.9210000e+003 -3.0429312e-001             NaN             NaN
  1.9220000e+003 -2.8201405e-001             NaN             NaN
  1.9230000e+003 -2.5816713e-001             NaN             NaN
  1.9240000e+003 -2.3464637e-001             NaN             NaN
  1.9250000e+003 -2.1454017e-001             NaN             NaN
  1.9260000e+003 -2.0072762e-001             NaN             NaN
  1.9270000e+003 -1.9447344e-001             NaN             NaN
  1.9280000e+003 -1.9462793e-001             NaN             NaN
  1.9290000e+003 -1.9778071e-001             NaN             NaN
  1.9300000e+003 -1.9931442e-001             NaN             NaN
  1.9310000e+003 -1.9493170e-001             NaN             NaN
  1.9320000e+003 -1.8204262e-001             NaN             NaN
  1.9330000e+003 -1.6047587e-001             NaN             NaN
  1.9340000e+003 -1.3227439e-001             NaN             NaN
  1.9350000e+003 -1.0072038e-001             NaN             NaN
  1.9360000e+003 -6.9039275e-002             NaN             NaN
  1.9370000e+003 -3.9330420e-002             NaN             NaN
  1.9380000e+003 -1.2134184e-002             NaN             NaN
  1.9390000e+003  1.3256901e-002             NaN             NaN
  1.9400000e+003  3.7959669e-002             NaN             NaN
  1.9410000e+003  6.2556913e-002             NaN             NaN
  1.9420000e+003  8.6478020e-002             NaN             NaN
  1.9430000e+003  1.0795426e-001             NaN             NaN
  1.9440000e+003  1.2453100e-001             NaN             NaN
  1.9450000e+003  1.3388737e-001             NaN             NaN
  1.9460000e+003  1.3461663e-001             NaN             NaN
  1.9470000e+003  1.2668327e-001             NaN             NaN
  1.9480000e+003  1.1144611e-001             NaN             NaN
  1.9490000e+003  9.1324302e-002             NaN             NaN
  1.9500000e+003  6.9297653e-002             NaN             NaN
  1.9510000e+003  4.8432886e-002             NaN             NaN
  1.9520000e+003  3.1537553e-002             NaN             NaN
  1.9530000e+003  2.0928176e-002             NaN             NaN
  1.9540000e+003  1.8230458e-002             NaN             NaN
  1.9550000e+003  2.4143145e-002             NaN             NaN
  1.9560000e+003  3.8179320e-002             NaN             NaN
  1.9570000e+003  5.8494575e-002             NaN             NaN
  1.9580000e+003  8.1956189e-002             NaN             NaN
  1.9590000e+003  1.0456262e-001             NaN             NaN
  1.9600000e+003  1.2219658e-001             NaN             NaN
  1.9610000e+003  1.3154137e-001             NaN             NaN
  1.9620000e+003  1.3088214e-001             NaN             NaN
  1.9630000e+003  1.2051046e-001             NaN             NaN
  1.9640000e+003  1.0256578e-001             NaN             NaN
  1.9650000e+003  8.0342014e-002             NaN             NaN
  1.9660000e+003  5.7284900e-002             NaN             NaN
  1.9670000e+003  3.6023454e-002             NaN             NaN
  1.9680000e+003  1.7765975e-002             NaN             NaN
  1.9690000e+003  2.2506879e-003             NaN             NaN
  1.9700000e+003 -1.1771366e-002             NaN             NaN
  1.9710000e+003 -2.5742989e-002             NaN             NaN
  1.9720000e+003 -4.0526316e-002             NaN             NaN
  1.9730000e+003 -5.5951508e-002             NaN             NaN
  1.9740000e+003 -7.0849034e-002             NaN             NaN
  1.9750000e+003 -8.3523822e-002             NaN             NaN
  1.9760000e+003 -9.2451836e-002             NaN             NaN
  1.9770000e+003 -9.6897125e-002             NaN             NaN
  1.9780000e+003 -9.7190619e-002             NaN             NaN
  1.9790000e+003 -9.4559763e-002             NaN             NaN
  1.9800000e+003 -9.0587046e-002             NaN             NaN
  1.9810000e+003 -8.6527045e-002             NaN             NaN
  1.9820000e+003 -8.2764579e-002             NaN             NaN
  1.9830000e+003 -7.8632747e-002             NaN             NaN
  1.9840000e+003 -7.2659614e-002             NaN             NaN
  1.9850000e+003 -6.3141237e-002             NaN             NaN
  1.9860000e+003 -4.8817101e-002             NaN             NaN
  1.9870000e+003 -2.9397096e-002             NaN             NaN
  1.9880000e+003 -5.7597851e-003             NaN             NaN
  1.9890000e+003  2.0227861e-002             NaN             NaN
  1.9900000e+003  4.6186899e-002             NaN             NaN
  1.9910000e+003  6.9833203e-002             NaN             NaN
  1.9920000e+003  8.9536012e-002             NaN             NaN
  1.9930000e+003  1.0469587e-001             NaN             NaN
  1.9940000e+003  1.1588103e-001             NaN             NaN
  1.9950000e+003  1.2472395e-001             NaN             NaN
  1.9960000e+003  1.4582894e-001             NaN             NaN
  1.9970000e+003  1.5017907e-001             NaN             NaN
  1.9980000e+003  1.6317798e-001             NaN             NaN
  1.9990000e+003  1.8547074e-001             NaN             NaN
  2.0000000e+003  2.1639605e-001             NaN             NaN
  2.0010000e+003  2.5383341e-001             NaN             NaN
  2.0020000e+003  2.9428258e-001             NaN             NaN
  2.0030000e+003  3.3321884e-001             NaN             NaN
  2.0040000e+003  3.6569338e-001             NaN             NaN
  2.0050000e+003  3.8707306e-001             NaN             NaN
  2.0060000e+003  3.9376788e-001             NaN             NaN
