5.0000000e+002,-1.9910454e-002 
5.0100000e+002,-6.1529173e-003 
5.0200000e+002, 9.1078750e-003 
5.0300000e+002, 2.3986239e-002 
5.0400000e+002, 3.6798370e-002 
5.0500000e+002, 4.6397479e-002 
5.0600000e+002, 5.2376282e-002 
5.0700000e+002, 5.5117130e-002 
5.0800000e+002, 5.5704698e-002 
5.0900000e+002, 5.5735671e-002 
5.1000000e+002, 5.7062497e-002 
5.1100000e+002, 6.1500246e-002 
5.1200000e+002, 7.0517772e-002 
5.1300000e+002, 8.4935810e-002 
5.1400000e+002, 1.0466780e-001 
5.1500000e+002, 1.2855765e-001 
5.1600000e+002, 1.5437914e-001 
5.1700000e+002, 1.7905129e-001 
5.1800000e+002, 1.9908502e-001 
5.1900000e+002, 2.1121559e-001 
5.2000000e+002, 2.1310814e-001 
5.2100000e+002, 2.0397600e-001 
5.2200000e+002, 1.8494331e-001 
5.2300000e+002, 1.5902720e-001 
5.2400000e+002, 1.3070062e-001 
5.2500000e+002, 1.0510413e-001 
5.2600000e+002, 8.7068976e-002 
5.2700000e+002, 8.0166974e-002 
5.2800000e+002, 8.5998257e-002 
5.2900000e+002, 1.0386823e-001 
5.3000000e+002, 1.3091096e-001 
5.3100000e+002, 1.6261536e-001 
5.3200000e+002, 1.9363042e-001 
5.3300000e+002, 2.1868305e-001 
5.3400000e+002, 2.3343908e-001 
5.3500000e+002, 2.3516747e-001 
5.3600000e+002, 2.2311504e-001 
5.3700000e+002, 1.9855229e-001 
5.3800000e+002, 1.6450177e-001 
5.3900000e+002, 1.2520475e-001 
5.4000000e+002, 8.5418717e-002 
5.4100000e+002, 4.9663525e-002 
5.4200000e+002, 2.1544001e-002 
5.4300000e+002, 3.2663219e-003 
5.4400000e+002,-4.5685032e-003 
5.4500000e+002,-2.8643008e-003 
5.4600000e+002, 6.3433970e-003 
5.4700000e+002, 2.0440430e-002 
5.4800000e+002, 3.6836038e-002 
5.4900000e+002, 5.3476586e-002 
5.5000000e+002, 6.9162029e-002 
5.5100000e+002, 8.3611562e-002 
5.5200000e+002, 9.7291744e-002 
5.5300000e+002, 1.1107995e-001 
5.5400000e+002, 1.2587203e-001 
5.5500000e+002, 1.4224695e-001 
5.5600000e+002, 1.6027381e-001 
5.5700000e+002, 1.7949866e-001 
5.5800000e+002, 1.9909396e-001 
5.5900000e+002, 2.1810958e-001 
5.6000000e+002, 2.3574052e-001 
5.6100000e+002, 2.5152903e-001 
5.6200000e+002, 2.6544332e-001 
5.6300000e+002, 2.7781399e-001 
5.6400000e+002, 2.8915116e-001 
5.6500000e+002, 2.9989884e-001 
5.6600000e+002, 3.1020179e-001 
5.6700000e+002, 3.1975868e-001 
5.6800000e+002, 3.2781513e-001 
5.6900000e+002, 3.3331470e-001 
5.7000000e+002, 3.3518299e-001 
5.7100000e+002, 3.3267924e-001 
5.7200000e+002, 3.2572233e-001 
5.7300000e+002, 3.1509371e-001 
5.7400000e+002, 3.0244239e-001 
5.7500000e+002, 2.9006479e-001 
5.7600000e+002, 2.8049362e-001 
5.7700000e+002, 2.7598650e-001 
5.7800000e+002, 2.7804010e-001 
5.7900000e+002, 2.8705464e-001 
5.8000000e+002, 3.0223611e-001 
5.8100000e+002, 3.2175968e-001 
5.8200000e+002, 3.4314847e-001 
5.8300000e+002, 3.6376733e-001 
5.8400000e+002, 3.8130989e-001 
5.8500000e+002, 3.9417067e-001 
5.8600000e+002, 4.0163586e-001 
5.8700000e+002, 4.0387955e-001 
5.8800000e+002, 4.0179871e-001 
5.8900000e+002, 3.9674814e-001 
5.9000000e+002, 3.9024268e-001 
5.9100000e+002, 3.8368160e-001 
5.9200000e+002, 3.7813085e-001 
5.9300000e+002, 3.7417979e-001 
5.9400000e+002, 3.7187626e-001 
5.9500000e+002, 3.7073907e-001 
5.9600000e+002, 3.6984414e-001 
5.9700000e+002, 3.6797848e-001 
5.9800000e+002, 3.6384878e-001 
5.9900000e+002, 3.5632079e-001 
6.0000000e+002, 3.4465266e-001 
6.0100000e+002, 3.2867640e-001 
6.0200000e+002, 3.0888080e-001 
6.0300000e+002, 2.8636116e-001 
6.0400000e+002, 2.6262593e-001 
6.0500000e+002, 2.3928464e-001 
6.0600000e+002, 2.1767764e-001 
6.0700000e+002, 1.9853465e-001 
6.0800000e+002, 1.8175695e-001 
6.0900000e+002, 1.6639961e-001 
6.1000000e+002, 1.5088593e-001 
6.1100000e+002, 1.3342546e-001 
6.1200000e+002, 1.1254467e-001 
6.1300000e+002, 8.7595200e-002 
6.1400000e+002, 5.9094147e-002 
6.1500000e+002, 2.8782954e-002 
6.1600000e+002,-6.3974579e-004 
6.1700000e+002,-2.6066396e-002 
6.1800000e+002,-4.4681001e-002 
6.1900000e+002,-5.4630546e-002 
6.2000000e+002,-5.5484097e-002 
6.2100000e+002,-4.8348512e-002 
6.2200000e+002,-3.5603047e-002 
6.2300000e+002,-2.0322354e-002 
6.2400000e+002,-5.5459627e-003 
6.2500000e+002, 6.4056474e-003 
6.2600000e+002, 1.4385874e-002 
6.2700000e+002, 1.8536806e-002 
6.2800000e+002, 2.0055313e-002 
6.2900000e+002, 2.0701720e-002 
6.3000000e+002, 2.2209044e-002 
6.3100000e+002, 2.5764977e-002 
6.3200000e+002, 3.1699866e-002 
6.3300000e+002, 3.9439085e-002 
6.3400000e+002, 4.7695106e-002 
6.3500000e+002, 5.4811581e-002 
6.3600000e+002, 5.9146798e-002 
6.3700000e+002, 5.9399106e-002 
6.3800000e+002, 5.4819479e-002 
6.3900000e+002, 4.5304511e-002 
6.4000000e+002, 3.1396727e-002 
6.4100000e+002, 1.4227238e-002 
6.4200000e+002,-4.5786536e-003 
6.4300000e+002,-2.3035550e-002 
6.4400000e+002,-3.8989018e-002 
6.4500000e+002,-5.0374754e-002 
6.4600000e+002,-5.5529254e-002 
6.4700000e+002,-5.3497982e-002 
6.4800000e+002,-4.4258867e-002 
6.4900000e+002,-2.8777989e-002 
6.5000000e+002,-8.8481920e-003 
6.5100000e+002, 1.3276711e-002 
6.5200000e+002, 3.5369687e-002 
6.5300000e+002, 5.5706337e-002 
6.5400000e+002, 7.3384521e-002 
6.5500000e+002, 8.8382973e-002 
6.5600000e+002, 1.0133511e-001 
6.5700000e+002, 1.1309168e-001 
6.5800000e+002, 1.2422610e-001 
6.5900000e+002, 1.3466828e-001 
6.6000000e+002, 1.4362031e-001 
6.6100000e+002, 1.4981517e-001 
6.6200000e+002, 1.5205485e-001 
6.6300000e+002, 1.4984986e-001 
6.6400000e+002, 1.4391982e-001 
6.6500000e+002, 1.3633496e-001 
6.6600000e+002, 1.3018181e-001 
6.6700000e+002, 1.2879566e-001 
6.6800000e+002, 1.3476521e-001 
6.6900000e+002, 1.4902245e-001 
6.7000000e+002, 1.7033840e-001 
6.7100000e+002, 1.9543999e-001 
6.7200000e+002, 2.1977189e-001 
6.7300000e+002, 2.3871074e-001 
6.7400000e+002, 2.4887219e-001 
6.7500000e+002, 2.4909702e-001 
6.7600000e+002, 2.4078672e-001 
6.7700000e+002, 2.2746052e-001 
6.7800000e+002, 2.1365792e-001 
6.7900000e+002, 2.0352968e-001 
6.8000000e+002, 1.9956621e-001 
6.8100000e+002, 2.0186976e-001 
6.8200000e+002, 2.0819646e-001 
6.8300000e+002, 2.1474126e-001 
6.8400000e+002, 2.1739749e-001 
6.8500000e+002, 2.1307690e-001 
6.8600000e+002, 2.0067037e-001 
6.8700000e+002, 1.8136113e-001 
6.8800000e+002, 1.5822056e-001 
6.8900000e+002, 1.3524463e-001 
6.9000000e+002, 1.1615216e-001 
6.9100000e+002, 1.0331614e-001 
6.9200000e+002, 9.7131251e-002 
6.9300000e+002, 9.5967071e-002 
6.9400000e+002, 9.6676284e-002 
6.9500000e+002, 9.5477490e-002 
6.9600000e+002, 8.8954939e-002 
6.9700000e+002, 7.4921389e-002 
6.9800000e+002, 5.2958709e-002 
6.9900000e+002, 2.4549565e-002 
7.0000000e+002,-7.1908169e-003 
7.0100000e+002,-3.8103305e-002 
7.0200000e+002,-6.3773947e-002 
7.0300000e+002,-8.0386103e-002 
7.0400000e+002,-8.5494135e-002 
7.0500000e+002,-7.8581753e-002 
7.0600000e+002,-6.1285954e-002 
7.0700000e+002,-3.7207545e-002 
7.0800000e+002,-1.1297360e-002 
7.0900000e+002, 1.1101776e-002 
7.1000000e+002, 2.5382648e-002 
7.1100000e+002, 2.8726763e-002 
7.1200000e+002, 2.0822804e-002 
7.1300000e+002, 4.0437814e-003 
7.1400000e+002,-1.7005272e-002 
7.1500000e+002,-3.6499963e-002 
7.1600000e+002,-4.8746646e-002 
7.1700000e+002,-4.9542028e-002 
7.1800000e+002,-3.7192823e-002 
7.1900000e+002,-1.2920694e-002 
7.2000000e+002, 1.9466523e-002 
7.2100000e+002, 5.4559425e-002 
7.2200000e+002, 8.6726462e-002 
7.2300000e+002, 1.1151207e-001 
7.2400000e+002, 1.2666764e-001 
7.2500000e+002, 1.3253223e-001 
7.2600000e+002, 1.3166908e-001 
7.2700000e+002, 1.2788385e-001 
7.2800000e+002, 1.2493459e-001 
7.2900000e+002, 1.2533285e-001 
7.3000000e+002, 1.2959993e-001 
7.3100000e+002, 1.3619249e-001 
7.3200000e+002, 1.4209478e-001 
7.3300000e+002, 1.4386212e-001 
7.3400000e+002, 1.3876191e-001 
7.3500000e+002, 1.2563931e-001 
7.3600000e+002, 1.0523888e-001 
7.3700000e+002, 7.9903359e-002 
7.3800000e+002, 5.2779703e-002 
7.3900000e+002, 2.6819311e-002 
7.4000000e+002, 3.9139871e-003 
7.4100000e+002,-1.5552532e-002 
7.4200000e+002,-3.2608872e-002 
7.4300000e+002,-4.9112804e-002 
7.4400000e+002,-6.6893304e-002 
7.4500000e+002,-8.6908429e-002 
7.4600000e+002,-1.0868956e-001 
7.4700000e+002,-1.3023934e-001 
7.4800000e+002,-1.4840396e-001 
7.4900000e+002,-1.5960019e-001 
7.5000000e+002,-1.6068489e-001 
7.5100000e+002,-1.4973217e-001 
7.5200000e+002,-1.2652688e-001 
7.5300000e+002,-9.2672025e-002 
7.5400000e+002,-5.1310756e-002 
7.5500000e+002,-6.5517003e-003 
7.5600000e+002, 3.7258239e-002 
7.5700000e+002, 7.6253673e-002 
7.5800000e+002, 1.0762261e-001 
7.5900000e+002, 1.2993446e-001 
7.6000000e+002, 1.4318594e-001 
7.6100000e+002, 1.4858622e-001 
7.6200000e+002, 1.4815344e-001 
7.6300000e+002, 1.4422770e-001 
7.6400000e+002, 1.3901380e-001 
7.6500000e+002, 1.3424782e-001 
7.6600000e+002, 1.3103968e-001 
7.6700000e+002, 1.2989100e-001 
7.6800000e+002, 1.3083904e-001 
7.6900000e+002, 1.3365003e-001 
7.7000000e+002, 1.3798646e-001 
7.7100000e+002, 1.4350059e-001 
7.7200000e+002, 1.4984847e-001 
7.7300000e+002, 1.5665709e-001 
7.7400000e+002, 1.6349608e-001 
7.7500000e+002, 1.6989775e-001 
7.7600000e+002, 1.7543949e-001 
7.7700000e+002, 1.7986486e-001 
7.7800000e+002, 1.8319142e-001 
7.7900000e+002, 1.8574682e-001 
7.8000000e+002, 1.8809568e-001 
7.8100000e+002, 1.9085910e-001 
7.8200000e+002, 1.9447290e-001 
7.8300000e+002, 1.9896247e-001 
7.8400000e+002, 2.0381761e-001 
7.8500000e+002, 2.0802823e-001 
7.8600000e+002, 2.1029490e-001 
7.8700000e+002, 2.0937259e-001 
7.8800000e+002, 2.0445847e-001 
7.8900000e+002, 1.9550999e-001 
7.9000000e+002, 1.8338804e-001 
7.9100000e+002, 1.6976147e-001 
7.9200000e+002, 1.5677371e-001 
7.9300000e+002, 1.4654320e-001 
7.9400000e+002, 1.4062568e-001 
7.9500000e+002, 1.3958832e-001 
7.9600000e+002, 1.4282492e-001 
7.9700000e+002, 1.4867827e-001 
7.9800000e+002, 1.5484884e-001 
7.9900000e+002, 1.5898311e-001 
8.0000000e+002, 1.5927846e-001 
8.0100000e+002, 1.5493465e-001 
8.0200000e+002, 1.4632750e-001 
8.0300000e+002, 1.3486451e-001 
8.0400000e+002, 1.2257792e-001 
8.0500000e+002, 1.1158460e-001 
8.0600000e+002, 1.0357320e-001 
8.0700000e+002, 9.9457115e-002 
8.0800000e+002, 9.9269608e-002 
8.0900000e+002, 1.0229717e-001 
8.1000000e+002, 1.0737792e-001 
8.1100000e+002, 1.1325354e-001 
8.1200000e+002, 1.1886554e-001 
8.1300000e+002, 1.2352262e-001 
8.1400000e+002, 1.2691963e-001 
8.1500000e+002, 1.2904097e-001 
8.1600000e+002, 1.3001374e-001 
8.1700000e+002, 1.2998236e-001 
8.1800000e+002, 1.2905513e-001 
8.1900000e+002, 1.2733537e-001 
8.2000000e+002, 1.2500823e-001 
8.2100000e+002, 1.2242555e-001 
8.2200000e+002, 1.2012502e-001 
8.2300000e+002, 1.1874220e-001 
8.2400000e+002, 1.1881686e-001 
8.2500000e+002, 1.2054589e-001 
8.2600000e+002, 1.2357354e-001 
8.2700000e+002, 1.2691868e-001 
8.2800000e+002, 1.2910974e-001 
8.2900000e+002, 1.2853519e-001 
8.3000000e+002, 1.2393854e-001 
8.3100000e+002, 1.1491834e-001 
8.3200000e+002, 1.0226271e-001 
8.3300000e+002, 8.7971070e-002 
8.3400000e+002, 7.4895356e-002 
8.3500000e+002, 6.6048553e-002 
8.3600000e+002, 6.3748022e-002 
8.3700000e+002, 6.8842917e-002 
8.3800000e+002, 8.0286583e-002 
8.3900000e+002, 9.5241378e-002 
8.4000000e+002, 1.0975710e-001 
8.4100000e+002, 1.1988359e-001 
8.4200000e+002, 1.2291881e-001 
8.4300000e+002, 1.1841100e-001 
8.4400000e+002, 1.0856619e-001 
8.4500000e+002, 9.7862576e-002 
8.4600000e+002, 9.1906088e-002 
8.4700000e+002, 9.5808486e-002 
8.4800000e+002, 1.1254880e-001 
8.4900000e+002, 1.4182508e-001 
8.5000000e+002, 1.7978801e-001 
8.5100000e+002, 2.1979673e-001 
8.5200000e+002, 2.5402498e-001 
8.5300000e+002, 2.7547364e-001 
8.5400000e+002, 2.7980696e-001 
8.5500000e+002, 2.6647588e-001 
8.5600000e+002, 2.3881145e-001 
8.5700000e+002, 2.0309141e-001 
8.5800000e+002, 1.6689511e-001 
8.5900000e+002, 1.3726042e-001 
8.6000000e+002, 1.1917753e-001 
8.6100000e+002, 1.1480061e-001 
8.6200000e+002, 1.2349320e-001 
8.6300000e+002, 1.4254896e-001 
8.6400000e+002, 1.6824297e-001 
8.6500000e+002, 1.9682794e-001 
8.6600000e+002, 2.2519233e-001 
8.6700000e+002, 2.5108563e-001 
8.6800000e+002, 2.7300544e-001 
8.6900000e+002, 2.8995463e-001 
8.7000000e+002, 3.0127692e-001 
8.7100000e+002, 3.0667993e-001 
8.7200000e+002, 3.0641168e-001 
8.7300000e+002, 3.0144153e-001 
8.7400000e+002, 2.9346457e-001 
8.7500000e+002, 2.8461454e-001 
8.7600000e+002, 2.7690532e-001 
8.7700000e+002, 2.7156363e-001 
8.7800000e+002, 2.6850004e-001 
8.7900000e+002, 2.6615127e-001 
8.8000000e+002, 2.6181228e-001 
8.8100000e+002, 2.5240415e-001 
8.8200000e+002, 2.3545893e-001 
8.8300000e+002, 2.1000977e-001 
8.8400000e+002, 1.7709084e-001 
8.8500000e+002, 1.3967199e-001 
8.8600000e+002, 1.0203524e-001 
8.8700000e+002, 6.8778189e-002 
8.8800000e+002, 4.3741589e-002 
8.8900000e+002, 2.9169850e-002 
8.9000000e+002, 2.5324530e-002 
8.9100000e+002, 3.0619976e-002 
8.9200000e+002, 4.2191459e-002 
8.9300000e+002, 5.6692453e-002 
8.9400000e+002, 7.1080507e-002 
8.9500000e+002, 8.3191671e-002 
8.9600000e+002, 9.1996594e-002 
8.9700000e+002, 9.7538171e-002 
8.9800000e+002, 1.0063470e-001 
8.9900000e+002, 1.0247269e-001 
9.0000000e+002, 2.2178698e-002 
9.0100000e+002, 4.3323983e-003 
9.0200000e+002,-1.1483969e-002 
9.0300000e+002,-2.4838986e-002 
9.0400000e+002,-3.4872222e-002 
9.0500000e+002,-4.0751722e-002 
9.0600000e+002,-4.2318711e-002 
9.0700000e+002,-4.0615846e-002 
9.0800000e+002,-3.7987160e-002 
9.0900000e+002,-3.7573665e-002 
9.1000000e+002,-4.2269282e-002 
9.1100000e+002,-5.3458127e-002 
9.1200000e+002,-7.0017866e-002 
9.1300000e+002,-8.8061895e-002 
9.1400000e+002,-1.0168386e-001 
9.1500000e+002,-1.0461866e-001 
9.1600000e+002,-9.2365752e-002 
9.1700000e+002,-6.4076485e-002 
9.1800000e+002,-2.3497901e-002 
9.1900000e+002, 2.1479910e-002 
9.2000000e+002, 6.0676848e-002 
9.2100000e+002, 8.4388249e-002 
9.2200000e+002, 8.6218862e-002 
9.2300000e+002, 6.5061389e-002 
9.2400000e+002, 2.5536495e-002 
9.2500000e+002,-2.3298928e-002 
9.2600000e+002,-7.0595375e-002 
9.2700000e+002,-1.0687100e-001 
9.2800000e+002,-1.2667745e-001 
9.2900000e+002,-1.2992701e-001 
9.3000000e+002,-1.2148766e-001 
9.3100000e+002,-1.0922857e-001 
9.3200000e+002,-1.0120143e-001 
9.3300000e+002,-1.0290313e-001 
9.3400000e+002,-1.1550412e-001 
9.3500000e+002,-1.3557707e-001 
9.3600000e+002,-1.5635179e-001 
9.3700000e+002,-1.7002905e-001 
9.3800000e+002,-1.7037002e-001 
9.3900000e+002,-1.5472869e-001 
9.4000000e+002,-1.2491396e-001 
9.4100000e+002,-8.6665503e-002 
9.4200000e+002,-4.7967239e-002 
9.4300000e+002,-1.6762029e-002 
9.4400000e+002, 1.2259345e-003 
9.4500000e+002, 3.9366564e-003 
9.4600000e+002,-6.6744504e-003 
9.4700000e+002,-2.5395719e-002 
9.4800000e+002,-4.5326706e-002 
9.4900000e+002,-5.9753685e-002 
9.5000000e+002,-6.3799336e-002 
9.5100000e+002,-5.5434254e-002 
9.5200000e+002,-3.5659188e-002 
9.5300000e+002,-7.9109268e-003 
9.5400000e+002, 2.3061084e-002 
9.5500000e+002, 5.2502185e-002 
9.5600000e+002, 7.6806372e-002 
9.5700000e+002, 9.4268698e-002 
9.5800000e+002, 1.0531837e-001 
9.5900000e+002, 1.1224186e-001 
9.6000000e+002, 1.1850162e-001 
9.6100000e+002, 1.2781293e-001 
9.6200000e+002, 1.4316578e-001 
9.6300000e+002, 1.6598257e-001 
9.6400000e+002, 1.9558942e-001 
9.6500000e+002, 2.2914417e-001 
9.6600000e+002, 2.6209534e-001 
9.6700000e+002, 2.8913880e-001 
9.6800000e+002, 3.0550627e-001 
9.6900000e+002, 3.0829454e-001 
9.7000000e+002, 2.9747485e-001 
9.7100000e+002, 2.7624772e-001 
9.7200000e+002, 2.5054617e-001 
9.7300000e+002, 2.2771547e-001 
9.7400000e+002, 2.1465048e-001 
9.7500000e+002, 2.1587161e-001 
9.7600000e+002, 2.3209373e-001 
9.7700000e+002, 2.5975034e-001 
9.7800000e+002, 2.9169085e-001 
9.7900000e+002, 3.1893619e-001 
9.8000000e+002, 3.3305708e-001 
9.8100000e+002, 3.2852938e-001 
9.8200000e+002, 3.0439506e-001 
9.8300000e+002, 2.6472968e-001 
9.8400000e+002, 2.1774360e-001 
9.8500000e+002, 1.7373092e-001 
9.8600000e+002, 1.4241297e-001 
9.8700000e+002, 1.3040525e-001 
9.8800000e+002, 1.3951000e-001 
9.8900000e+002, 1.6630967e-001 
9.9000000e+002, 2.0316938e-001 
9.9100000e+002, 2.4035646e-001 
9.9200000e+002, 2.6866557e-001 
9.9300000e+002, 2.8179505e-001 
9.9400000e+002, 2.7779929e-001 
9.9500000e+002, 2.5922366e-001 
9.9600000e+002, 2.3193305e-001 
9.9700000e+002, 2.0304790e-001 
9.9800000e+002, 1.7867547e-001 
9.9900000e+002, 1.6217576e-001 
1.0000000e+003, 1.5350707e-001 
1.0010000e+003, 1.4981665e-001 
1.0020000e+003, 1.4700282e-001 
1.0030000e+003, 1.4163225e-001 
1.0040000e+003, 1.3247466e-001 
1.0050000e+003, 1.2106695e-001 
1.0060000e+003, 1.1109010e-001 
1.0070000e+003, 1.0679903e-001 
1.0080000e+003, 1.1111759e-001 
1.0090000e+003, 1.2415317e-001 
1.0100000e+003, 1.4274133e-001 
1.0110000e+003, 1.6124947e-001 
1.0120000e+003, 1.7339372e-001 
1.0130000e+003, 1.7443333e-001 
1.0140000e+003, 1.6294885e-001 
1.0150000e+003, 1.4154406e-001 
1.0160000e+003, 1.1618675e-001 
1.0170000e+003, 9.4381714e-002 
1.0180000e+003, 8.2778571e-002 
1.0190000e+003, 8.5014608e-002 
1.0200000e+003, 1.0051384e-001 
1.0210000e+003, 1.2464259e-001 
1.0220000e+003, 1.5017258e-001 
1.0230000e+003, 1.6957630e-001 
1.0240000e+003, 1.7741382e-001 
1.0250000e+003, 1.7204464e-001 
1.0260000e+003, 1.5611594e-001 
1.0270000e+003, 1.3566705e-001 
1.0280000e+003, 1.1812789e-001 
1.0290000e+003, 1.0984220e-001 
1.0300000e+003, 1.1390668e-001 
1.0310000e+003, 1.2903197e-001 
1.0320000e+003, 1.4982311e-001 
1.0330000e+003, 1.6843425e-001 
1.0340000e+003, 1.7710943e-001 
1.0350000e+003, 1.7081837e-001 
1.0360000e+003, 1.4913548e-001 
1.0370000e+003, 1.1672128e-001 
1.0380000e+003, 8.2192211e-002 
1.0390000e+003, 5.5677015e-002 
1.0400000e+003, 4.5791633e-002 
1.0410000e+003, 5.6975578e-002 
1.0420000e+003, 8.8042892e-002 
1.0430000e+003, 1.3243136e-001 
1.0440000e+003, 1.8009825e-001 
1.0450000e+003, 2.2048219e-001 
1.0460000e+003, 2.4560294e-001 
1.0470000e+003, 2.5232140e-001 
1.0480000e+003, 2.4304987e-001 
1.0490000e+003, 2.2470329e-001 
1.0500000e+003, 2.0625045e-001 
1.0510000e+003, 1.9567436e-001 
1.0520000e+003, 1.9733502e-001 
1.0530000e+003, 2.1058534e-001 
1.0540000e+003, 2.3007202e-001 
1.0550000e+003, 2.4759780e-001 
1.0560000e+003, 2.5491326e-001 
1.0570000e+003, 2.4651295e-001 
1.0580000e+003, 2.2152426e-001 
1.0590000e+003, 1.8408985e-001 
1.0600000e+003, 1.4214640e-001 
1.0610000e+003, 1.0502612e-001 
1.0620000e+003, 8.0678084e-002 
1.0630000e+003, 7.3405394e-002 
1.0640000e+003, 8.2814339e-002 
1.0650000e+003, 1.0424802e-001 
1.0660000e+003, 1.3047952e-001 
1.0670000e+003, 1.5404005e-001 
1.0680000e+003, 1.6938964e-001 
1.0690000e+003, 1.7424961e-001 
1.0700000e+003, 1.6975337e-001 
1.0710000e+003, 1.5950352e-001 
1.0720000e+003, 1.4798611e-001 
1.0730000e+003, 1.3896395e-001 
1.0740000e+003, 1.3440109e-001 
1.0750000e+003, 1.3421057e-001 
1.0760000e+003, 1.3678089e-001 
1.0770000e+003, 1.3995897e-001 
1.0780000e+003, 1.4204514e-001 
1.0790000e+003, 1.4241648e-001 
1.0800000e+003, 1.4159128e-001 
1.0810000e+003, 1.4078705e-001 
1.0820000e+003, 1.4121105e-001 
1.0830000e+003, 1.4339375e-001 
1.0840000e+003, 1.4682371e-001 
1.0850000e+003, 1.5000532e-001 
1.0860000e+003, 1.5089994e-001 
1.0870000e+003, 1.4758508e-001 
1.0880000e+003, 1.3890828e-001 
1.0890000e+003, 1.2492788e-001 
1.0900000e+003, 1.0700431e-001 
1.0910000e+003, 8.7506413e-002 
1.0920000e+003, 6.9200544e-002 
1.0930000e+003, 5.4475328e-002 
1.0940000e+003, 4.4606467e-002 
1.0950000e+003, 3.9271713e-002 
1.0960000e+003, 3.6480358e-002 
1.0970000e+003, 3.2985912e-002 
1.0980000e+003, 2.5121512e-002 
1.0990000e+003, 9.8651403e-003 
1.1000000e+003,-1.4153401e-002 
1.1010000e+003,-4.6012250e-002 
1.1020000e+003,-8.2457926e-002 
1.1030000e+003,-1.1854082e-001 
1.1040000e+003,-1.4879723e-001 
1.1050000e+003,-1.6866718e-001 
1.1060000e+003,-1.7573972e-001 
1.1070000e+003,-1.7044555e-001 
1.1080000e+003,-1.5596947e-001 
1.1090000e+003,-1.3738776e-001 
1.1100000e+003,-1.2027342e-001 
1.1110000e+003,-1.0917668e-001 
1.1120000e+003,-1.0642569e-001 
1.1130000e+003,-1.1159184e-001 
1.1140000e+003,-1.2175954e-001 
1.1150000e+003,-1.3249964e-001 
1.1160000e+003,-1.3924277e-001 
1.1170000e+003,-1.3864378e-001 
1.1180000e+003,-1.2954687e-001 
1.1190000e+003,-1.1328967e-001 
1.1200000e+003,-9.3281785e-002 
1.1210000e+003,-7.3998256e-002 
1.1220000e+003,-5.9686239e-002 
1.1230000e+003,-5.3153197e-002 
1.1240000e+003,-5.4972524e-002 
1.1250000e+003,-6.3320274e-002 
1.1260000e+003,-7.4479182e-002 
1.1270000e+003,-8.3862582e-002 
1.1280000e+003,-8.7271492e-002 
1.1290000e+003,-8.2041616e-002 
1.1300000e+003,-6.7777665e-002 
1.1310000e+003,-4.6495716e-002 
1.1320000e+003,-2.2160216e-002 
1.1330000e+003, 2.3999031e-004 
1.1340000e+003, 1.5827525e-002 
1.1350000e+003, 2.0905850e-002 
1.1360000e+003, 1.3726532e-002 
1.1370000e+003,-5.1908314e-003 
1.1380000e+003,-3.3224215e-002 
1.1390000e+003,-6.6239976e-002 
1.1400000e+003,-9.9472088e-002 
1.1410000e+003,-1.2850312e-001 
1.1420000e+003,-1.5013978e-001 
1.1430000e+003,-1.6299026e-001 
1.1440000e+003,-1.6760713e-001 
1.1450000e+003,-1.6615722e-001 
1.1460000e+003,-1.6170304e-001 
1.1470000e+003,-1.5729566e-001 
1.1480000e+003,-1.5514444e-001 
1.1490000e+003,-1.5611332e-001 
1.1500000e+003,-1.5968979e-001 
1.1510000e+003,-1.6441226e-001 
1.1520000e+003,-1.6858000e-001 
1.1530000e+003,-1.7097057e-001 
1.1540000e+003,-1.7129407e-001 
1.1550000e+003,-1.7022254e-001 
1.1560000e+003,-1.6900405e-001 
1.1570000e+003,-1.6883589e-001 
1.1580000e+003,-1.7026212e-001 
1.1590000e+003,-1.7284276e-001 
1.1600000e+003,-1.7522330e-001 
1.1610000e+003,-1.7556679e-001 
1.1620000e+003,-1.7216498e-001 
1.1630000e+003,-1.6398122e-001 
1.1640000e+003,-1.5091903e-001 
1.1650000e+003,-1.3373646e-001 
1.1660000e+003,-1.1368214e-001 
1.1670000e+003,-9.2045718e-002 
1.1680000e+003,-6.9843228e-002 
1.1690000e+003,-4.7783298e-002 
1.1700000e+003,-2.6514740e-002 
1.1710000e+003,-7.0037771e-003 
1.1720000e+003, 9.1995680e-003 
1.1730000e+003, 2.0024636e-002 
1.1740000e+003, 2.3357912e-002 
1.1750000e+003, 1.7823859e-002 
1.1760000e+003, 3.5798479e-003 
1.1770000e+003,-1.7238242e-002 
1.1780000e+003,-4.0706801e-002 
1.1790000e+003,-6.2012992e-002 
1.1800000e+003,-7.6850839e-002 
1.1810000e+003,-8.2867299e-002 
1.1820000e+003,-8.0621821e-002 
1.1830000e+003,-7.3636637e-002 
1.1840000e+003,-6.7408462e-002 
1.1850000e+003,-6.7627690e-002 
1.1860000e+003,-7.8169311e-002 
1.1870000e+003,-9.9552752e-002 
1.1880000e+003,-1.2845048e-001 
1.1890000e+003,-1.5848485e-001 
1.1900000e+003,-1.8210387e-001 
1.1910000e+003,-1.9293075e-001 
1.1920000e+003,-1.8778903e-001 
1.1930000e+003,-1.6769502e-001 
1.1940000e+003,-1.3745923e-001 
1.1950000e+003,-1.0403023e-001 
1.1960000e+003,-7.4170165e-002 
1.1970000e+003,-5.2302626e-002 
1.1980000e+003,-3.9318834e-002 
1.1990000e+003,-3.2777866e-002 
1.2000000e+003,-2.8410430e-002 
1.2010000e+003,-2.2327266e-002 
1.2020000e+003,-1.3038529e-002 
1.2030000e+003,-2.4345748e-003 
1.2040000e+003, 4.7383238e-003 
1.2050000e+003, 2.7841927e-003 
1.2060000e+003,-1.2351156e-002 
1.2070000e+003,-4.0827847e-002 
1.2080000e+003,-7.7959944e-002 
1.2090000e+003,-1.1507310e-001 
1.2100000e+003,-1.4199987e-001 
1.2110000e+003,-1.5038905e-001 
1.2120000e+003,-1.3664271e-001 
1.2130000e+003,-1.0337694e-001 
1.2140000e+003,-5.8812591e-002 
1.2150000e+003,-1.4255074e-002 
1.2160000e+003, 1.9470799e-002 
1.2170000e+003, 3.5377142e-002 
1.2180000e+003, 3.2290800e-002 
1.2190000e+003, 1.4804911e-002 
1.2200000e+003,-8.6882933e-003 
1.2210000e+003,-2.9083194e-002 
1.2220000e+003,-3.9599804e-002 
1.2230000e+003,-3.7704219e-002 
1.2240000e+003,-2.5334714e-002 
1.2250000e+003,-7.5422755e-003 
1.2260000e+003, 9.7541058e-003 
1.2270000e+003, 2.1929808e-002 
1.2280000e+003, 2.6911830e-002 
1.2290000e+003, 2.5177340e-002 
1.2300000e+003, 1.8714679e-002 
1.2310000e+003, 9.5957588e-003 
1.2320000e+003,-1.0876909e-003 
1.2330000e+003,-1.3419652e-002 
1.2340000e+003,-2.7954222e-002 
1.2350000e+003,-4.4546705e-002 
1.2360000e+003,-6.1411066e-002 
1.2370000e+003,-7.5009822e-002 
1.2380000e+003,-8.0999192e-002 
1.2390000e+003,-7.5939853e-002 
1.2400000e+003,-5.9072935e-002 
1.2410000e+003,-3.3342079e-002 
1.2420000e+003,-5.0826611e-003 
1.2430000e+003, 1.7687736e-002 
1.2440000e+003, 2.7863258e-002 
1.2450000e+003, 2.1806588e-002 
1.2460000e+003, 8.8867797e-004 
1.2470000e+003,-2.8639779e-002 
1.2480000e+003,-5.7497188e-002 
1.2490000e+003,-7.6349799e-002 
1.2500000e+003,-7.8891803e-002 
1.2510000e+003,-6.3936167e-002 
1.2520000e+003,-3.5768198e-002 
1.2530000e+003,-2.6354584e-003 
1.2540000e+003, 2.6082244e-002 
1.2550000e+003, 4.3009186e-002 
1.2560000e+003, 4.5105290e-002 
1.2570000e+003, 3.4389655e-002 
1.2580000e+003, 1.6848306e-002 
1.2590000e+003,-2.0720066e-005 
1.2600000e+003,-1.0089242e-002 
1.2610000e+003,-1.0841741e-002 
1.2620000e+003,-4.1760724e-003 
1.2630000e+003, 4.4896105e-003 
1.2640000e+003, 8.4252316e-003 
1.2650000e+003, 2.2583756e-003 
1.2660000e+003,-1.5899221e-002 
1.2670000e+003,-4.3650909e-002 
1.2680000e+003,-7.5120001e-002 
1.2690000e+003,-1.0304645e-001 
1.2700000e+003,-1.2139371e-001 
1.2710000e+003,-1.2750723e-001 
1.2720000e+003,-1.2303682e-001 
1.2730000e+003,-1.1328602e-001 
1.2740000e+003,-1.0521925e-001 
1.2750000e+003,-1.0484086e-001 
1.2760000e+003,-1.1489056e-001 
1.2770000e+003,-1.3369712e-001 
1.2780000e+003,-1.5563149e-001 
1.2790000e+003,-1.7303836e-001 
1.2800000e+003,-1.7899646e-001 
1.2810000e+003,-1.6994700e-001 
1.2820000e+003,-1.4724987e-001 
1.2830000e+003,-1.1707883e-001 
1.2840000e+003,-8.8634275e-002 
1.2850000e+003,-7.1241828e-002 
1.2860000e+003,-7.1308712e-002 
1.2870000e+003,-9.0181871e-002 
1.2880000e+003,-1.2365738e-001 
1.2890000e+003,-1.6332669e-001 
1.2900000e+003,-1.9930576e-001 
1.2910000e+003,-2.2340501e-001 
1.2920000e+003,-2.3163805e-001 
1.2930000e+003,-2.2519877e-001 
1.2940000e+003,-2.0958192e-001 
1.2950000e+003,-1.9219028e-001 
1.2960000e+003,-1.7932227e-001 
1.2970000e+003,-1.7366537e-001 
1.2980000e+003,-1.7324575e-001 
1.2990000e+003,-1.7225783e-001 
1.3000000e+003,-1.6350639e-001 
1.3010000e+003,-1.4158509e-001 
1.3020000e+003,-1.0561201e-001 
1.3030000e+003,-6.0462138e-002 
1.3040000e+003,-1.5943780e-002 
1.3050000e+003, 1.5912486e-002 
1.3060000e+003, 2.4603254e-002 
1.3070000e+003, 4.6955846e-003 
1.3080000e+003,-4.2044864e-002 
1.3090000e+003,-1.0669112e-001 
1.3100000e+003,-1.7538509e-001 
1.3110000e+003,-2.3305650e-001 
1.3120000e+003,-2.6744300e-001 
1.3130000e+003,-2.7215492e-001 
1.3140000e+003,-2.4788867e-001 
1.3150000e+003,-2.0154159e-001 
1.3160000e+003,-1.4368025e-001 
1.3170000e+003,-8.5313569e-002 
1.3180000e+003,-3.5059136e-002 
1.3190000e+003, 2.4584182e-003 
1.3200000e+003, 2.6656006e-002 
1.3210000e+003, 3.9743700e-002 
1.3220000e+003, 4.4858925e-002 
1.3230000e+003, 4.4392111e-002 
1.3240000e+003, 3.9128467e-002 
1.3250000e+003, 2.8430463e-002 
1.3260000e+003, 1.1239180e-002 
1.3270000e+003,-1.2647968e-002 
1.3280000e+003,-4.1648942e-002 
1.3290000e+003,-7.2275197e-002 
1.3300000e+003,-9.9931796e-002 
1.3310000e+003,-1.2037895e-001 
1.3320000e+003,-1.3132502e-001 
1.3330000e+003,-1.3355228e-001 
1.3340000e+003,-1.3112535e-001 
1.3350000e+003,-1.3053649e-001 
1.3360000e+003,-1.3899242e-001 
1.3370000e+003,-1.6232614e-001 
1.3380000e+003,-2.0314030e-001 
1.3390000e+003,-2.5972750e-001 
1.3400000e+003,-3.2609755e-001 
1.3410000e+003,-3.9313992e-001 
1.3420000e+003,-4.5064727e-001 
1.3430000e+003,-4.8969804e-001 
1.3440000e+003,-5.0479587e-001 
1.3450000e+003,-4.9521260e-001 
1.3460000e+003,-4.6516992e-001 
1.3470000e+003,-4.2278214e-001 
1.3480000e+003,-3.7800308e-001 
1.3490000e+003,-3.4009378e-001 
1.3500000e+003,-3.1527700e-001 
1.3510000e+003,-3.0521699e-001 
1.3520000e+003,-3.0675245e-001 
1.3530000e+003,-3.1296492e-001 
1.3540000e+003,-3.1528115e-001 
1.3550000e+003,-3.0600128e-001 
1.3560000e+003,-2.8051735e-001 
1.3570000e+003,-2.3858386e-001 
1.3580000e+003,-1.8429954e-001 
1.3590000e+003,-1.2486246e-001 
1.3600000e+003,-6.8535322e-002 
1.3610000e+003,-2.2479669e-002 
1.3620000e+003, 8.8862673e-003 
1.3630000e+003, 2.4572942e-002 
1.3640000e+003, 2.6667184e-002 
1.3650000e+003, 1.9212059e-002 
1.3660000e+003, 6.8106025e-003 
1.3670000e+003,-6.5354862e-003 
1.3680000e+003,-1.8015468e-002 
1.3690000e+003,-2.5974882e-002 
1.3700000e+003,-2.9473801e-002 
1.3710000e+003,-2.7799689e-002 
1.3720000e+003,-2.0262144e-002 
1.3730000e+003,-6.4093149e-003 
1.3740000e+003, 1.3444092e-002 
1.3750000e+003, 3.7682939e-002 
1.3760000e+003, 6.3207675e-002 
1.3770000e+003, 8.5832635e-002 
1.3780000e+003, 1.0125040e-001 
1.3790000e+003, 1.0627695e-001 
1.3800000e+003, 9.9920625e-002 
1.3810000e+003, 8.3827068e-002 
1.3820000e+003, 6.1852215e-002 
1.3830000e+003, 3.8839434e-002 
1.3840000e+003, 1.8999066e-002 
1.3850000e+003, 4.4774874e-003 
1.3860000e+003,-5.3290312e-003 
1.3870000e+003,-1.3415510e-002 
1.3880000e+003,-2.3854450e-002 
1.3890000e+003,-3.9993797e-002 
1.3900000e+003,-6.2846102e-002 
1.3910000e+003,-9.0304887e-002 
1.3920000e+003,-1.1753230e-001 
1.3930000e+003,-1.3842851e-001 
1.3940000e+003,-1.4768308e-001 
1.3950000e+003,-1.4267978e-001 
1.3960000e+003,-1.2456584e-001 
1.3970000e+003,-9.8088441e-002 
1.3980000e+003,-7.0233567e-002 
1.3990000e+003,-4.8114407e-002 
1.4000000e+003,-3.3032882e-001 
1.4010000e+003,-3.5437053e-001 
1.4020000e+003,-3.7218155e-001 
1.4030000e+003,-3.8119886e-001 
1.4040000e+003,-3.8056736e-001 
1.4050000e+003,-3.7144130e-001 
1.4060000e+003,-3.5667849e-001 
1.4070000e+003,-3.4003789e-001 
1.4080000e+003,-3.2515236e-001 
1.4090000e+003,-3.1461139e-001 
1.4100000e+003,-3.0943574e-001 
1.4110000e+003,-3.0907873e-001 
1.4120000e+003,-3.1190349e-001 
1.4130000e+003,-3.1592890e-001 
1.4140000e+003,-3.1956204e-001 
1.4150000e+003,-3.2206542e-001 
1.4160000e+003,-3.2362416e-001 
1.4170000e+003,-3.2503595e-001 
1.4180000e+003,-3.2718402e-001 
1.4190000e+003,-3.3052180e-001 
1.4200000e+003,-3.3477573e-001 
1.4210000e+003,-3.3897298e-001 
1.4220000e+003,-3.4176679e-001 
1.4230000e+003,-3.4191700e-001 
1.4240000e+003,-3.3873193e-001 
1.4250000e+003,-3.3230737e-001 
1.4260000e+003,-3.2349187e-001 
1.4270000e+003,-3.1362240e-001 
1.4280000e+003,-3.0416074e-001 
1.4290000e+003,-2.9638217e-001 
1.4300000e+003,-2.9121971e-001 
1.4310000e+003,-2.8927518e-001 
1.4320000e+003,-2.9091947e-001 
1.4330000e+003,-2.9636338e-001 
1.4340000e+003,-3.0560801e-001 
1.4350000e+003,-3.1826741e-001 
1.4360000e+003,-3.3335409e-001 
1.4370000e+003,-3.4917787e-001 
1.4380000e+003,-3.6349454e-001 
1.4390000e+003,-3.7394859e-001 
1.4400000e+003,-3.7871986e-001 
1.4410000e+003,-3.7716706e-001 
1.4420000e+003,-3.7021754e-001 
1.4430000e+003,-3.6031317e-001 
1.4440000e+003,-3.5086896e-001 
1.4450000e+003,-3.4538096e-001 
1.4460000e+003,-3.4645867e-001 
1.4470000e+003,-3.5509817e-001 
1.4480000e+003,-3.7043414e-001 
1.4490000e+003,-3.9004276e-001 
1.4500000e+003,-4.1067628e-001 
1.4510000e+003,-4.2916784e-001 
1.4520000e+003,-4.4320439e-001 
1.4530000e+003,-4.5173595e-001 
1.4540000e+003,-4.5493909e-001 
1.4550000e+003,-4.5381899e-001 
1.4560000e+003,-4.4965522e-001 
1.4570000e+003,-4.4352784e-001 
1.4580000e+003,-4.3609924e-001 
1.4590000e+003,-4.2770262e-001 
1.4600000e+003,-4.1865282e-001 
1.4610000e+003,-4.0960298e-001 
1.4620000e+003,-4.0175368e-001 
1.4630000e+003,-3.9678361e-001 
1.4640000e+003,-3.9648532e-001 
1.4650000e+003,-4.0220997e-001 
1.4660000e+003,-4.1430730e-001 
1.4670000e+003,-4.3176009e-001 
1.4680000e+003,-4.5215630e-001 
1.4690000e+003,-4.7203765e-001 
1.4700000e+003,-4.8755054e-001 
1.4710000e+003,-4.9523997e-001 
1.4720000e+003,-4.9279355e-001 
1.4730000e+003,-4.7956293e-001 
1.4740000e+003,-4.5675065e-001 
1.4750000e+003,-4.2722839e-001 
1.4760000e+003,-3.9502873e-001 
1.4770000e+003,-3.6461261e-001 
1.4780000e+003,-3.4005406e-001 
1.4790000e+003,-3.2429940e-001 
1.4800000e+003,-3.1864751e-001 
1.4810000e+003,-3.2255838e-001 
1.4820000e+003,-3.3383176e-001 
1.4830000e+003,-3.4911676e-001 
1.4840000e+003,-3.6463692e-001 
1.4850000e+003,-3.7696617e-001 
1.4860000e+003,-3.8368564e-001 
1.4870000e+003,-3.8379073e-001 
1.4880000e+003,-3.7778718e-001 
1.4890000e+003,-3.6748976e-001 
1.4900000e+003,-3.5559456e-001 
1.4910000e+003,-3.4512337e-001 
1.4920000e+003,-3.3884029e-001 
1.4930000e+003,-3.3872816e-001 
1.4940000e+003,-3.4559889e-001 
1.4950000e+003,-3.5890038e-001 
1.4960000e+003,-3.7676849e-001 
1.4970000e+003,-3.9634259e-001 
1.4980000e+003,-4.1431327e-001 
1.4990000e+003,-4.2760675e-001 
1.5000000e+003,-1.8366610e-001 
1.5010000e+003,-1.9860628e-001 
1.5020000e+003,-2.1145330e-001 
1.5030000e+003,-2.1977173e-001 
1.5040000e+003,-2.2240001e-001 
1.5050000e+003,-2.1967868e-001 
1.5060000e+003,-2.1316970e-001 
1.5070000e+003,-2.0502479e-001 
1.5080000e+003,-1.9726939e-001 
1.5090000e+003,-1.9126354e-001 
1.5100000e+003,-1.8749527e-001 
1.5110000e+003,-1.8571076e-001 
1.5120000e+003,-1.8525883e-001 
1.5130000e+003,-1.8547314e-001 
1.5140000e+003,-1.8594666e-001 
1.5150000e+003,-1.8663744e-001 
1.5160000e+003,-1.8783155e-001 
1.5170000e+003,-1.9003225e-001 
1.5180000e+003,-1.9383141e-001 
1.5190000e+003,-1.9977064e-001 
1.5200000e+003,-2.0816053e-001 
1.5210000e+003,-2.1883406e-001 
1.5220000e+003,-2.3087131e-001 
1.5230000e+003,-2.4241492e-001 
1.5240000e+003,-2.5074355e-001 
1.5250000e+003,-2.5273430e-001 
1.5260000e+003,-2.4571252e-001 
1.5270000e+003,-2.2850154e-001 
1.5280000e+003,-2.0232341e-001 
1.5290000e+003,-1.7115392e-001 
1.5300000e+003,-1.4124780e-001 
1.5310000e+003,-1.1980722e-001 
1.5320000e+003,-1.1308495e-001 
1.5330000e+003,-1.2446903e-001 
1.5340000e+003,-1.5318040e-001 
1.5350000e+003,-1.9407497e-001 
1.5360000e+003,-2.3871214e-001 
1.5370000e+003,-2.7744087e-001 
1.5380000e+003,-3.0190957e-001 
1.5390000e+003,-3.0725150e-001 
1.5400000e+003,-2.9329268e-001 
1.5410000e+003,-2.6443970e-001 
1.5420000e+003,-2.2832182e-001 
1.5430000e+003,-1.9363959e-001 
1.5440000e+003,-1.6788616e-001 
1.5450000e+003,-1.5559610e-001 
1.5460000e+003,-1.5755977e-001 
1.5470000e+003,-1.7110958e-001 
1.5480000e+003,-1.9125657e-001 
1.5490000e+003,-2.1223953e-001 
1.5500000e+003,-2.2900031e-001 
1.5510000e+003,-2.3820846e-001 
1.5520000e+003,-2.3866605e-001 
1.5530000e+003,-2.3113989e-001 
1.5540000e+003,-2.1781846e-001 
1.5550000e+003,-2.0163527e-001 
1.5560000e+003,-1.8564803e-001 
1.5570000e+003,-1.7256131e-001 
1.5580000e+003,-1.6438808e-001 
1.5590000e+003,-1.6220702e-001 
1.5600000e+003,-1.6599603e-001 
1.5610000e+003,-1.7458031e-001 
1.5620000e+003,-1.8577704e-001 
1.5630000e+003,-1.9680599e-001 
1.5640000e+003,-2.0495450e-001 
1.5650000e+003,-2.0836391e-001 
1.5660000e+003,-2.0670021e-001 
1.5670000e+003,-2.0144417e-001 
1.5680000e+003,-1.9561891e-001 
1.5690000e+003,-1.9295129e-001 
1.5700000e+003,-1.9667778e-001 
1.5710000e+003,-2.0837101e-001 
1.5720000e+003,-2.2720549e-001 
1.5730000e+003,-2.4996964e-001 
1.5740000e+003,-2.7189248e-001 
1.5750000e+003,-2.8806842e-001 
1.5760000e+003,-2.9503438e-001 
1.5770000e+003,-2.9196879e-001 
1.5780000e+003,-2.8108035e-001 
1.5790000e+003,-2.6700998e-001 
1.5800000e+003,-2.5539801e-001 
1.5810000e+003,-2.5105953e-001 
1.5820000e+003,-2.5636197e-001 
1.5830000e+003,-2.7035482e-001 
1.5840000e+003,-2.8897113e-001 
1.5850000e+003,-3.0627550e-001 
1.5860000e+003,-3.1638401e-001 
1.5870000e+003,-3.1544357e-001 
1.5880000e+003,-3.0301454e-001 
1.5890000e+003,-2.8237263e-001 
1.5900000e+003,-2.5958827e-001 
1.5910000e+003,-2.4164622e-001 
1.5920000e+003,-2.3420182e-001 
1.5930000e+003,-2.3971670e-001 
1.5940000e+003,-2.5661398e-001 
1.5950000e+003,-2.7976641e-001 
1.5960000e+003,-3.0218299e-001 
1.5970000e+003,-3.1734384e-001 
1.5980000e+003,-3.2139695e-001 
1.5990000e+003,-3.1446335e-001 
1.6000000e+003,-2.0692561e-001 
1.6010000e+003,-2.4367226e-001 
1.6020000e+003,-2.8550215e-001 
1.6030000e+003,-3.2937384e-001 
1.6040000e+003,-3.7175625e-001 
1.6050000e+003,-4.0909382e-001 
1.6060000e+003,-4.3832544e-001 
1.6070000e+003,-4.5742765e-001 
1.6080000e+003,-4.6590647e-001 
1.6090000e+003,-4.6510862e-001 
1.6100000e+003,-4.5819779e-001 
1.6110000e+003,-4.4967962e-001 
1.6120000e+003,-4.4446939e-001 
1.6130000e+003,-4.4665567e-001 
1.6140000e+003,-4.5826378e-001 
1.6150000e+003,-4.7839950e-001 
1.6160000e+003,-5.0310472e-001 
1.6170000e+003,-5.2607747e-001 
1.6180000e+003,-5.4014512e-001 
1.6190000e+003,-5.3912114e-001 
1.6200000e+003,-5.1951816e-001 
1.6210000e+003,-4.8160198e-001 
1.6220000e+003,-4.2945915e-001 
1.6230000e+003,-3.7005488e-001 
1.6240000e+003,-3.1157320e-001 
1.6250000e+003,-2.6154433e-001 
1.6260000e+003,-2.2530285e-001 
1.6270000e+003,-2.0517679e-001 
1.6280000e+003,-2.0054327e-001 
1.6290000e+003,-2.0860482e-001 
1.6300000e+003,-2.2554079e-001 
1.6310000e+003,-2.4763277e-001 
1.6320000e+003,-2.7204895e-001 
1.6330000e+003,-2.9714758e-001 
1.6340000e+003,-3.2234325e-001 
1.6350000e+003,-3.4770589e-001 
1.6360000e+003,-3.7349809e-001 
1.6370000e+003,-3.9981324e-001 
1.6380000e+003,-4.2639230e-001 
1.6390000e+003,-4.5261480e-001 
1.6400000e+003,-4.7760675e-001 
1.6410000e+003,-5.0039198e-001 
1.6420000e+003,-5.2002376e-001 
1.6430000e+003,-5.3565591e-001 
1.6440000e+003,-5.4653938e-001 
1.6450000e+003,-5.5195775e-001 
1.6460000e+003,-5.5114323e-001 
1.6470000e+003,-5.4323665e-001 
1.6480000e+003,-5.2735929e-001 
1.6490000e+003,-5.0283859e-001 
1.6500000e+003,-4.6957132e-001 
1.6510000e+003,-4.2843263e-001 
1.6520000e+003,-3.8157659e-001 
1.6530000e+003,-3.3245908e-001 
1.6540000e+003,-2.8546805e-001 
1.6550000e+003,-2.4516504e-001 
1.6560000e+003,-2.1528978e-001 
1.6570000e+003,-1.9780246e-001 
1.6580000e+003,-1.9228115e-001 
1.6590000e+003,-1.9592425e-001 
1.6600000e+003,-2.0423805e-001 
1.6610000e+003,-2.1226674e-001 
1.6620000e+003,-2.1602242e-001 
1.6630000e+003,-2.1367227e-001 
1.6640000e+003,-2.0608635e-001 
1.6650000e+003,-1.9653892e-001 
1.6660000e+003,-1.8963338e-001 
1.6670000e+003,-1.8978958e-001 
1.6680000e+003,-1.9979391e-001 
1.6690000e+003,-2.1990180e-001 
1.6700000e+003,-2.4779220e-001 
1.6710000e+003,-2.7936976e-001 
1.6720000e+003,-3.1010189e-001 
1.6730000e+003,-3.3638471e-001 
1.6740000e+003,-3.5643185e-001 
1.6750000e+003,-3.7037930e-001 
1.6760000e+003,-3.7962192e-001 
1.6770000e+003,-3.8571490e-001 
1.6780000e+003,-3.8935360e-001 
1.6790000e+003,-3.8990899e-001 
1.6800000e+003,-3.8575182e-001 
1.6810000e+003,-3.7524499e-001 
1.6820000e+003,-3.5796949e-001 
1.6830000e+003,-3.3561188e-001 
1.6840000e+003,-3.1204909e-001 
1.6850000e+003,-2.9248243e-001 
1.6860000e+003,-2.8187195e-001 
1.6870000e+003,-2.8323865e-001 
1.6880000e+003,-2.9649926e-001 
1.6890000e+003,-3.1832716e-001 
1.6900000e+003,-3.4315516e-001 
1.6910000e+003,-3.6499633e-001 
1.6920000e+003,-3.7943328e-001 
1.6930000e+003,-3.8504371e-001 
1.6940000e+003,-3.8372899e-001 
1.6950000e+003,-3.7981726e-001 
1.6960000e+003,-3.7827122e-001 
1.6970000e+003,-3.8266623e-001 
1.6980000e+003,-3.9369044e-001 
1.6990000e+003,-4.0872210e-001 
1.7000000e+003,-4.2917380e-001 
1.7010000e+003,-4.1837132e-001 
1.7020000e+003,-3.9453255e-001 
1.7030000e+003,-3.6217366e-001 
1.7040000e+003,-3.2685809e-001 
1.7050000e+003,-2.9412398e-001 
1.7060000e+003,-2.6833914e-001 
1.7070000e+003,-2.5179450e-001 
1.7080000e+003,-2.4432309e-001 
1.7090000e+003,-2.4359724e-001 
1.7100000e+003,-2.4604781e-001 
1.7110000e+003,-2.4813749e-001 
1.7120000e+003,-2.4758586e-001 
1.7130000e+003,-2.4414287e-001 
1.7140000e+003,-2.3964848e-001 
1.7150000e+003,-2.3735261e-001 
1.7160000e+003,-2.4071747e-001 
1.7170000e+003,-2.5209487e-001 
1.7180000e+003,-2.7170560e-001 
1.7190000e+003,-2.9723940e-001 
1.7200000e+003,-3.2418954e-001 
1.7210000e+003,-3.4681176e-001 
1.7220000e+003,-3.5942941e-001 
1.7230000e+003,-3.5773913e-001 
1.7240000e+003,-3.3980725e-001 
1.7250000e+003,-3.0655371e-001 
1.7260000e+003,-2.6165123e-001 
1.7270000e+003,-2.1088564e-001 
1.7280000e+003,-1.6111050e-001 
1.7290000e+003,-1.1898717e-001 
1.7300000e+003,-8.9736970e-002 
1.7310000e+003,-7.6145659e-002 
1.7320000e+003,-7.8042034e-002 
1.7330000e+003,-9.2405404e-002 
1.7340000e+003,-1.1413528e-001 
1.7350000e+003,-1.3735427e-001 
1.7360000e+003,-1.5695150e-001 
1.7370000e+003,-1.6996352e-001 
1.7380000e+003,-1.7638358e-001 
1.7390000e+003,-1.7911209e-001 
1.7400000e+003,-1.8299344e-001 
1.7410000e+003,-1.9316382e-001 
1.7420000e+003,-2.1317419e-001 
1.7430000e+003,-2.4346425e-001 
1.7440000e+003,-2.8069796e-001 
1.7450000e+003,-3.1823448e-001 
1.7460000e+003,-3.4766857e-001 
1.7470000e+003,-3.6103773e-001 
1.7480000e+003,-3.5307105e-001 
1.7490000e+003,-3.2282267e-001 
1.7500000e+003,-2.7420378e-001 
1.7510000e+003,-2.1524735e-001 
1.7520000e+003,-1.5630691e-001 
1.7530000e+003,-1.0769012e-001 
1.7540000e+003,-7.7369849e-002 
1.7550000e+003,-6.9365446e-002 
1.7560000e+003,-8.3170065e-002 
1.7570000e+003,-1.1429213e-001 
1.7580000e+003,-1.5567611e-001 
1.7590000e+003,-1.9955610e-001 
1.7600000e+003,-2.3922668e-001 
1.7610000e+003,-2.7029330e-001 
1.7620000e+003,-2.9115188e-001 
1.7630000e+003,-3.0267987e-001 
1.7640000e+003,-3.0733059e-001 
1.7650000e+003,-3.0795542e-001 
1.7660000e+003,-3.0671018e-001 
1.7670000e+003,-3.0433759e-001 
1.7680000e+003,-2.9998795e-001 
1.7690000e+003,-2.9158541e-001 
1.7700000e+003,-2.7660801e-001 
1.7710000e+003,-2.5305431e-001 
1.7720000e+003,-2.2033226e-001 
1.7730000e+003,-1.7982786e-001 
1.7740000e+003,-1.3498414e-001 
1.7750000e+003,-9.0832147e-002 
1.7760000e+003,-5.3046865e-002 
1.7770000e+003,-2.6728927e-002 
1.7780000e+003,-1.5208317e-002 
1.7790000e+003,-1.9197437e-002 
1.7800000e+003,-3.6564274e-002 
1.7810000e+003,-6.2848555e-002 
1.7820000e+003,-9.2432230e-002 
1.7830000e+003,-1.2005893e-001 
1.7840000e+003,-1.4225045e-001 
1.7850000e+003,-1.5815731e-001 
1.7860000e+003,-1.6953112e-001 
1.7870000e+003,-1.7978611e-001 
1.7880000e+003,-1.9243831e-001 
1.7890000e+003,-2.0945566e-001 
1.7900000e+003,-2.3012170e-001 
1.7910000e+003,-2.5086653e-001 
1.7920000e+003,-2.6619189e-001 
1.7930000e+003,-2.7042425e-001 
1.7940000e+003,-2.5971536e-001 
1.7950000e+003,-2.3359416e-001 
1.7960000e+003,-1.9550695e-001 
1.7970000e+003,-1.5212062e-001 
1.7980000e+003,-1.1158647e-001 
1.7990000e+003,-8.1318688e-002 
1.8000000e+003,-1.2993697e-001 
1.8010000e+003,-1.2881483e-001 
1.8020000e+003,-1.3009659e-001 
1.8030000e+003,-1.3324181e-001 
1.8040000e+003,-1.3831867e-001 
1.8050000e+003,-1.4626183e-001 
1.8060000e+003,-1.5885053e-001 
1.8070000e+003,-1.7834102e-001 
1.8080000e+003,-2.0678476e-001 
1.8090000e+003,-2.4517471e-001 
1.8100000e+003,-2.9265299e-001 
1.8110000e+003,-3.4604803e-001 
1.8120000e+003,-3.9996340e-001 
1.8130000e+003,-4.4751372e-001 
1.8140000e+003,-4.8162183e-001 
1.8150000e+003,-4.9660692e-001 
1.8160000e+003,-4.8966586e-001 
1.8170000e+003,-4.6182850e-001 
1.8180000e+003,-4.1807244e-001 
1.8190000e+003,-3.6649224e-001 
1.8200000e+003,-3.1667630e-001 
1.8210000e+003,-2.7767383e-001 
1.8220000e+003,-2.5606334e-001 
1.8230000e+003,-2.5461989e-001 
1.8240000e+003,-2.7192242e-001 
1.8250000e+003,-3.0298912e-001 
1.8260000e+003,-3.4075174e-001 
1.8270000e+003,-3.7795872e-001 
1.8280000e+003,-4.0899242e-001 
1.8290000e+003,-4.3112397e-001 
1.8300000e+003,-4.4489430e-001 
1.8310000e+003,-4.5355312e-001 
1.8320000e+003,-4.6174114e-001 
1.8330000e+003,-4.7379893e-001 
1.8340000e+003,-4.9217930e-001 
1.8350000e+003,-5.1640947e-001 
1.8360000e+003,-5.4290327e-001 
1.8370000e+003,-5.6570014e-001 
1.8380000e+003,-5.7796074e-001 
1.8390000e+003,-5.7383899e-001 
1.8400000e+003,-5.5023229e-001 
1.8410000e+003,-5.0792002e-001 
1.8420000e+003,-4.5174158e-001 
1.8430000e+003,-3.8971037e-001 
1.8440000e+003,-3.3125058e-001 
1.8450000e+003,-2.8499998e-001 
1.8460000e+003,-2.5676660e-001 
1.8470000e+003,-2.4820643e-001 
1.8480000e+003,-2.5659553e-001 
1.8490000e+003,-2.7575036e-001 
1.8500000e+003,-2.6280726e-001 
1.8510000e+003,-2.5823127e-001 
1.8520000e+003,-2.5259905e-001 
1.8530000e+003,-2.4623883e-001 
1.8540000e+003,-2.3986134e-001 
1.8550000e+003,-2.3380260e-001 
1.8560000e+003,-2.2739352e-001 
1.8570000e+003,-2.1878208e-001 
1.8580000e+003,-2.0537667e-001 
1.8590000e+003,-1.8482893e-001 
1.8600000e+003,-1.5622441e-001 
1.8610000e+003,-1.2100484e-001 
1.8620000e+003,-8.3180286e-002 
1.8630000e+003,-4.8609136e-002 
1.8640000e+003,-2.3461500e-002 
1.8650000e+003,-1.2312820e-002 
1.8660000e+003,-1.6508493e-002 
1.8670000e+003,-3.3409075e-002 
1.8680000e+003,-5.6863895e-002 
1.8690000e+003,-7.8852419e-002 
1.8700000e+003,-9.1821543e-002 
1.8710000e+003,-9.0984504e-002 
1.8720000e+003,-7.5833055e-002 
1.8730000e+003,-5.0359637e-002 
1.8740000e+003,-2.1906734e-002 
1.8750000e+003, 9.9017598e-004 
1.8760000e+003, 1.1076710e-002 
1.8770000e+003, 4.3929457e-003 
1.8780000e+003,-1.8781628e-002 
1.8790000e+003,-5.4295376e-002 
1.8800000e+003,-9.5617909e-002 
1.8810000e+003,-1.3592176e-001 
1.8820000e+003,-1.7005281e-001 
1.8830000e+003,-1.9576277e-001 
1.8840000e+003,-2.1385141e-001 
1.8850000e+003,-2.2724545e-001 
1.8860000e+003,-2.3939846e-001 
1.8870000e+003,-2.5261680e-001 
1.8880000e+003,-2.6693009e-001 
1.8890000e+003,-2.7992838e-001 
1.8900000e+003,-2.8764681e-001 
1.8910000e+003,-2.8620418e-001 
1.8920000e+003,-2.7361951e-001 
1.8930000e+003,-2.5114015e-001 
1.8940000e+003,-2.2355394e-001 
1.8950000e+003,-1.9828840e-001 
1.8960000e+003,-1.8351648e-001 
1.8970000e+003,-1.8584756e-001 
1.8980000e+003,-2.0835555e-001 
1.8990000e+003,-2.4961125e-001 
1.9000000e+003,-3.0406229e-001 
1.9010000e+003,-3.6364833e-001 
1.9020000e+003,-4.2011211e-001 
1.9030000e+003,-4.6722567e-001 
1.9040000e+003,-5.0218965e-001 
1.9050000e+003,-5.2577214e-001 
1.9060000e+003,-5.4121982e-001 
1.9070000e+003,-5.5242261e-001 
1.9080000e+003,-5.6207185e-001 
1.9090000e+003,-5.7052265e-001 
1.9100000e+003,-5.7576723e-001 
1.9110000e+003,-5.7446997e-001 
1.9120000e+003,-5.6359023e-001 
1.9130000e+003,-5.4189511e-001 
1.9140000e+003,-5.1072841e-001 
1.9150000e+003,-4.7372442e-001 
1.9160000e+003,-4.3559956e-001 
1.9170000e+003,-4.0053608e-001 
1.9180000e+003,-3.7083254e-001 
1.9190000e+003,-3.4637165e-001 
1.9200000e+003,-3.2510137e-001 
1.9210000e+003,-3.0429312e-001 
1.9220000e+003,-2.8201405e-001 
1.9230000e+003,-2.5816713e-001 
1.9240000e+003,-2.3464637e-001 
1.9250000e+003,-2.1454017e-001 
1.9260000e+003,-2.0072762e-001 
1.9270000e+003,-1.9447344e-001 
1.9280000e+003,-1.9462793e-001 
1.9290000e+003,-1.9778071e-001 
1.9300000e+003,-1.9931442e-001 
1.9310000e+003,-1.9493170e-001 
1.9320000e+003,-1.8204262e-001 
1.9330000e+003,-1.6047587e-001 
1.9340000e+003,-1.3227439e-001 
1.9350000e+003,-1.0072038e-001 
1.9360000e+003,-6.9039275e-002 
1.9370000e+003,-3.9330420e-002 
1.9380000e+003,-1.2134184e-002 
1.9390000e+003, 1.3256901e-002 
1.9400000e+003, 3.7959669e-002 
1.9410000e+003, 6.2556913e-002 
1.9420000e+003, 8.6478020e-002 
1.9430000e+003, 1.0795426e-001 
1.9440000e+003, 1.2453100e-001 
1.9450000e+003, 1.3388737e-001 
1.9460000e+003, 1.3461663e-001 
1.9470000e+003, 1.2668327e-001 
1.9480000e+003, 1.1144611e-001 
1.9490000e+003, 9.1324302e-002 
1.9500000e+003, 6.9297653e-002 
1.9510000e+003, 4.8432886e-002 
1.9520000e+003, 3.1537553e-002 
1.9530000e+003, 2.0928176e-002 
1.9540000e+003, 1.8230458e-002 
1.9550000e+003, 2.4143145e-002 
1.9560000e+003, 3.8179320e-002 
1.9570000e+003, 5.8494575e-002 
1.9580000e+003, 8.1956189e-002 
1.9590000e+003, 1.0456262e-001 
1.9600000e+003, 1.2219658e-001 
1.9610000e+003, 1.3154137e-001 
1.9620000e+003, 1.3088214e-001 
1.9630000e+003, 1.2051046e-001 
1.9640000e+003, 1.0256578e-001 
1.9650000e+003, 8.0342014e-002 
1.9660000e+003, 5.7284900e-002 
1.9670000e+003, 3.6023454e-002 
1.9680000e+003, 1.7765975e-002 
1.9690000e+003, 2.2506879e-003 
1.9700000e+003,-1.1771366e-002 
1.9710000e+003,-2.5742989e-002 
1.9720000e+003,-4.0526316e-002 
1.9730000e+003,-5.5951508e-002 
1.9740000e+003,-7.0849034e-002 
1.9750000e+003,-8.3523822e-002 
1.9760000e+003,-9.2451836e-002 
1.9770000e+003,-9.6897125e-002 
1.9780000e+003,-9.7190619e-002 
1.9790000e+003,-9.4559763e-002 
1.9800000e+003,-9.0587046e-002 
1.9810000e+003,-8.6527045e-002 
1.9820000e+003,-8.2764579e-002 
1.9830000e+003,-7.8632747e-002 
1.9840000e+003,-7.2659614e-002 
1.9850000e+003,-6.3141237e-002 
1.9860000e+003,-4.8817101e-002 
1.9870000e+003,-2.9397096e-002 
1.9880000e+003,-5.7597851e-003 
1.9890000e+003, 2.0227861e-002 
1.9900000e+003, 4.6186899e-002 
1.9910000e+003, 6.9833203e-002 
1.9920000e+003, 8.9536012e-002 
1.9930000e+003, 1.0469587e-001 
1.9940000e+003, 1.1588103e-001 
1.9950000e+003, 1.2472395e-001 
1.9960000e+003, 1.4582894e-001 
1.9970000e+003, 1.5017907e-001 
1.9980000e+003, 1.6317798e-001 
1.9990000e+003, 1.8547074e-001 
2.0000000e+003, 2.1639605e-001 
2.0010000e+003, 2.5383341e-001 
2.0020000e+003, 2.9428258e-001 
2.0030000e+003, 3.3321884e-001 
2.0040000e+003, 3.6569338e-001 
2.0050000e+003, 3.8707306e-001 
2.0060000e+003, 3.9376788e-001 
