1540,   1.4092
1541,   -0.796
1542,   0.5588
1543, 5.55E-03
1544,   0.2688
1545,  -1.0177
1546,   1.4436
1547,   0.2383
1548,  -2.5013
1549,  -0.8588
1550,  -0.0619
1551,   1.5385
1552,  -0.0434
1553,  -1.3686
1554,  -0.2277
1555,   0.6483
1556,  -0.2204
1557,   1.0399
1558,  -0.6567
1559,   0.1164
1560,  -1.5415
1561,   0.3638
1562,  -1.8537
1563,    0.242
1564,   1.0786
1565,   0.7813
1566,   3.7958
1567,  -0.3491
1568,  -2.2335
1569,  -0.3454
1570,   1.4473
1571,  -1.4351
1572,   -1.485
1573,   0.7037
1574,  -0.7734
1575,   -0.663
1576,  -1.2626
1577,  -1.8525
1578,  -1.6693
1579,   0.3048
1580,  -0.8865
1581,   0.3491
1582,   0.3781
1583,   1.6457
1584,   2.1097
1585,  -0.7702
1586,  -0.0545
1587,  -0.7443
1588,  -0.7734
1589,   0.2124
1590,   -0.213
1591,   0.4451
1592,   0.9914
1593,   0.7591
1594,   1.7447
1595,   1.4388
1596,   0.3179
1597,   0.7887
1598,  -0.1823
1599,    0.253
1600,   -2.505
1601,  -1.4609
1602,  -1.5711
1603,  -0.0757
1604,  -1.5711
1605,   -0.205
1606,   1.0442
1607,   0.6926
1608,    0.796
1609,   1.2135
1610,   1.4019
1611,  -0.6446
1612, 2.01E-03
1613,  -0.8551
1614,  -0.2314
1615,  -0.1348
1616,  -0.0323
1617,   0.3602
1618,   1.0405
1619,   0.7961
1620,   0.6301
1621,   0.1348
1622,  -1.8537
1623,   0.9881
1624,   0.7997
1625,   -0.796
1626,  -0.9087
1627,  -0.7776
1628,  -1.9102
1629,  -0.6606
1630,  -1.3661
1631,  -0.0198
1632,   0.2739
1633,   1.1143
1634,   1.7944
1635,    2.149
1636,  -0.8342
1637,  -0.4138
1638,  -0.8946
1639,   0.7611
1640,  -1.6816
1641,  -1.0961
1642,  -0.2904
1643,  -1.3169
1644,   0.8078
1645,   0.2606
1646,   1.3145
1647,  -0.0575
1648,   0.1502
1649,   0.9545
1650,   -1.132
1651,   1.0093
1652,  -0.2873
1653,   -0.829
1654,  -0.1631
1655,   1.1039
1656,    1.915
1657,   1.4235
1658,   1.1488
1659,   0.0608
1660,   -0.596
1661,  -0.7207
1662,  -1.6865
1663,  -0.2165
1664,  -0.4743
1665,   0.5409
1666,  -0.0438
1667,  -0.2798
1668,  -0.2446
1669,  -0.5255
1670,   0.3812
1671,   0.0538
1672,  -0.1115
1673,   0.9522
1674,  -0.4632
1675,  -1.1677
1676,   -0.544
1677,  -0.1266
1678,  -0.1665
1679,  -0.4459
1680,   0.8854
1681,   0.5254
1682,   0.2162
1683,  -0.8424
1684,  -1.3861
1685,  -0.6889
1686,  -0.5207
1687,   0.1778
1688,   1.0742
1689,   0.1865
1690,   -0.166
1691,   1.0813
1692,  -1.3379
1693,   0.3971
1694,   1.4664
1695,  -0.1678
1696,   0.5942
1697,   0.3589
1698,  -1.1361
1699,   1.3755
1700,   1.2003
1701,   0.6849
1702,  -0.0414
1703,   0.0993
1704,  -1.0098
1705,-7.73E-03
1706,  -1.6495
1707,  -0.5599
1708,  -1.1077
1709,  -1.2941
1710,  -0.6317
1711,    0.222
1712,    0.099
1713,   0.5675
1714,   0.2031
1715,   0.0202
1716,   0.2685
1717,   0.5065
1718,   0.2726
1719,   1.1716
1720,   0.7938
1721,   1.1666
1722,   0.6458
1723,   0.7949
1724,   0.8478
1725,  -1.3533
1726,   0.5913
1727,   0.3794
1728,   1.2842
1729,  -0.5209
1730,   0.4549
1731,    0.864
1732,  -0.5344
1733,   0.8345
1734,   0.0691
1735,   0.8176
1736,   1.6719
1737,  -0.4977
1738,   0.2946
1739,   0.1528
1740,  -0.2832
1741,  -0.3058
1742,   -0.834
1743,  -0.8232
1744,  -0.4104
1745,  -0.1102
1746,  -0.0944
1747,  -0.6707
1748,   0.3754
1749,   0.5462
1750,  -0.1117
1751,  -0.9627
1752,  -1.1685
1753,  -0.8997
1754,  -1.1555
1755,  -1.2138
1756,  -0.8238
1757,  -1.1202
1758,-8.51E-03
1759,  -0.8554
1760,   0.7393
1761,   0.5166
1762,   0.5497
1763,   0.1988
1764,   0.1586
1765,   0.4311
1766,   0.2971
1767,    0.021
1768,   0.7255
1769,   0.3178
1770,   0.3739
1771,  -0.9415
1772,   0.3577
1773,    0.785
1774,  -0.1337
1775,  -0.1478
1776,   0.3974
1777,   0.4856
1778,   0.6723
1779,  -0.1473
1780,  -0.9496
1781,   0.2525
1782,   0.2453
1783,  -0.9305
1784,  -0.0477
1785,  -0.0696
1786,  -0.8714
1787,  -0.3672
1788,  -0.8302
1789,  -0.3229
1790,  -0.0821
1791,  -0.4165
1792,   0.4294
1793,  -0.4326
1794,  -0.3695
1795,  -0.6658
1796,  -0.4723
1797,  -0.8825
1798,   -0.468
1799,  -0.8551
1800,   0.1822
1801,   -0.649
1802,  -0.4966
1803,  -0.2876
1804,  -0.1808
1805,   0.4204
1806,  -1.2627
1807,  -1.0611
1808, 6.24E-03
1809,  -0.1211
1810,   0.0414
1811,   0.3351
1812,   0.4925
1813,  -0.2516
1814,   0.8303
1815,  -0.1853
1816,   0.9359
1817,   0.4276
1818,    0.577
1819,   0.2416
1820,  -0.4296
1821,   1.3285
1822,   0.6082
1823,    0.066
1824,  -0.6109
1825,   0.3458
1826,   0.0498
1827,  -0.2837
1828,  -0.5859
1829,  -1.1852
1830,  -0.8512
1831,  -0.5914
1832,   -0.294
1833,   0.0638
1834,   0.5903
1835,  -0.6697
1836,   0.9147
1837,   0.7821
1838,    0.318
1839,   1.0276
1840,   0.3893
1841,    0.306
1842,   0.1268
1843,   -0.237
1844,   0.7396
1845, 5.85E-03
1846,  -0.2386
1847,   -0.365
1848,  -0.0664
1849,   -0.267
1850,   0.5879
1851,   0.3733
1852,     0.41
1853,   0.3318
1854,   0.5003
1855,   0.1733
1856,   0.5488
1857,  -0.8653
1858,  -0.2259
1859,   0.1328
1860,   0.0445
1861,   -1.013
1862,   0.0196
1863,   -0.038
1864,  -0.1813
1865,   0.4453
1866,   0.4125
1867,  -0.2774
1868,  -0.1585
1869,   0.0236
1870,   -1.381
1871,  -1.2997
1872,  -0.4698
1873,  -0.2606
1874,  -0.3545
1875,  -0.9702
1876,  -0.1439
1877,   1.1324
1878,   0.9297
1879,  -1.3331
1880,  -0.9783
1881,  -0.2213
1882,  -1.3744
1883,      0.1
1884,    1.116
1885,   1.5867
1886,  -0.6351
1887,  -0.8745
1888,   0.3645
1889,  -0.6145
1890,  -1.0653
1891,  -0.4154
1892,  -1.6971
1893,  -2.0565
1894,   -1.873
1895,  -0.4429
1896,   0.7279
1897,  -0.4963
1898,  -1.2678
1899,  -0.4388
1900,    0.429
1901,  -0.3563
1902,   1.0807
1903,   0.2859
1904,-1.38E-03
1905,   1.7805
1906,   0.4237
1907,    0.507
1908,  -1.8122
1909,  -1.6475
1910,  -0.9995
1911,  -0.3719
1912,   1.0665
1913,   0.5638
1914,   1.4057
1915,   0.9956
1916,  -1.4609
1917,  -1.3063
1918,  -0.3069
1919,   0.4103
1920,  -0.7632
1921,   -0.959
1922,  -0.7068
1923,   0.6162
1924,  -0.0401
1925,   0.6467
1926,   1.1201
1927,  -0.0272
1928,   0.0254
1929,    0.134
1930,   1.2726
1931,   1.5369
1932,  -0.4423
1933,  -1.2002
1934,   0.2688
1935,   0.3809
1936,    1.357
1937,   1.4112
1938,   0.8257
1939,  -0.5508
1940,   1.7308
1941,   2.8827
1942,   0.6513
1943,  -1.3014
1944,  -1.2006
1945,  -1.2251
1946,  -0.2603
1947,  -0.1102
1948,   -0.057
1949,  -0.7338
1950,  -0.8703
1951,  -0.0592
1952,   0.2239
1953,   0.5436
1954,   -0.885
1955,  -1.0255
1956,   -0.874
1957,   0.6449
1958,   0.7507
1959,   0.1872
1960,  -1.0671
1961,  -0.5211
1962,  -0.7686
1963,   0.4392
1964,   0.6066
1965,   1.6453
1966,    1.838
1967,   -0.224
1968,  -0.6866
1969,    0.573
1970,  -0.9665
1971,  -2.2687
1972,   0.4603
1973,  -0.3555
1974,  -1.7029
1975,  -1.9497
1976,  -0.0507
1977,   0.1709
1978,   0.1826
1979,  -0.1408
1980,   0.1821
1981,  -0.6299
1982,   1.1752
1983,   1.7296
1984,  -0.4545
1985,  -0.9539
1986,  -0.1582
1987,   1.7095
1988,  -1.3446
1989,  -2.6191
1990,  -0.2908
1991,   0.1875
1992,   0.7783
1993,    0.637
1994,   0.8267
1995,  -0.4542
1996,  -1.0599
1997,   1.4842
1998,   1.1493
