-1.445999999999999952e+00
-1.086999999999999966e+00
5.360000000000000320e-01
-7.409999999999999920e-01
8.080000000000000515e-01
1.800999999999999934e+00
-1.546000000000000041e+00
-1.967000000000000082e+00
1.568000000000000060e+00
5.590000000000000524e-01
-3.930000000000000160e-01
1.183999999999999941e+00
-5.510000000000000453e-01
-1.199000000000000066e+00
-5.500000000000000028e-02
3.800000000000000044e-01
1.630000000000000060e-01
4.430000000000000049e-01
4.769999999999999796e-01
4.060000000000000275e-01
-6.219999999999999973e-01
2.199999999999999872e-02
-1.022999999999999909e+00
3.750000000000000000e-01
-1.935999999999999943e+00
1.647999999999999909e+00
1.203000000000000069e+00
-9.719999999999999751e-01
4.799999999999999822e-01
5.929999999999999716e-01
-1.727999999999999980e+00
5.520000000000000462e-01
1.310000000000000053e-01
2.740000000000000213e-01
7.799999999999999989e-02
-4.030000000000000249e-01
4.580000000000000182e-01
-2.139999999999999958e-01
2.020000000000000129e-01
-7.259999999999999787e-01
-7.399999999999999634e-02
1.550999999999999934e+00
-4.329999999999999960e-01
-8.269999999999999574e-01
-2.109999999999999931e-01
4.769999999999999796e-01
6.420000000000000151e-01
-4.749999999999999778e-01
-4.149999999999999800e-01
8.309999999999999609e-01
-1.000000000000000021e-03
-6.290000000000000036e-01
2.010000000000000120e-01
8.509999999999999787e-01
-1.889000000000000012e+00
2.020000000000000129e-01
1.639000000000000012e+00
-1.372000000000000108e+00
-1.012999999999999901e+00
1.189999999999999947e+00
1.072000000000000064e+00
-1.122999999999999998e+00
1.600000000000000033e-01
6.380000000000000115e-01
-5.090000000000000080e-01
-4.349999999999999978e-01
8.449999999999999734e-01
2.720000000000000195e-01
3.250000000000000111e-01
-1.877000000000000002e+00
1.036000000000000032e+00
4.200000000000000261e-02
-1.217000000000000082e+00
1.979999999999999982e+00
8.509999999999999787e-01
-2.544999999999999929e+00
8.999999999999999667e-02
1.701000000000000068e+00
-1.700000000000000122e-01
2.399999999999999911e-01
-1.241000000000000103e+00
-1.814000000000000057e+00
1.965000000000000080e+00
-1.209999999999999964e-01
-9.010000000000000231e-01
4.109999999999999765e-01
-8.200000000000000344e-02
1.920000000000000040e-01
8.369999999999999662e-01
2.024000000000000021e+00
-9.719999999999999751e-01
-8.709999999999999964e-01
-9.389999999999999458e-01
-7.730000000000000204e-01
7.319999999999999840e-01
1.350000000000000089e-01
7.489999999999999991e-01
8.799999999999999489e-02
-1.380000000000000115e-01
-9.809999999999999831e-01
1.600999999999999979e+00
-8.259999999999999565e-01
2.829999999999999738e-01
-2.389999999999999902e-01
9.200000000000000400e-01
-2.914000000000000146e+00
6.700000000000000400e-01
1.612999999999999989e+00
5.500000000000000444e-01
-4.829999999999999849e-01
-3.000000000000000062e-03
-2.340000000000000135e-01
3.500000000000000333e-02
-1.299999999999999940e-02
-1.407999999999999918e+00
4.050000000000000266e-01
7.429999999999999938e-01
4.949999999999999956e-01
-1.930000000000000049e-01
-7.379999999999999893e-01
6.390000000000000124e-01
-1.400000000000000029e-02
-9.130000000000000338e-01
1.729999999999999871e-01
1.262999999999999901e+00
-2.230000000000000038e-01
-2.599999999999999881e-02
-4.530000000000000138e-01
-5.399999999999999939e-02
1.069999999999999979e-01
2.580000000000000071e-01
1.640000000000000069e-01
-2.630000000000000115e-01
4.060000000000000275e-01
5.919999999999999707e-01
-1.618000000000000105e+00
-1.620000000000000051e-01
6.380000000000000115e-01
3.950000000000000178e-01
-4.319999999999999951e-01
7.299999999999999545e-02
-7.259999999999999787e-01
9.250000000000000444e-01
3.599999999999999728e-02
-7.830000000000000293e-01
5.350000000000000311e-01
-1.509999999999999953e-01
5.490000000000000435e-01
-1.193999999999999950e+00
2.730000000000000204e-01
4.010000000000000231e-01
-4.660000000000000253e-01
1.010999999999999899e+00
-7.099999999999999367e-02
6.690000000000000391e-01
-1.125000000000000000e+00
-5.899999999999999689e-02
7.069999999999999618e-01
-6.169999999999999929e-01
-9.389999999999999458e-01
1.018999999999999906e+00
1.008000000000000007e+00
-1.868000000000000105e+00
5.099999999999999672e-02
6.089999999999999858e-01
1.679000000000000048e+00
7.580000000000000071e-01
-1.985000000000000098e+00
-9.629999999999999671e-01
6.000000000000000125e-03
4.799999999999999822e-01
1.239999999999999991e-01
5.180000000000000160e-01
-1.710000000000000131e-01
-5.320000000000000284e-01
-6.169999999999999929e-01
6.939999999999999503e-01
2.449999999999999956e-01
-2.660000000000000142e-01
8.060000000000000497e-01
3.009999999999999898e-01
-1.193999999999999950e+00
1.048000000000000043e+00
-9.429999999999999494e-01
8.920000000000000151e-01
-8.509999999999999787e-01
-7.469999999999999973e-01
9.379999999999999449e-01
1.118000000000000105e+00
9.599999999999999645e-01
-2.221999999999999975e+00
-6.680000000000000382e-01
9.499999999999999556e-01
-5.669999999999999485e-01
1.200000000000000025e-02
3.890000000000000124e-01
1.070000000000000062e+00
-3.619999999999999885e-01
-7.099999999999999645e-01
-7.069999999999999618e-01
5.729999999999999538e-01
-2.210000000000000020e-01
6.440000000000000169e-01
2.999999999999999889e-02
-3.729999999999999982e-01
8.200000000000000344e-02
5.170000000000000151e-01
-1.099999999999999936e-02
-1.171000000000000041e+00
4.139999999999999791e-01
5.709999999999999520e-01
-2.359999999999999876e-01
2.359999999999999876e-01
-1.469999999999999918e-01
-2.849999999999999756e-01
-9.360000000000000542e-01
9.659999999999999698e-01
5.679999999999999494e-01
1.950000000000000067e-01
-1.100000000000000006e-01
1.559999999999999998e-01
-1.568999999999999950e+00
1.685999999999999943e+00
-5.949999999999999734e-01
4.069999999999999729e-01
6.680000000000000382e-01
-2.334000000000000075e+00
-1.539999999999999980e-01
1.487000000000000099e+00
1.479999999999999982e+00
-9.399999999999999467e-01
-6.760000000000000453e-01
-5.199999999999999761e-02
9.400000000000000022e-02
-5.490000000000000435e-01
-6.179999999999999938e-01
1.141000000000000014e+00
1.089999999999999997e-01
-6.300000000000000044e-01
9.150000000000000355e-01
-1.308000000000000052e+00
7.970000000000000417e-01
5.210000000000000187e-01
-2.750000000000000222e-01
5.240000000000000213e-01
7.059999999999999609e-01
-1.405000000000000027e+00
1.960000000000000075e-01
-4.199999999999999845e-01
9.809999999999999831e-01
-1.600999999999999979e+00
-8.559999999999999831e-01
1.798999999999999932e+00
3.109999999999999987e-01
-4.289999999999999925e-01
9.360000000000000542e-01
-8.619999999999999885e-01
-1.000000000000000021e-03
-1.768999999999999906e+00
1.141999999999999904e+00
1.137999999999999901e+00
-1.471999999999999975e+00
7.349999999999999867e-01
9.300000000000000488e-01
-7.800000000000000266e-01
8.149999999999999467e-01
-8.369999999999999662e-01
8.790000000000000036e-01
-4.709999999999999742e-01
-9.200000000000000400e-01
-6.300000000000000044e-01
1.193999999999999950e+00
2.409999999999999920e-01
1.274999999999999911e+00
-1.108000000000000096e+00
-1.519999999999999962e-01
-2.030000000000000138e-01
-1.096999999999999975e+00
9.539999999999999591e-01
-3.729999999999999982e-01
5.400000000000000355e-01
1.070000000000000062e+00
-1.243000000000000105e+00
-9.619999999999999662e-01
2.097999999999999865e+00
2.049999999999999878e-01
-1.560999999999999943e+00
-2.220000000000000029e-01
5.250000000000000222e-01
-5.530000000000000471e-01
6.760000000000000453e-01
2.409999999999999920e-01
-2.240000000000000047e-01
-3.950000000000000178e-01
-7.199999999999999734e-01
1.344999999999999973e+00
-3.240000000000000102e-01
1.385000000000000009e+00
-9.619999999999999662e-01
-1.657999999999999918e+00
9.030000000000000249e-01
5.310000000000000275e-01
2.199999999999999872e-02
4.010000000000000231e-01
1.539999999999999980e-01
-2.340000000000000135e-01
-6.850000000000000533e-01
-1.839999999999999969e-01
-7.069999999999999618e-01
1.250999999999999890e+00
1.400000000000000029e-02
5.470000000000000417e-01
1.590000000000000024e-01
-3.689999999999999947e-01
2.869999999999999774e-01
-2.459999999999999964e-01
1.640000000000000069e-01
-1.830999999999999961e+00
-9.669999999999999707e-01
1.971999999999999975e+00
6.420000000000000151e-01
-4.660000000000000253e-01
2.220000000000000029e-01
2.000000000000000042e-03
-2.049999999999999878e-01
-1.799999999999999933e-01
1.116000000000000103e+00
-2.751999999999999780e+00
1.449999999999999956e+00
1.189999999999999947e+00
-8.229999999999999538e-01
4.480000000000000093e-01
8.619999999999999885e-01
-1.129999999999999893e+00
-1.056000000000000050e+00
1.247999999999999998e+00
-1.338000000000000078e+00
-3.629999999999999893e-01
1.397000000000000020e+00
5.709999999999999520e-01
-1.278999999999999915e+00
7.510000000000000009e-01
1.219999999999999973e-01
-4.800000000000000100e-02
3.270000000000000129e-01
8.100000000000000255e-02
-8.599999999999999867e-01
-7.620000000000000107e-01
7.459999999999999964e-01
1.893000000000000016e+00
-1.590000000000000024e-01
-1.953999999999999959e+00
1.130000000000000032e-01
1.060000000000000053e+00
-1.776999999999999913e+00
9.120000000000000329e-01
4.020000000000000240e-01
4.729999999999999760e-01
-2.517999999999999794e+00
1.806999999999999940e+00
5.020000000000000018e-01
-1.769999999999999907e-01
4.739999999999999769e-01
-1.064000000000000057e+00
-6.899999999999999467e-01
6.720000000000000417e-01
-6.500000000000000222e-02
2.169999999999999984e-01
8.349999999999999645e-01
8.699999999999999400e-02
-5.140000000000000124e-01
2.859999999999999765e-01
2.959999999999999853e-01
-9.739999999999999769e-01
-6.290000000000000036e-01
2.000999999999999890e+00
-1.104000000000000092e+00
5.600000000000000533e-01
-8.609999999999999876e-01
1.100000000000000006e-01
-3.810000000000000053e-01
5.299999999999999850e-02
7.479999999999999982e-01
-2.139999999999999958e-01
1.469999999999999918e-01
-2.290000000000000091e-01
-1.930000000000000049e-01
6.560000000000000275e-01
-1.459999999999999964e+00
-2.000000000000000042e-02
1.685000000000000053e+00
-5.299999999999999850e-02
-1.016999999999999904e+00
9.679999999999999716e-01
4.700000000000000011e-02
-4.530000000000000138e-01
-9.429999999999999494e-01
-7.970000000000000417e-01
2.032000000000000028e+00
-1.940000000000000058e-01
-8.509999999999999787e-01
5.779999999999999583e-01
6.600000000000000311e-01
-2.500000000000000139e-02
-1.137000000000000011e+00
1.215999999999999970e+00
4.550000000000000155e-01
-1.582000000000000073e+00
-7.489999999999999991e-01
2.610000000000000098e-01
7.750000000000000222e-01
1.690000000000000113e-01
-5.959999999999999742e-01
1.272999999999999909e+00
1.925999999999999934e+00
-8.920000000000000151e-01
-2.962000000000000188e+00
5.399999999999999939e-02
1.084999999999999964e+00
-1.270000000000000018e-01
-1.219999999999999973e-01
1.243000000000000105e+00
1.280000000000000027e-01
-6.710000000000000409e-01
-1.504999999999999893e+00
7.179999999999999716e-01
1.127999999999999892e+00
2.770000000000000240e-01
-1.316999999999999948e+00
-1.080000000000000071e+00
8.179999999999999494e-01
3.449999999999999734e-01
4.759999999999999787e-01
1.100000000000000089e+00
3.699999999999999956e-01
-1.635999999999999899e+00
-3.880000000000000115e-01
1.467999999999999972e+00
-1.278000000000000025e+00
3.320000000000000173e-01
-3.459999999999999742e-01
2.310000000000000109e-01
-2.660000000000000142e-01
1.239999999999999991e-01
2.299999999999999961e-02
5.070000000000000062e-01
9.959999999999999964e-01
-1.225000000000000089e+00
-3.739999999999999991e-01
8.760000000000000009e-01
-8.439999999999999725e-01
-2.479999999999999982e-01
-1.022000000000000020e+00
1.391000000000000014e+00
8.070000000000000506e-01
-1.733999999999999986e+00
7.700000000000000178e-01
6.999999999999999556e-01
2.479999999999999982e-01
1.441999999999999948e+00
-1.780000000000000027e+00
-5.819999999999999618e-01
1.700000000000000122e-01
-1.280000000000000027e-01
-2.810000000000000275e-01
-3.800000000000000044e-01
8.750000000000000000e-01
-4.759999999999999787e-01
1.758999999999999897e+00
-1.764000000000000012e+00
4.570000000000000173e-01
-6.099999999999999867e-01
6.199999999999999956e-01
4.630000000000000226e-01
8.890000000000000124e-01
-9.230000000000000426e-01
-6.360000000000000098e-01
-3.659999999999999920e-01
9.360000000000000542e-01
-1.169000000000000039e+00
1.322000000000000064e+00
-7.499999999999999722e-02
-1.217000000000000082e+00
1.098999999999999977e+00
-7.149999999999999689e-01
6.129999999999999893e-01
6.740000000000000435e-01
-3.300000000000000155e-02
-1.610000000000000042e-01
-5.739999999999999547e-01
-1.018999999999999906e+00
3.089999999999999969e-01
8.579999999999999849e-01
-6.290000000000000036e-01
5.929999999999999716e-01
6.750000000000000444e-01
6.189999999999999947e-01
-1.225000000000000089e+00
8.500000000000000611e-02
-1.449000000000000066e+00
3.240000000000000102e-01
3.689999999999999947e-01
8.400000000000000522e-02
-6.760000000000000453e-01
1.683000000000000052e+00
-1.710000000000000131e-01
5.480000000000000426e-01
-2.052999999999999936e+00
5.410000000000000364e-01
1.479000000000000092e+00
-3.340000000000000191e-01
-8.309999999999999609e-01
1.060000000000000053e+00
-1.854999999999999982e+00
2.037999999999999812e+00
-1.034999999999999920e+00
-6.490000000000000213e-01
5.180000000000000160e-01
6.909999999999999476e-01
-9.110000000000000320e-01
1.127999999999999892e+00
-2.479999999999999982e-01
-4.530000000000000138e-01
-1.536999999999999922e+00
5.300000000000000266e-01
4.040000000000000258e-01
5.050000000000000044e-01
6.580000000000000293e-01
4.359999999999999987e-01
-7.500000000000000000e-01
-4.309999999999999942e-01
3.330000000000000182e-01
-2.859999999999999765e-01
5.600000000000000533e-01
-3.099999999999999978e-02
-1.499999999999999944e-02
5.719999999999999529e-01
-7.690000000000000169e-01
-8.369999999999999662e-01
-5.939999999999999725e-01
3.350000000000000200e-01
2.039000000000000146e+00
-7.419999999999999929e-01
5.020000000000000018e-01
-5.580000000000000515e-01
-5.520000000000000462e-01
-2.230000000000000038e-01
4.460000000000000075e-01
-3.459999999999999742e-01
5.180000000000000160e-01
-8.850000000000000089e-01
1.237999999999999989e+00
6.400000000000000133e-02
4.540000000000000147e-01
2.119999999999999940e-01
-1.618000000000000105e+00
-2.220000000000000029e-01
5.199999999999999761e-02
1.185999999999999943e+00
-7.029999999999999583e-01
-5.110000000000000098e-01
1.189999999999999947e-01
1.409999999999999920e+00
2.369999999999999885e-01
-1.721000000000000085e+00
-1.286000000000000032e+00
1.477000000000000091e+00
1.794999999999999929e+00
-1.159999999999999920e+00
4.769999999999999796e-01
3.089999999999999969e-01
-1.750000000000000000e+00
5.410000000000000364e-01
5.729999999999999538e-01
7.000000000000000146e-03
-1.604999999999999982e+00
1.340000000000000080e-01
9.340000000000000524e-01
1.209000000000000075e+00
-7.149999999999999689e-01
-1.106999999999999984e+00
1.219999999999999973e-01
4.249999999999999889e-01
-1.391999999999999904e+00
1.806999999999999940e+00
1.189999999999999947e-01
1.320999999999999952e+00
-7.149999999999999689e-01
-1.141999999999999904e+00
-8.500000000000000611e-02
3.180000000000000049e-01
5.779999999999999583e-01
-1.680000000000000104e-01
3.220000000000000084e-01
8.489999999999999769e-01
-1.856000000000000094e+00
-8.920000000000000151e-01
-6.119999999999999885e-01
2.311999999999999833e+00
1.078000000000000069e+00
-1.231000000000000094e+00
-1.869999999999999996e-01
-6.009999999999999787e-01
-1.580000000000000016e-01
1.173000000000000043e+00
1.809999999999999942e-01
-2.080000000000000071e+00
7.820000000000000284e-01
2.710000000000000187e-01
7.179999999999999716e-01
-1.040999999999999925e+00
1.209999999999999964e+00
-2.690000000000000169e-01
-2.939999999999999836e-01
1.012000000000000011e+00
-3.920000000000000151e-01
-7.049999999999999600e-01
-7.970000000000000417e-01
-5.610000000000000542e-01
1.885999999999999899e+00
2.570000000000000062e-01
6.540000000000000258e-01
-2.001999999999999780e+00
1.380000000000000115e-01
-1.620000000000000051e-01
-1.789999999999999925e-01
1.951000000000000068e+00
3.220000000000000084e-01
-1.711999999999999966e+00
-5.030000000000000027e-01
1.485000000000000098e+00
3.890000000000000124e-01
-1.877999999999999892e+00
-1.829999999999999960e-01
2.800000000000000058e-02
-1.980000000000000093e-01
1.768999999999999906e+00
7.780000000000000249e-01
-2.375999999999999890e+00
1.020000000000000018e+00
1.548999999999999932e+00
4.709999999999999742e-01
-2.922000000000000153e+00
6.430000000000000160e-01
4.800000000000000100e-02
5.000000000000000104e-03
6.380000000000000115e-01
-7.680000000000000160e-01
-9.479999999999999538e-01
9.629999999999999671e-01
8.469999999999999751e-01
-3.370000000000000218e-01
-1.308000000000000052e+00
7.890000000000000346e-01
2.139999999999999958e-01
3.669999999999999929e-01
3.469999999999999751e-01
4.929999999999999938e-01
-4.380000000000000004e-01
-2.600000000000000089e-01
3.400000000000000244e-02
-7.950000000000000400e-01
-2.819999999999999729e-01
-3.770000000000000018e-01
1.008000000000000007e+00
1.288999999999999924e+00
-1.000000000000000056e-01
-1.407999999999999918e+00
-1.630000000000000060e-01
6.770000000000000462e-01
3.659999999999999920e-01
-4.979999999999999982e-01
6.029999999999999805e-01
-1.125999999999999890e+00
2.500000000000000139e-02
5.320000000000000284e-01
-7.500000000000000000e-01
1.034000000000000030e+00
1.274000000000000021e+00
-1.754000000000000004e+00
-1.201999999999999957e+00
7.600000000000000089e-01
1.211000000000000076e+00
3.330000000000000182e-01
-1.193000000000000060e+00
-1.822999999999999954e+00
1.629000000000000004e+00
3.599999999999999867e-01
6.790000000000000480e-01
7.550000000000000044e-01
-1.675999999999999934e+00
-4.769999999999999796e-01
-2.710000000000000187e-01
-1.370000000000000107e-01
1.564999999999999947e+00
-2.379999999999999893e-01
8.689999999999999947e-01
-4.420000000000000040e-01
-9.589999999999999636e-01
1.955999999999999961e+00
-2.033999999999999808e+00
-9.579999999999999627e-01
5.679999999999999494e-01
1.092999999999999972e+00
3.970000000000000195e-01
-3.089999999999999969e-01
-2.720000000000000195e-01
-9.579999999999999627e-01
3.699999999999999956e-01
-5.500000000000000028e-02
1.195999999999999952e+00
3.280000000000000138e-01
7.499999999999999722e-02
-1.129999999999999893e+00
-3.569999999999999840e-01
1.219999999999999973e-01
-2.869999999999999774e-01
3.699999999999999956e-01
2.349999999999999867e-01
-2.580000000000000071e-01
3.089999999999999969e-01
1.909999999999999920e+00
-3.549999999999999822e-01
-9.360000000000000542e-01
-8.080000000000000515e-01
3.870000000000000107e-01
-1.477000000000000091e+00
5.739999999999999547e-01
2.640000000000000124e-01
1.193000000000000060e+00
8.559999999999999831e-01
-7.129999999999999671e-01
-2.415000000000000036e+00
2.849999999999999756e-01
4.879999999999999893e-01
1.403999999999999915e+00
2.230000000000000038e-01
-1.018999999999999906e+00
-9.979999999999999982e-01
5.729999999999999538e-01
9.949999999999999956e-01
-1.890000000000000013e-01
5.420000000000000373e-01
7.399999999999999634e-02
1.670000000000000095e-01
-1.774999999999999911e+00
5.570000000000000506e-01
1.340000000000000080e+00
-2.140000000000000124e+00
2.740000000000000213e-01
5.899999999999999689e-02
2.331999999999999851e+00
3.489999999999999769e-01
-1.129000000000000004e+00
-2.918000000000000149e+00
8.070000000000000506e-01
1.772999999999999909e+00
-4.460000000000000075e-01
-2.720000000000000195e-01
-5.050000000000000044e-01
2.650000000000000133e-01
1.125000000000000000e+00
4.849999999999999867e-01
-4.800000000000000100e-02
-8.239999999999999547e-01
4.899999999999999911e-01
1.439999999999999891e-01
-5.280000000000000249e-01
-8.499999999999999778e-01
8.999999999999999667e-02
-1.346000000000000085e+00
9.300000000000000488e-01
5.550000000000000488e-01
-2.089999999999999913e-01
1.485000000000000098e+00
-5.729999999999999538e-01
-1.312000000000000055e+00
5.470000000000000417e-01
5.929999999999999716e-01
-1.207000000000000073e+00
1.685999999999999943e+00
-6.209999999999999964e-01
-2.280000000000000082e-01
2.221999999999999975e+00
-3.649999999999999911e-01
-2.771999999999999797e+00
-7.620000000000000107e-01
1.598999999999999977e+00
2.690000000000000169e-01
3.639999999999999902e-01
-4.069999999999999729e-01
-1.183000000000000052e+00
1.151999999999999913e+00
3.270000000000000129e-01
4.060000000000000275e-01
9.399999999999999467e-01
-1.366000000000000103e+00
-2.469999999999999973e-01
-1.227999999999999980e+00
4.500000000000000111e-01
1.140000000000000041e-01
1.401000000000000023e+00
1.219000000000000083e+00
-1.237999999999999989e+00
-9.929999999999999938e-01
-9.900000000000000466e-02
8.770000000000000018e-01
1.700000000000000122e-02
-1.189999999999999947e+00
-6.550000000000000266e-01
1.147999999999999909e+00
1.320000000000000062e-01
4.620000000000000218e-01
2.369999999999999885e-01
1.459999999999999909e-01
-3.760000000000000009e-01
-8.669999999999999929e-01
-9.919999999999999929e-01
4.620000000000000218e-01
6.590000000000000302e-01
1.266000000000000014e+00
-1.570000000000000007e-01
-1.110999999999999988e+00
7.920000000000000373e-01
-1.114000000000000101e+00
-8.960000000000000187e-01
2.161999999999999922e+00
1.562999999999999945e+00
-6.219999999999999973e-01
-1.697000000000000064e+00
-4.630000000000000226e-01
2.400000000000000050e-02
1.358000000000000096e+00
-1.149999999999999911e+00
1.530000000000000027e+00
-1.377000000000000002e+00
-6.730000000000000426e-01
2.439999999999999947e-01
1.346999999999999975e+00
-8.990000000000000213e-01
6.239999999999999991e-01
3.499999999999999778e-01
-1.596999999999999975e+00
5.999999999999999778e-02
-8.810000000000000053e-01
7.399999999999999634e-02
2.483999999999999986e+00
2.367999999999999883e+00
-3.669000000000000039e+00
9.399999999999999467e-01
1.620000000000000051e-01
8.419999999999999707e-01
-1.977000000000000091e+00
1.849999999999999978e-01
6.959999999999999520e-01
-1.700000000000000122e-02
-5.200000000000000178e-01
-1.306000000000000050e+00
8.940000000000000169e-01
3.160000000000000031e-01
-2.200000000000000011e-01
8.159999999999999476e-01
1.040000000000000036e+00
-1.792000000000000037e+00
3.729999999999999982e-01
-1.274000000000000021e+00
1.483000000000000096e+00
2.500000000000000139e-02
-6.700000000000000400e-02
1.340000000000000080e-01
-4.829999999999999849e-01
2.232000000000000206e+00
-8.419999999999999707e-01
-1.917999999999999927e+00
-1.360000000000000098e-01
1.108000000000000096e+00
5.030000000000000027e-01
-5.889999999999999680e-01
-3.489999999999999769e-01
6.939999999999999503e-01
-3.920000000000000151e-01
1.079999999999999988e-01
-1.975999999999999979e+00
9.909999999999999920e-01
2.630999999999999783e+00
-1.098999999999999977e+00
-1.455999999999999961e+00
1.536000000000000032e+00
1.469999999999999918e-01
-1.915999999999999925e+00
-1.054000000000000048e+00
4.339999999999999969e-01
1.707000000000000073e+00
1.836000000000000076e+00
-1.149000000000000021e+00
-6.969999999999999529e-01
2.300000000000000100e-01
6.450000000000000178e-01
-1.868000000000000105e+00
1.328999999999999959e+00
-1.099999999999999936e-02
-1.139000000000000012e+00
4.889999999999999902e-01
4.829999999999999849e-01
1.151999999999999913e+00
-1.165000000000000036e+00
-6.149999999999999911e-01
9.000000000000000222e-01
-9.080000000000000293e-01
-5.060000000000000053e-01
5.909999999999999698e-01
1.108999999999999986e+00
-6.109999999999999876e-01
-1.399999999999999911e+00
8.999999999999999320e-03
5.999999999999999778e-01
2.362000000000000099e+00
6.440000000000000169e-01
-1.221999999999999975e+00
-8.629999999999999893e-01
-1.245000000000000107e+00
1.977999999999999980e+00
-1.175000000000000044e+00
-8.609999999999999876e-01
-9.509999999999999565e-01
1.336000000000000076e+00
2.770000000000000240e-01
1.859999999999999987e-01
1.441000000000000059e+00
-9.120000000000000329e-01
-1.899999999999999953e-02
-1.445000000000000062e+00
3.109999999999999987e-01
1.800000000000000044e+00
-6.129999999999999893e-01
-3.340000000000000191e-01
-5.000000000000000000e-01
1.719999999999999862e-01
1.819999999999999951e-01
1.375000000000000000e+00
1.014000000000000012e+00
-1.514999999999999902e+00
-1.911999999999999922e+00
8.500000000000000611e-02
1.911000000000000032e+00
-2.129999999999999949e-01
2.119999999999999940e-01
-1.947000000000000064e+00
-4.939999999999999947e-01
1.743000000000000105e+00
1.372999999999999998e+00
-2.192000000000000171e+00
8.400000000000000522e-02
1.534999999999999920e+00
5.080000000000000071e-01
-1.241999999999999993e+00
-7.199999999999999456e-02
-1.195999999999999952e+00
1.913000000000000034e+00
-2.079999999999999905e-01
-3.400000000000000244e-02
-4.610000000000000209e-01
1.298999999999999932e+00
-1.554999999999999938e+00
-1.832000000000000073e+00
2.199999999999999872e-02
1.395000000000000018e+00
3.980000000000000204e-01
5.540000000000000480e-01
1.743999999999999995e+00
-6.570000000000000284e-01
-1.743999999999999995e+00
3.799999999999999906e-02
-6.000000000000000125e-03
-8.699999999999999400e-02
-1.499999999999999944e-01
9.900000000000000466e-02
5.440000000000000391e-01
1.774999999999999911e+00
-1.302000000000000046e+00
-1.643000000000000016e+00
1.900000000000000022e-01
4.580000000000000182e-01
-5.699999999999999512e-01
8.399999999999999689e-01
1.691000000000000059e+00
-6.570000000000000284e-01
-2.015000000000000124e+00
9.060000000000000275e-01
4.030000000000000249e-01
-3.469999999999999751e-01
1.695999999999999952e+00
1.700000000000000122e-01
-1.576000000000000068e+00
-1.058000000000000052e+00
6.109999999999999876e-01
-9.050000000000000266e-01
1.235999999999999988e+00
1.147000000000000020e+00
-1.024000000000000021e+00
-4.800000000000000100e-02
4.739999999999999769e-01
-2.024999999999999911e+00
1.745999999999999996e+00
-2.408999999999999808e+00
1.102000000000000091e+00
7.630000000000000115e-01
1.276999999999999913e+00
4.410000000000000031e-01
-5.800000000000000294e-02
-1.814999999999999947e+00
-9.819999999999999840e-01
7.840000000000000302e-01
-1.859999999999999987e-01
1.151000000000000023e+00
1.106000000000000094e+00
-5.700000000000000205e-02
-9.050000000000000266e-01
-1.828000000000000069e+00
6.840000000000000524e-01
1.403999999999999915e+00
4.610000000000000209e-01
-8.189999999999999503e-01
-1.290000000000000036e-01
6.520000000000000240e-01
-2.262000000000000011e+00
1.012000000000000011e+00
7.710000000000000187e-01
2.169999999999999984e-01
-8.549999999999999822e-01
1.570000000000000007e-01
1.499999999999999944e-02
1.324999999999999956e+00
4.159999999999999809e-01
-2.693999999999999950e+00
1.040000000000000036e+00
-5.520000000000000462e-01
4.299999999999999933e-01
9.310000000000000497e-01
-1.739999999999999991e+00
-1.080000000000000071e+00
1.901999999999999913e+00
1.221000000000000085e+00
-9.300000000000000488e-01
3.109999999999999987e-01
4.309999999999999942e-01
-1.302000000000000046e+00
4.889999999999999902e-01
-1.239999999999999991e-01
1.260999999999999899e+00
-6.239999999999999991e-01
-9.699999999999999734e-01
1.411999999999999922e+00
2.400000000000000050e-02
-8.709999999999999964e-01
-1.120000000000000023e-01
-1.526000000000000023e+00
5.200000000000000178e-01
1.804000000000000048e+00
-8.549999999999999822e-01
3.449999999999999734e-01
-8.729999999999999982e-01
9.340000000000000524e-01
-6.260000000000000009e-01
-9.439999999999999503e-01
1.417999999999999927e+00
-1.630000000000000060e-01
-6.929999999999999494e-01
4.779999999999999805e-01
9.569999999999999618e-01
2.879999999999999782e-01
-1.465999999999999970e+00
-5.879999999999999671e-01
2.052000000000000046e+00
-1.747000000000000108e+00
1.211999999999999966e+00
-9.400000000000000022e-02
-1.576000000000000068e+00
2.700000000000000178e-01
1.870000000000000107e+00
-8.269999999999999574e-01
-8.559999999999999831e-01
-5.649999999999999467e-01
1.653000000000000025e+00
2.030000000000000138e-01
-8.899999999999999578e-02
-4.089999999999999747e-01
1.671999999999999931e+00
-7.299999999999999822e-01
-1.475000000000000089e+00
-9.979999999999999982e-01
-1.089999999999999997e-01
1.379000000000000004e+00
1.872999999999999998e+00
-1.651999999999999913e+00
5.310000000000000275e-01
-7.580000000000000071e-01
-3.930000000000000160e-01
9.769999999999999796e-01
1.433999999999999941e+00
-1.018999999999999906e+00
6.500000000000000222e-02
-1.078000000000000069e+00
