2000
1998
1995
1990
1989
1975
1974
1971
1956
1953
1950
1946
1922
1918
1917
1916
1910
1909
1908
1894
1893
1892
1890
1887
1880
1879
1875
1874
1873
1871
1870
1868
1867
1863
1861
1860
1847
1820
1819
1811
1810
1809
1808
1805
1802
1801
1790
1788
1787
1786
1780
1779
1765
1763
1755
1753
1752
1750
1745
1743
1742
1741
1740
1739
1733
1716
1715
1708
1696
1685
1676
1663
1654
1645
1644
1642
1641
1637
1632
1631
1630
1629
1626
1625
1624
1623
1622
1611
1600
1593
1592
1584
1583
1581
1580
1579
1578
1577
1576
1573
1572
1571
1566
1561
1560
1549
1548
1546
1544
1542
1541
1540
1538
1535
1533
1532
1531
1528
