2002
1997
1992
1991
1987
1985
1983
1982
1980
1979
1977
1976
1973
1972
1969
1968
1967
1966
1965
1964
1959
1958
1957
1952
1951
1949
1947
1944
1942
1941
1940
1939
1938
1937
1935
1933
1931
1930
1926
1925
1924
1920
1919
1918
1915
1914
1913
1912
1911
1906
1905
1904
1903
1902
1901
1900
1899
1897
1896
1891
1889
1888
1885
1884
1881
1878
1877
1876
1874
1868
1866
1865
1864
1860
1858
1857
1856
1853
1852
1848
1847
1846
1845
1844
1838
1837
1833
1832
1829
1824
1817
1816
1815
1814
1812
1807
1806
1804
1803
1799
1798
1794
1793
1792
1791
1784
1783
1782
1777
1770
1769
1768
1766
1754
1748
1747
1746
1744
1738
1737
1734
1729
1728
1726
1724
1723
1722
1721
1720
1719
1718
1714
1713
1712
1710
1709
1707
1700
1695
1694
1692
1687
1684
1669
1665
1661
1660
1659
1652
1651
1650
1648
1646
1642
1641
1639
1638
1635
1630
1621
1620
1619
1618
1614
1609
1608
1607
1601
1597
1596
1594
1591
1585
1584
1583
1574
1567
1565
1563
1559
1558
1556
1554
1544
1540
1539
1527
1526
1525
