7.040944213867187500e+02
7.087545776367187500e+02
6.489542236328125000e+02
6.761374511718750000e+02
6.822540283203125000e+02
7.670092773437500000e+02
7.250304565429687500e+02
7.322290039062500000e+02
7.392678833007812500e+02
6.349486083984375000e+02
6.618834838867187500e+02
6.397830200195312500e+02
7.047064819335937500e+02
6.462785644531250000e+02
5.588884277343750000e+02
7.052350463867187500e+02
6.525537109375000000e+02
6.838806152343750000e+02
6.621569213867187500e+02
7.208313598632812500e+02
6.567535400390625000e+02
6.761081542968750000e+02
6.060043945312500000e+02
6.863572387695312500e+02
6.958558959960937500e+02
6.736792602539062500e+02
6.522711181640625000e+02
7.069023437500000000e+02
6.970263671875000000e+02
6.708804321289062500e+02
6.739573364257812500e+02
7.439664916992187500e+02
6.915794677734375000e+02
6.909991455078125000e+02
6.874636840820312500e+02
6.842385864257812500e+02
6.908873901367187500e+02
6.964800415039062500e+02
7.379189453125000000e+02
6.707456054687500000e+02
6.534191284179687500e+02
6.940222778320312500e+02
6.548277587890625000e+02
6.582839965820312500e+02
7.046621704101562500e+02
7.031288452148437500e+02
6.596988525390625000e+02
7.433618774414062500e+02
7.015568237304687500e+02
7.268725585937500000e+02
7.482941284179687500e+02
7.029328002929687500e+02
6.600613403320312500e+02
6.875738525390625000e+02
6.325158081054687500e+02
7.018351440429687500e+02
7.082568969726562500e+02
6.362561645507812500e+02
6.558395996093750000e+02
6.483884277343750000e+02
7.289639282226562500e+02
6.897236328125000000e+02
6.960662231445312500e+02
6.461870727539062500e+02
6.924811401367187500e+02
7.207116088867187500e+02
7.329472045898437500e+02
7.174118041992187500e+02
6.733218383789062500e+02
6.966904907226562500e+02
7.120747680664062500e+02
6.924658203125000000e+02
7.419954833984375000e+02
7.115406494140625000e+02
7.529747314453125000e+02
7.293581542968750000e+02
7.305566406250000000e+02
6.389215087890625000e+02
7.106714477539062500e+02
6.618086547851562500e+02
6.816296386718750000e+02
7.288325805664062500e+02
7.122594604492187500e+02
7.967705078125000000e+02
7.123696289062500000e+02
6.989025268554687500e+02
6.867623901367187500e+02
7.844788818359375000e+02
7.056566772460937500e+02
7.245368041992187500e+02
6.610800170898437500e+02
6.248074951171875000e+02
7.081308593750000000e+02
7.223490600585937500e+02
6.783748168945312500e+02
7.062727661132812500e+02
7.076610107421875000e+02
7.310090332031250000e+02
6.820586547851562500e+02
7.996880493164062500e+02
7.123178710937500000e+02
7.131241455078125000e+02
6.976425170898437500e+02
6.723611450195312500e+02
7.399950561523437500e+02
7.414973754882812500e+02
7.245529174804687500e+02
6.848992309570312500e+02
6.912503662109375000e+02
7.117808837890625000e+02
7.581431274414062500e+02
6.318034057617187500e+02
5.957766113281250000e+02
6.900092163085937500e+02
6.394895019531250000e+02
6.271812744140625000e+02
6.091918945312500000e+02
6.456488647460937500e+02
7.419137573242187500e+02
6.774944458007812500e+02
6.794915771484375000e+02
6.819259643554687500e+02
7.206593017578125000e+02
7.331735839843750000e+02
7.205411987304687500e+02
7.144759521484375000e+02
6.754412231445312500e+02
6.810398559570312500e+02
7.121528930664062500e+02
7.008609619140625000e+02
6.478630981445312500e+02
6.198621215820312500e+02
7.458195190429687500e+02
7.116958007812500000e+02
7.470529785156250000e+02
7.544791870117187500e+02
6.581307373046875000e+02
7.664718017578125000e+02
7.006904907226562500e+02
5.698872680664062500e+02
6.489817504882812500e+02
6.824726562500000000e+02
6.059439086914062500e+02
7.684025268554687500e+02
7.156703491210937500e+02
6.237366333007812500e+02
6.338671875000000000e+02
6.264251708984375000e+02
6.907587890625000000e+02
6.706277465820312500e+02
6.438693847656250000e+02
6.505005493164062500e+02
7.209013671875000000e+02
7.287389526367187500e+02
6.972963867187500000e+02
6.622673950195312500e+02
7.510959472656250000e+02
7.105159301757812500e+02
6.443442382812500000e+02
6.148070678710937500e+02
6.554136352539062500e+02
6.742066040039062500e+02
7.232482910156250000e+02
6.806853027343750000e+02
6.845328979492187500e+02
6.289494018554687500e+02
6.983418579101562500e+02
6.418737792968750000e+02
6.271752319335937500e+02
6.231533203125000000e+02
6.261605224609375000e+02
6.336364135742187500e+02
6.844786987304687500e+02
6.521602172851562500e+02
7.104766845703125000e+02
7.201702270507812500e+02
6.937317504882812500e+02
6.853820800781250000e+02
7.530540771484375000e+02
7.079353027343750000e+02
6.629281005859375000e+02
6.601019287109375000e+02
7.740291748046875000e+02
8.336791992187500000e+02
7.964260864257812500e+02
6.929505615234375000e+02
7.175777587890625000e+02
7.355711059570312500e+02
6.827621459960937500e+02
7.893881225585937500e+02
6.627872924804687500e+02
6.845800170898437500e+02
7.136802978515625000e+02
7.744971923828125000e+02
7.239295654296875000e+02
6.952102661132812500e+02
7.135799560546875000e+02
6.732436523437500000e+02
7.630159301757812500e+02
7.048669433593750000e+02
6.584672241210937500e+02
6.688225708007812500e+02
7.170682983398437500e+02
7.106376342773437500e+02
6.351270751953125000e+02
7.188369140625000000e+02
6.707680053710937500e+02
6.626795043945312500e+02
6.982428588867187500e+02
6.812670898437500000e+02
6.695900878906250000e+02
7.017195434570312500e+02
7.119768066406250000e+02
7.238009033203125000e+02
7.498344726562500000e+02
7.113169555664062500e+02
6.697697753906250000e+02
6.783621215820312500e+02
6.774879150390625000e+02
6.635925292968750000e+02
6.413906250000000000e+02
7.145364990234375000e+02
6.920405273437500000e+02
7.538917846679687500e+02
6.681882324218750000e+02
6.931600341796875000e+02
7.511442871093750000e+02
7.090466918945312500e+02
7.440576782226562500e+02
6.583464965820312500e+02
7.129747314453125000e+02
7.001148681640625000e+02
7.593445434570312500e+02
7.317458496093750000e+02
6.673275146484375000e+02
6.739313354492187500e+02
7.109090576171875000e+02
7.076174316406250000e+02
6.979216308593750000e+02
7.113599853515625000e+02
7.186742553710937500e+02
6.310848999023437500e+02
7.060125732421875000e+02
6.514596557617187500e+02
6.837341308593750000e+02
6.985578613281250000e+02
7.643168945312500000e+02
6.815502319335937500e+02
6.274040527343750000e+02
6.575853881835937500e+02
6.486364135742187500e+02
6.407501831054687500e+02
6.672331542968750000e+02
7.118945922851562500e+02
6.983893432617187500e+02
7.717389526367187500e+02
7.789438476562500000e+02
6.876951293945312500e+02
7.204656982421875000e+02
7.181707153320312500e+02
6.862128295898437500e+02
6.591918945312500000e+02
7.063631591796875000e+02
6.665207519531250000e+02
6.734527587890625000e+02
6.995805053710937500e+02
6.809698486328125000e+02
7.064254760742187500e+02
7.539520263671875000e+02
7.368638305664062500e+02
7.097543945312500000e+02
6.770847167968750000e+02
7.009989624023437500e+02
6.636471557617187500e+02
6.685710449218750000e+02
6.712547607421875000e+02
6.829244995117187500e+02
7.214701538085937500e+02
6.902874755859375000e+02
7.220940551757812500e+02
6.636048583984375000e+02
7.785562133789062500e+02
6.548765869140625000e+02
6.651163940429687500e+02
7.243611450195312500e+02
6.936342773437500000e+02
7.043879394531250000e+02
7.330339965820312500e+02
6.863618164062500000e+02
6.533346557617187500e+02
6.812101440429687500e+02
7.843430786132812500e+02
6.811897583007812500e+02
7.226852416992187500e+02
6.427348022460937500e+02
6.618701782226562500e+02
6.996712036132812500e+02
7.216068725585937500e+02
7.257515258789062500e+02
6.211436157226562500e+02
6.660562133789062500e+02
6.854644165039062500e+02
6.698087158203125000e+02
6.746295776367187500e+02
7.038999023437500000e+02
7.110758056640625000e+02
6.558190917968750000e+02
6.885608520507812500e+02
6.611512451171875000e+02
7.013040161132812500e+02
7.416575927734375000e+02
7.565449218750000000e+02
7.053400268554687500e+02
6.689844360351562500e+02
6.336317749023437500e+02
6.947001342773437500e+02
6.961145629882812500e+02
6.745953369140625000e+02
6.814730224609375000e+02
7.239134521484375000e+02
7.102893676757812500e+02
6.814750976562500000e+02
6.558640747070312500e+02
7.063818359375000000e+02
7.011121826171875000e+02
6.764505004882812500e+02
6.602231445312500000e+02
6.844138793945312500e+02
7.657848510742187500e+02
7.028162231445312500e+02
6.147025756835937500e+02
8.013514404296875000e+02
6.725173950195312500e+02
6.901931762695312500e+02
6.342834472656250000e+02
6.873414916992187500e+02
7.238920288085937500e+02
7.212604370117187500e+02
7.166152954101562500e+02
6.841637573242187500e+02
6.803193969726562500e+02
6.424334716796875000e+02
6.701203613281250000e+02
6.317364501953125000e+02
6.689866943359375000e+02
6.993970336914062500e+02
7.019993286132812500e+02
6.305344848632812500e+02
6.682619018554687500e+02
8.312828369140625000e+02
7.427390136718750000e+02
7.389960327148437500e+02
8.154371948242187500e+02
7.281419677734375000e+02
7.140759887695312500e+02
6.575472412109375000e+02
7.492697143554687500e+02
6.903817749023437500e+02
7.118217163085937500e+02
6.887811279296875000e+02
7.170513916015625000e+02
6.864197387695312500e+02
6.625500488281250000e+02
6.709882202148437500e+02
6.951619873046875000e+02
7.024051513671875000e+02
6.413474731445312500e+02
6.445081787109375000e+02
6.877774047851562500e+02
6.391253051757812500e+02
7.559508666992187500e+02
7.012919921875000000e+02
6.872631835937500000e+02
6.980683593750000000e+02
7.236594848632812500e+02
6.295560913085937500e+02
6.553615722656250000e+02
6.632014770507812500e+02
6.655009155273437500e+02
7.485903930664062500e+02
7.092525024414062500e+02
7.512497558593750000e+02
7.053280639648437500e+02
7.047281494140625000e+02
6.770480957031250000e+02
6.881408081054687500e+02
7.227178955078125000e+02
6.543544311523437500e+02
6.575975341796875000e+02
6.340256347656250000e+02
6.761043701171875000e+02
6.829385986328125000e+02
6.980128173828125000e+02
7.369459228515625000e+02
6.707313842773437500e+02
6.663405761718750000e+02
6.892064819335937500e+02
6.731383056640625000e+02
7.348598022460937500e+02
7.504735107421875000e+02
7.215076293945312500e+02
8.188199462890625000e+02
7.390945434570312500e+02
7.491331176757812500e+02
6.774717407226562500e+02
6.523728027343750000e+02
6.410648193359375000e+02
5.822886352539062500e+02
5.698735351562500000e+02
7.233593750000000000e+02
6.868235473632812500e+02
6.810111083984375000e+02
6.972002563476562500e+02
7.746350097656250000e+02
6.978314819335937500e+02
6.881705322265625000e+02
7.310690307617187500e+02
7.159357299804687500e+02
6.905607910156250000e+02
7.394296875000000000e+02
7.929574584960937500e+02
6.080257568359375000e+02
7.321538696289062500e+02
7.942388305664062500e+02
8.286507568359375000e+02
6.890292968750000000e+02
7.120661010742187500e+02
6.787371826171875000e+02
7.341450805664062500e+02
6.395261840820312500e+02
5.550900268554687500e+02
7.610473632812500000e+02
6.907641601562500000e+02
6.946191406250000000e+02
7.405797119140625000e+02
6.644625244140625000e+02
6.679063720703125000e+02
6.640640869140625000e+02
6.624730224609375000e+02
7.362541503906250000e+02
7.516549682617187500e+02
7.138362426757812500e+02
6.825889892578125000e+02
7.617499389648437500e+02
6.713534545898437500e+02
6.688601684570312500e+02
6.917687988281250000e+02
7.657593383789062500e+02
6.258939208984375000e+02
6.381767578125000000e+02
5.551397094726562500e+02
7.657442626953125000e+02
7.154863281250000000e+02
6.885889892578125000e+02
6.862011718750000000e+02
7.437178955078125000e+02
6.843393554687500000e+02
6.423485717773437500e+02
6.072084350585937500e+02
7.570234985351562500e+02
6.373027343750000000e+02
7.408654174804687500e+02
6.820971069335937500e+02
7.477918701171875000e+02
7.435562133789062500e+02
6.738869018554687500e+02
6.929389038085937500e+02
7.479499511718750000e+02
7.410092773437500000e+02
7.037533569335937500e+02
6.836520385742187500e+02
6.023413085937500000e+02
6.592250366210937500e+02
6.289451904296875000e+02
7.001510620117187500e+02
7.085515136718750000e+02
6.859389038085937500e+02
7.390137939453125000e+02
7.000417480468750000e+02
7.767647094726562500e+02
6.995324096679687500e+02
6.261204223632812500e+02
6.188244018554687500e+02
7.706473999023437500e+02
7.987600097656250000e+02
6.410177612304687500e+02
8.589033203125000000e+02
6.498052978515625000e+02
7.929334106445312500e+02
7.803920898437500000e+02
6.862994384765625000e+02
7.811248779296875000e+02
6.886897583007812500e+02
7.389788208007812500e+02
7.702625732421875000e+02
5.570692138671875000e+02
7.070466308593750000e+02
8.044511718750000000e+02
6.433927612304687500e+02
7.085221557617187500e+02
7.346072387695312500e+02
7.425292968750000000e+02
5.746158447265625000e+02
7.201622924804687500e+02
6.578844604492187500e+02
7.360568847656250000e+02
7.500290527343750000e+02
7.082578735351562500e+02
7.126137695312500000e+02
7.007777709960937500e+02
6.791505737304687500e+02
7.241811523437500000e+02
6.984313964843750000e+02
7.029870605468750000e+02
7.006536865234375000e+02
7.253280029296875000e+02
6.908737792968750000e+02
6.897993774414062500e+02
7.653506469726562500e+02
6.441907348632812500e+02
8.223366699218750000e+02
7.024867553710937500e+02
5.960332641601562500e+02
5.543522949218750000e+02
8.521262207031250000e+02
6.709983520507812500e+02
7.536809082031250000e+02
5.229653930664062500e+02
6.628372802734375000e+02
5.831195678710937500e+02
6.122352294921875000e+02
6.179996337890625000e+02
5.595583496093750000e+02
6.500812988281250000e+02
6.653125000000000000e+02
6.534629516601562500e+02
7.187150268554687500e+02
6.777011718750000000e+02
7.129086914062500000e+02
6.190916748046875000e+02
6.761691284179687500e+02
7.223329467773437500e+02
7.151699218750000000e+02
8.116145019531250000e+02
