1.300000000000000000e+03,0.000000000000000000e+00,9.247306307469961573e-02
1.301000000000000000e+03,0.000000000000000000e+00,-1.414946650301730280e+00
1.302000000000000000e+03,0.000000000000000000e+00,-1.868061023870676740e+00
1.303000000000000000e+03,0.000000000000000000e+00,-5.403075762666832427e-01
1.304000000000000000e+03,0.000000000000000000e+00,3.363058523372918218e-01
1.305000000000000000e+03,0.000000000000000000e+00,-1.622186763169958246e-01
1.306000000000000000e+03,0.000000000000000000e+00,-1.582766788660599389e+00
1.307000000000000000e+03,0.000000000000000000e+00,-9.519605038881444603e-01
1.308000000000000000e+03,0.000000000000000000e+00,2.978059382431982871e-01
1.309000000000000000e+03,0.000000000000000000e+00,1.596931244597737942e+00
1.310000000000000000e+03,0.000000000000000000e+00,1.227726940208225814e+00
1.311000000000000000e+03,0.000000000000000000e+00,-9.805886451375985802e-01
1.312000000000000000e+03,0.000000000000000000e+00,-1.154331847203251327e+00
1.313000000000000000e+03,0.000000000000000000e+00,-2.081291317314887035e+00
1.314000000000000000e+03,0.000000000000000000e+00,-1.575856547669351793e+00
1.315000000000000000e+03,0.000000000000000000e+00,-9.035888169494116218e-01
1.316000000000000000e+03,0.000000000000000000e+00,-5.245127397152602455e-01
1.317000000000000000e+03,0.000000000000000000e+00,1.783574868230620447e-01
1.318000000000000000e+03,0.000000000000000000e+00,-4.544231525183208276e-01
1.319000000000000000e+03,0.000000000000000000e+00,-1.636074362021652018e+00
1.320000000000000000e+03,0.000000000000000000e+00,-1.054626941472393664e+00
1.321000000000000000e+03,0.000000000000000000e+00,-4.791025846299192259e-01
1.322000000000000000e+03,0.000000000000000000e+00,-1.341895531251399154e+00
1.323000000000000000e+03,0.000000000000000000e+00,9.049199681885187196e-01
1.324000000000000000e+03,0.000000000000000000e+00,7.153819295714430870e-01
1.325000000000000000e+03,0.000000000000000000e+00,1.315585718525515979e+00
1.326000000000000000e+03,0.000000000000000000e+00,2.395624784598260615e-01
1.327000000000000000e+03,0.000000000000000000e+00,-4.771282300609913651e-01
1.328000000000000000e+03,0.000000000000000000e+00,-8.769350302688853072e-01
1.329000000000000000e+03,0.000000000000000000e+00,-1.594612916074166664e+00
1.330000000000000000e+03,0.000000000000000000e+00,-1.511690024179195957e+00
1.331000000000000000e+03,0.000000000000000000e+00,1.220816699216978440e+00
1.332000000000000000e+03,0.000000000000000000e+00,8.318688491381874828e-01
1.333000000000000000e+03,0.000000000000000000e+00,4.883311541447378779e-01
1.334000000000000000e+03,0.000000000000000000e+00,-7.634096425555326748e-01
1.335000000000000000e+03,0.000000000000000000e+00,-5.195768532929405659e-01
1.336000000000000000e+03,0.000000000000000000e+00,-6.765380415227063571e-01
1.337000000000000000e+03,0.000000000000000000e+00,-2.069445189901319981e+00
1.338000000000000000e+03,0.000000000000000000e+00,-1.186908697590561168e+00
1.339000000000000000e+03,0.000000000000000000e+00,-2.203950192311692272e-02
1.340000000000000000e+03,0.000000000000000000e+00,1.990882097968047215e-01
1.341000000000000000e+03,0.000000000000000000e+00,-1.814753450509624111e+00
1.342000000000000000e+03,0.000000000000000000e+00,-8.966785759581640258e-01
1.343000000000000000e+03,0.000000000000000000e+00,1.494264807013488516e+00
1.344000000000000000e+03,0.000000000000000000e+00,8.407534446983629950e-01
1.345000000000000000e+03,1.000000000000000000e+00,-3.793976788990616744e-01
1.346000000000000000e+03,0.000000000000000000e+00,-1.922355774516193438e+00
1.347000000000000000e+03,0.000000000000000000e+00,2.533829604423211701e-01
1.348000000000000000e+03,0.000000000000000000e+00,2.296839939282668386e+00
1.349000000000000000e+03,0.000000000000000000e+00,-5.264870942841881618e-01
1.350000000000000000e+03,0.000000000000000000e+00,-6.400124819975407942e-01
1.351000000000000000e+03,0.000000000000000000e+00,2.760880379849916522e-01
1.352000000000000000e+03,0.000000000000000000e+00,-3.586669559253189976e-01
1.353000000000000000e+03,0.000000000000000000e+00,-7.337943240216147078e-01
1.354000000000000000e+03,0.000000000000000000e+00,-2.856158368749877607e-01
1.355000000000000000e+03,0.000000000000000000e+00,1.526908774269996882e-01
1.356000000000000000e+03,0.000000000000000000e+00,1.074714461116315745e+00
1.357000000000000000e+03,0.000000000000000000e+00,5.969206554357707750e-01
1.358000000000000000e+03,0.000000000000000000e+00,-1.882868683137636001e+00
1.359000000000000000e+03,0.000000000000000000e+00,-1.313267390001944701e+00
1.360000000000000000e+03,0.000000000000000000e+00,-4.129617065708354740e-01
1.361000000000000000e+03,0.000000000000000000e+00,-6.123715180325506324e-01
1.362000000000000000e+03,0.000000000000000000e+00,7.499331345276807337e-01
1.363000000000000000e+03,0.000000000000000000e+00,-3.961796927349486297e-01
1.364000000000000000e+03,0.000000000000000000e+00,-2.125647178246565516e-01
1.365000000000000000e+03,0.000000000000000000e+00,-1.389280040905668034e+00
1.366000000000000000e+03,0.000000000000000000e+00,-1.429754309568689319e+00
1.367000000000000000e+03,0.000000000000000000e+00,-1.563023242971320670e+00
1.368000000000000000e+03,0.000000000000000000e+00,-1.535382279006330508e+00
1.369000000000000000e+03,0.000000000000000000e+00,9.325609321535089924e-01
1.370000000000000000e+03,0.000000000000000000e+00,7.252537024160824464e-01
1.371000000000000000e+03,0.000000000000000000e+00,2.958315836742703708e-01
1.372000000000000000e+03,0.000000000000000000e+00,1.056945269995964942e+00
1.373000000000000000e+03,0.000000000000000000e+00,4.133056805254787247e-01
1.374000000000000000e+03,0.000000000000000000e+00,2.800367471228474292e-01
1.375000000000000000e+03,0.000000000000000000e+00,-1.908468175664499444e-01
1.376000000000000000e+03,0.000000000000000000e+00,-4.415898478202896493e-01
1.377000000000000000e+03,0.000000000000000000e+00,-1.562956126102122145e-01
1.378000000000000000e+03,0.000000000000000000e+00,6.749076609084216916e-01
1.379000000000000000e+03,0.000000000000000000e+00,3.521006888887147079e-01
1.380000000000000000e+03,0.000000000000000000e+00,-7.426789195817899980e-01
1.381000000000000000e+03,0.000000000000000000e+00,-9.717040495774232900e-01
1.382000000000000000e+03,0.000000000000000000e+00,1.326444668654619408e+00
1.383000000000000000e+03,0.000000000000000000e+00,1.084586233960955104e+00
1.384000000000000000e+03,0.000000000000000000e+00,-9.470246174658246696e-01
1.385000000000000000e+03,0.000000000000000000e+00,-1.787112486544634171e+00
1.386000000000000000e+03,0.000000000000000000e+00,-7.258969057459032648e-01
1.387000000000000000e+03,0.000000000000000000e+00,-4.583718616561765491e-01
1.388000000000000000e+03,0.000000000000000000e+00,5.742155778931002930e-01
1.389000000000000000e+03,0.000000000000000000e+00,2.066827632002571136e+00
1.390000000000000000e+03,0.000000000000000000e+00,1.754879610111967470e+00
1.391000000000000000e+03,0.000000000000000000e+00,3.599981071644262065e-01
1.392000000000000000e+03,0.000000000000000000e+00,-3.132568008399779780e-01
1.393000000000000000e+03,0.000000000000000000e+00,-3.517567149340714572e-01
1.394000000000000000e+03,0.000000000000000000e+00,-2.895645460128434823e-01
1.395000000000000000e+03,0.000000000000000000e+00,7.973176441819497251e-01
1.396000000000000000e+03,0.000000000000000000e+00,6.196257329784412571e-01
1.397000000000000000e+03,0.000000000000000000e+00,1.349888031758475493e-02
1.398000000000000000e+03,0.000000000000000000e+00,-1.908468175664499444e-01
1.399000000000000000e+03,0.000000000000000000e+00,-2.204621361003679947e-01
1.400000000000000000e+03,0.000000000000000000e+00,1.576267638493193679e-01
1.401000000000000000e+03,0.000000000000000000e+00,-1.444494851966449667e-01
1.402000000000000000e+03,0.000000000000000000e+00,6.324590376764723798e-01
1.403000000000000000e+03,0.000000000000000000e+00,-1.675561453400209233e+00
1.404000000000000000e+03,0.000000000000000000e+00,-4.238206566999387914e-01
1.405000000000000000e+03,0.000000000000000000e+00,-1.059495711025514875e-01
1.406000000000000000e+03,0.000000000000000000e+00,7.005742703044840480e-01
1.407000000000000000e+03,0.000000000000000000e+00,1.122166087639783344e-01
1.408000000000000000e+03,0.000000000000000000e+00,-1.043767991343290458e+00
1.409000000000000000e+03,0.000000000000000000e+00,5.021516361272330142e-01
1.410000000000000000e+03,0.000000000000000000e+00,1.141842516459863344e+00
1.411000000000000000e+03,0.000000000000000000e+00,-4.336924295445781508e-01
1.412000000000000000e+03,0.000000000000000000e+00,-1.102998628411126614e+00
1.413000000000000000e+03,0.000000000000000000e+00,1.512033998133839319e+00
1.414000000000000000e+03,0.000000000000000000e+00,3.836903619915607022e-01
1.415000000000000000e+03,0.000000000000000000e+00,-3.014106734264107579e-01
1.416000000000000000e+03,0.000000000000000000e+00,7.667151483635676890e-01
1.417000000000000000e+03,0.000000000000000000e+00,-1.217444076539744430e-01
1.418000000000000000e+03,0.000000000000000000e+00,3.945493121206640197e-01
1.419000000000000000e+03,0.000000000000000000e+00,9.750095553854581931e-01
1.420000000000000000e+03,0.000000000000000000e+00,-7.435989799970553482e-02
1.421000000000000000e+03,0.000000000000000000e+00,5.397314898060612265e-02
1.422000000000000000e+03,0.000000000000000000e+00,1.179355253269493087e+00
1.423000000000000000e+03,0.000000000000000000e+00,-1.209613775133231650e+00
1.424000000000000000e+03,0.000000000000000000e+00,-1.095101210135415171e+00
1.425000000000000000e+03,0.000000000000000000e+00,-3.961796927349486297e-01
1.426000000000000000e+03,0.000000000000000000e+00,-7.377430331594704294e-01
1.427000000000000000e+03,0.000000000000000000e+00,-3.892694517437010338e-01
1.428000000000000000e+03,0.000000000000000000e+00,-1.385264214898613566e-01
1.429000000000000000e+03,0.000000000000000000e+00,4.666132538865312984e-01
1.430000000000000000e+03,0.000000000000000000e+00,-2.015150439255803061e+00
1.431000000000000000e+03,0.000000000000000000e+00,-2.036868339514009474e+00
1.432000000000000000e+03,0.000000000000000000e+00,-1.174075392892529823e+00
1.433000000000000000e+03,0.000000000000000000e+00,-7.703198835467802708e-01
1.434000000000000000e+03,0.000000000000000000e+00,8.140996580178366804e-01
1.435000000000000000e+03,0.000000000000000000e+00,3.501263343197868472e-01
1.436000000000000000e+03,0.000000000000000000e+00,2.721393288471359306e-01
1.437000000000000000e+03,0.000000000000000000e+00,5.653309823329247807e-01
1.438000000000000000e+03,0.000000000000000000e+00,3.817160074226328415e-01
1.439000000000000000e+03,0.000000000000000000e+00,-2.560005183410696827e-01
1.440000000000000000e+03,0.000000000000000000e+00,1.951395006589489722e-01
1.441000000000000000e+03,0.000000000000000000e+00,9.641506052563548756e-01
1.442000000000000000e+03,0.000000000000000000e+00,1.332367732361403156e+00
1.443000000000000000e+03,0.000000000000000000e+00,-3.289845205222022978e-02
1.444000000000000000e+03,0.000000000000000000e+00,-6.903585235052015490e-01
1.445000000000000000e+03,0.000000000000000000e+00,-1.612314990325318942e-01
1.446000000000000000e+03,0.000000000000000000e+00,1.718354050586802018e+00
1.447000000000000000e+03,0.000000000000000000e+00,2.987931155276621897e-01
1.448000000000000000e+03,0.000000000000000000e+00,3.254469022081885043e-01
1.449000000000000000e+03,0.000000000000000000e+00,9.493429459893958366e-01
1.450000000000000000e+03,0.000000000000000000e+00,3.659211708712098443e-01
1.451000000000000000e+03,0.000000000000000000e+00,-1.033896218498651098e+00
1.452000000000000000e+03,0.000000000000000000e+00,-7.446532741507179143e-01
1.453000000000000000e+03,1.000000000000000000e+00,-4.248078339844026940e-01
1.454000000000000000e+03,0.000000000000000000e+00,8.802405360769203213e-01
1.455000000000000000e+03,0.000000000000000000e+00,5.051131679806247776e-01
1.456000000000000000e+03,0.000000000000000000e+00,1.813190186764538636e-01
1.457000000000000000e+03,0.000000000000000000e+00,6.828050791841331346e-01
1.458000000000000000e+03,1.000000000000000000e+00,-9.212908912005637885e-02
1.459000000000000000e+03,0.000000000000000000e+00,3.126135975101573261e-01
1.460000000000000000e+03,0.000000000000000000e+00,-1.821663691500871929e+00
1.461000000000000000e+03,0.000000000000000000e+00,-2.165134269625122454e-01
1.462000000000000000e+03,0.000000000000000000e+00,-1.770263355839548358e-01
1.463000000000000000e+03,0.000000000000000000e+00,-4.297437204067223737e-01
1.464000000000000000e+03,0.000000000000000000e+00,3.777672982847770644e-01
1.465000000000000000e+03,0.000000000000000000e+00,-1.028960332076331419e+00
1.466000000000000000e+03,0.000000000000000000e+00,1.369880469171032678e+00
1.467000000000000000e+03,0.000000000000000000e+00,-1.033896218498651098e+00
1.468000000000000000e+03,0.000000000000000000e+00,-1.380395445345492522e+00
1.469000000000000000e+03,0.000000000000000000e+00,-1.200729179573056138e+00
1.470000000000000000e+03,0.000000000000000000e+00,-1.081280728152919979e+00
1.471000000000000000e+03,0.000000000000000000e+00,9.642177221255536501e-02
1.472000000000000000e+03,0.000000000000000000e+00,1.023448359193389751e-01
1.473000000000000000e+03,0.000000000000000000e+00,8.091637715955170007e-01
1.474000000000000000e+03,0.000000000000000000e+00,8.772790042235284469e-01
1.475000000000000000e+03,0.000000000000000000e+00,-9.381400219056493794e-01
1.476000000000000000e+03,0.000000000000000000e+00,-3.211542191156894765e-01
1.477000000000000000e+03,0.000000000000000000e+00,-9.212908912005637885e-02
1.478000000000000000e+03,0.000000000000000000e+00,-1.304382794441769411e+00
1.479000000000000000e+03,0.000000000000000000e+00,6.818179018996692875e-01
1.480000000000000000e+03,0.000000000000000000e+00,1.821020488171051221e+00
1.481000000000000000e+03,0.000000000000000000e+00,9.029456136195908034e-01
1.482000000000000000e+03,0.000000000000000000e+00,5.031388134116969724e-01
1.483000000000000000e+03,0.000000000000000000e+00,1.109265666072553502e+00
1.484000000000000000e+03,0.000000000000000000e+00,4.034339076808393654e-01
1.485000000000000000e+03,0.000000000000000000e+00,-5.856506144828255156e-02
1.486000000000000000e+03,0.000000000000000000e+00,-5.936151496277358719e-01
1.487000000000000000e+03,0.000000000000000000e+00,6.314718603920085327e-01
1.488000000000000000e+03,0.000000000000000000e+00,5.485489684970379365e-01
1.489000000000000000e+03,0.000000000000000000e+00,6.778691927618134550e-01
1.490000000000000000e+03,0.000000000000000000e+00,1.060893979133820553e+00
1.491000000000000000e+03,0.000000000000000000e+00,1.335329264214794698e+00
1.492000000000000000e+03,0.000000000000000000e+00,1.210944926372339081e+00
1.493000000000000000e+03,0.000000000000000000e+00,-8.305376978990803849e-01
1.494000000000000000e+03,0.000000000000000000e+00,1.437008524514580055e+00
1.495000000000000000e+03,0.000000000000000000e+00,1.422200865247621238e+00
1.496000000000000000e+03,0.000000000000000000e+00,-2.796256562990054317e-02
1.497000000000000000e+03,0.000000000000000000e+00,7.627664392257119674e-01
1.498000000000000000e+03,0.000000000000000000e+00,2.830653958454379046e-02
1.499000000000000000e+03,0.000000000000000000e+00,-1.158280556341107159e+00
1.500000000000000000e+03,0.000000000000000000e+00,-7.012174736343048664e-01
1.501000000000000000e+03,0.000000000000000000e+00,4.616773674642116743e-01
1.502000000000000000e+03,0.000000000000000000e+00,3.264340794926524070e-01
1.503000000000000000e+03,0.000000000000000000e+00,-6.103971634636227162e-01
1.504000000000000000e+03,0.000000000000000000e+00,-5.008204848881258053e-01
1.505000000000000000e+03,0.000000000000000000e+00,-8.818037998220062956e-02
1.506000000000000000e+03,0.000000000000000000e+00,-2.046672995489450531e-01
1.507000000000000000e+03,0.000000000000000000e+00,-1.629164121030404200e+00
1.508000000000000000e+03,0.000000000000000000e+00,7.884330486217743239e-01
1.509000000000000000e+03,0.000000000000000000e+00,3.521006888887147079e-01
1.510000000000000000e+03,0.000000000000000000e+00,1.388703954445046074e-01
1.511000000000000000e+03,0.000000000000000000e+00,-9.726912268618870261e-01
1.512000000000000000e+03,0.000000000000000000e+00,1.062935450571947243e-01
1.513000000000000000e+03,0.000000000000000000e+00,-6.538329639800358750e-01
1.514000000000000000e+03,0.000000000000000000e+00,4.863567995758100171e-01
1.515000000000000000e+03,0.000000000000000000e+00,1.009560760341695840e+00
1.516000000000000000e+03,0.000000000000000000e+00,3.620395786025528556e-02
1.517000000000000000e+03,0.000000000000000000e+00,6.680645367863730089e-02
1.518000000000000000e+03,0.000000000000000000e+00,6.512154060812872514e-01
1.519000000000000000e+03,0.000000000000000000e+00,4.903726255828644992e-02
1.520000000000000000e+03,0.000000000000000000e+00,-1.641930308859237131e-01
1.521000000000000000e+03,0.000000000000000000e+00,-2.352697953673270337e-01
1.522000000000000000e+03,0.000000000000000000e+00,1.151781406173701533e-01
1.523000000000000000e+03,0.000000000000000000e+00,4.410137613596676331e-02
1.524000000000000000e+03,0.000000000000000000e+00,4.912926859981296968e-01
1.525000000000000000e+03,0.000000000000000000e+00,1.251170303312082628e-02
1.526000000000000000e+03,0.000000000000000000e+00,-6.321150637218292401e-01
1.527000000000000000e+03,0.000000000000000000e+00,4.340364034992214015e-01
1.528000000000000000e+03,0.000000000000000000e+00,9.335481094379728395e-01
1.529000000000000000e+03,0.000000000000000000e+00,2.908956972519506912e-01
1.530000000000000000e+03,0.000000000000000000e+00,-2.856158368749877607e-01
1.531000000000000000e+03,0.000000000000000000e+00,1.345201037059434057e+00
1.532000000000000000e+03,0.000000000000000000e+00,6.294975058230806164e-01
1.533000000000000000e+03,0.000000000000000000e+00,-5.560352959489073960e-02
1.534000000000000000e+03,0.000000000000000000e+00,-4.998333076036618472e-01
1.535000000000000000e+03,0.000000000000000000e+00,1.034240192453294460e+00
1.536000000000000000e+03,0.000000000000000000e+00,4.508184173351083568e-01
1.537000000000000000e+03,0.000000000000000000e+00,7.667151483635676890e-01
1.538000000000000000e+03,0.000000000000000000e+00,6.956383838821643684e-01
1.539000000000000000e+03,0.000000000000000000e+00,-3.774233243301338137e-01
1.540000000000000000e+03,0.000000000000000000e+00,4.093569713876230032e-01
1.541000000000000000e+03,0.000000000000000000e+00,-2.796927731682041229e-01
1.542000000000000000e+03,0.000000000000000000e+00,-7.830860713756125635e-02
1.543000000000000000e+03,0.000000000000000000e+00,-9.746655814308149424e-01
1.544000000000000000e+03,0.000000000000000000e+00,1.025355596893118948e+00
1.545000000000000000e+03,0.000000000000000000e+00,1.334342086930330851e+00
1.546000000000000000e+03,0.000000000000000000e+00,3.442032706130032649e-01
1.547000000000000000e+03,0.000000000000000000e+00,-9.607779825791211425e-02
1.548000000000000000e+03,0.000000000000000000e+00,2.295852761998204539e+00
1.549000000000000000e+03,0.000000000000000000e+00,4.824080904379542400e-01
1.550000000000000000e+03,0.000000000000000000e+00,-1.083255082721847895e+00
1.551000000000000000e+03,0.000000000000000000e+00,-9.470246174658246696e-01
1.552000000000000000e+03,0.000000000000000000e+00,9.838941509456337053e-01
1.553000000000000000e+03,0.000000000000000000e+00,2.381737185746566787e+00
1.554000000000000000e+03,0.000000000000000000e+00,7.785612757771349646e-01
1.555000000000000000e+03,0.000000000000000000e+00,-1.003293722680269173e+00
1.556000000000000000e+03,0.000000000000000000e+00,5.771771097464920564e-01
1.557000000000000000e+03,0.000000000000000000e+00,1.147765580166647092e+00
1.558000000000000000e+03,0.000000000000000000e+00,4.676004311709952010e-01
1.559000000000000000e+03,0.000000000000000000e+00,-4.613333935095683680e-01
1.560000000000000000e+03,0.000000000000000000e+00,-2.619235820478533205e-01
1.561000000000000000e+03,0.000000000000000000e+00,3.155751293635491450e-01
1.562000000000000000e+03,0.000000000000000000e+00,-5.906536177743439975e-01
1.563000000000000000e+03,0.000000000000000000e+00,7.262408797005464045e-01
1.564000000000000000e+03,0.000000000000000000e+00,4.044210849653033235e-01
1.565000000000000000e+03,0.000000000000000000e+00,-2.806799504526680811e-01
1.566000000000000000e+03,0.000000000000000000e+00,-1.689381935382704425e+00
1.567000000000000000e+03,0.000000000000000000e+00,7.874458713373103658e-01
1.568000000000000000e+03,0.000000000000000000e+00,-4.860128256211667663e-01
1.569000000000000000e+03,0.000000000000000000e+00,-1.866086669301748824e+00
1.570000000000000000e+03,0.000000000000000000e+00,-4.642949253629601869e-01
1.571000000000000000e+03,0.000000000000000000e+00,1.109265666072553502e+00
1.572000000000000000e+03,0.000000000000000000e+00,2.267224620748750308e+00
1.573000000000000000e+03,0.000000000000000000e+00,-4.810769391988470867e-01
1.574000000000000000e+03,0.000000000000000000e+00,-1.283652071468026845e+00
1.575000000000000000e+03,0.000000000000000000e+00,-5.757788416381861424e-02
1.576000000000000000e+03,0.000000000000000000e+00,1.793446641075259751e-01
1.577000000000000000e+03,0.000000000000000000e+00,-9.332041354833295888e-01
1.578000000000000000e+03,0.000000000000000000e+00,-1.839365765752023762e-01
1.579000000000000000e+03,0.000000000000000000e+00,-2.295956233838217491e-03
1.580000000000000000e+03,0.000000000000000000e+00,8.377919128449711206e-01
1.581000000000000000e+03,0.000000000000000000e+00,7.045229794423397696e-01
1.582000000000000000e+03,0.000000000000000000e+00,-3.902566290281649919e-01
1.583000000000000000e+03,0.000000000000000000e+00,1.230755588930816241e-01
1.584000000000000000e+03,0.000000000000000000e+00,8.575354585342498392e-01
1.585000000000000000e+03,0.000000000000000000e+00,-1.212575306986623414e+00
1.586000000000000000e+03,0.000000000000000000e+00,-7.150379556167999473e-01
1.587000000000000000e+03,0.000000000000000000e+00,-1.418895359439585890e+00
1.588000000000000000e+03,0.000000000000000000e+00,-2.461287454964303512e-01
1.589000000000000000e+03,0.000000000000000000e+00,1.211012043241537633e-01
1.590000000000000000e+03,0.000000000000000000e+00,4.261389852235099029e-01
1.591000000000000000e+03,0.000000000000000000e+00,-5.067435485949094431e-01
1.592000000000000000e+03,0.000000000000000000e+00,6.058052509959462872e-01
1.593000000000000000e+03,0.000000000000000000e+00,-6.864098143673457164e-01
1.594000000000000000e+03,0.000000000000000000e+00,-4.534359752338568694e-01
1.595000000000000000e+03,1.000000000000000000e+00,7.766540380774059060e-02
1.596000000000000000e+03,0.000000000000000000e+00,4.853696222913460590e-01
1.597000000000000000e+03,0.000000000000000000e+00,8.170611898712284438e-01
1.598000000000000000e+03,0.000000000000000000e+00,-1.308778949374281037e-03
1.599000000000000000e+03,0.000000000000000000e+00,3.570365753110343876e-01
1.600000000000000000e+03,0.000000000000000000e+00,6.077796055648740925e-01
1.601000000000000000e+03,1.000000000000000000e+00,7.588177300878562459e-01
1.602000000000000000e+03,0.000000000000000000e+00,1.075701638400779814e+00
1.603000000000000000e+03,0.000000000000000000e+00,1.448854651928147330e+00
1.604000000000000000e+03,0.000000000000000000e+00,-1.997314131266253734e-01
1.605000000000000000e+03,0.000000000000000000e+00,-3.290516373914009751e-01
1.606000000000000000e+03,0.000000000000000000e+00,-1.685433226244848592e+00
1.607000000000000000e+03,0.000000000000000000e+00,-1.227315849384383872e-01
1.608000000000000000e+03,0.000000000000000000e+00,8.042278851731973210e-01
1.609000000000000000e+03,0.000000000000000000e+00,-6.182945817393341592e-01
1.610000000000000000e+03,0.000000000000000000e+00,-3.231285736846173373e-01
1.611000000000000000e+03,0.000000000000000000e+00,6.314718603920085327e-01
1.612000000000000000e+03,0.000000000000000000e+00,-1.256011107503036683e+00
1.613000000000000000e+03,0.000000000000000000e+00,-3.487280662114809748e-02
1.614000000000000000e+03,0.000000000000000000e+00,-9.253067172076181457e-01
1.615000000000000000e+03,0.000000000000000000e+00,-2.293467316605434236e-01
1.616000000000000000e+03,0.000000000000000000e+00,5.929719462979150535e-01
1.617000000000000000e+03,0.000000000000000000e+00,1.763831322541341562e-01
1.618000000000000000e+03,0.000000000000000000e+00,4.557543037574280365e-01
1.619000000000000000e+03,0.000000000000000000e+00,-3.813720334679895352e-01
1.620000000000000000e+03,0.000000000000000000e+00,-9.470246174658246696e-01
1.621000000000000000e+03,0.000000000000000000e+00,8.970225499128072766e-01
1.622000000000000000e+03,0.000000000000000000e+00,1.149739934735575009e+00
1.623000000000000000e+03,0.000000000000000000e+00,1.315585718525515979e+00
1.624000000000000000e+03,0.000000000000000000e+00,4.044210849653033235e-01
1.625000000000000000e+03,0.000000000000000000e+00,9.128173864642301627e-01
1.626000000000000000e+03,0.000000000000000000e+00,2.258340025188574796e+00
1.627000000000000000e+03,0.000000000000000000e+00,1.583110762615242750e+00
1.628000000000000000e+03,0.000000000000000000e+00,-3.626156650631747747e-01
1.629000000000000000e+03,0.000000000000000000e+00,-1.029947509360795266e+00
1.630000000000000000e+03,0.000000000000000000e+00,5.781642870309560145e-01
1.631000000000000000e+03,0.000000000000000000e+00,-1.132613946945044692e+00
1.632000000000000000e+03,0.000000000000000000e+00,-1.035870573067579015e+00
1.633000000000000000e+03,0.000000000000000000e+00,4.784593813000985185e-01
1.634000000000000000e+03,0.000000000000000000e+00,9.247306307469961573e-02
1.635000000000000000e+03,0.000000000000000000e+00,5.139977635408002898e-01
1.636000000000000000e+03,0.000000000000000000e+00,6.413436332366478920e-01
1.637000000000000000e+03,0.000000000000000000e+00,-8.620602541327275492e-02
1.638000000000000000e+03,0.000000000000000000e+00,1.222791053785906135e+00
1.639000000000000000e+03,0.000000000000000000e+00,-1.294511021597130052e+00
1.640000000000000000e+03,0.000000000000000000e+00,2.168574009171555239e-01
1.641000000000000000e+03,1.000000000000000000e+00,-2.244108452382237440e-01
1.642000000000000000e+03,0.000000000000000000e+00,9.562531869806434326e-01
1.643000000000000000e+03,0.000000000000000000e+00,3.688827027246016632e-01
1.644000000000000000e+03,0.000000000000000000e+00,1.868404997825320102e+00
1.645000000000000000e+03,0.000000000000000000e+00,1.507165228580718275e-01
1.646000000000000000e+03,0.000000000000000000e+00,-8.838452712601329031e-01
1.647000000000000000e+03,0.000000000000000000e+00,-1.489972123920989322e+00
1.648000000000000000e+03,0.000000000000000000e+00,-6.646919141091391925e-01
1.649000000000000000e+03,0.000000000000000000e+00,2.849726335451671089e-01
1.650000000000000000e+03,0.000000000000000000e+00,3.817160074226328415e-01
1.651000000000000000e+03,0.000000000000000000e+00,-6.350094787060223123e-02
1.652000000000000000e+03,0.000000000000000000e+00,2.632547332869605294e-01
1.653000000000000000e+03,0.000000000000000000e+00,9.394711731447564773e-01
1.654000000000000000e+03,0.000000000000000000e+00,2.040912130883231271e-02
1.655000000000000000e+03,0.000000000000000000e+00,1.161653179018340837e-01
1.656000000000000000e+03,0.000000000000000000e+00,1.448605760204869225e-02
1.657000000000000000e+03,0.000000000000000000e+00,9.177532728865498424e-01
1.658000000000000000e+03,0.000000000000000000e+00,1.398575727289685378e-01
1.659000000000000000e+03,0.000000000000000000e+00,-1.906560937964770330e+00
1.660000000000000000e+03,0.000000000000000000e+00,-7.071405373410883932e-01
1.661000000000000000e+03,0.000000000000000000e+00,3.136007747946212842e-01
1.662000000000000000e+03,0.000000000000000000e+00,1.067804220125068371e+00
1.663000000000000000e+03,0.000000000000000000e+00,1.444905942790291720e+00
1.664000000000000000e+03,0.000000000000000000e+00,1.408447500134324681e-01
1.665000000000000000e+03,0.000000000000000000e+00,9.049870850577174108e-02
1.666000000000000000e+03,0.000000000000000000e+00,1.467678137202161059e-01
1.667000000000000000e+03,0.000000000000000000e+00,-5.857177313520243178e-01
1.668000000000000000e+03,0.000000000000000000e+00,1.497293455736078693e-01
1.669000000000000000e+03,0.000000000000000000e+00,1.481431502315457394e+00
1.670000000000000000e+03,0.000000000000000000e+00,5.574335640572133377e-01
1.671000000000000000e+03,0.000000000000000000e+00,1.457806364357521478e-01
1.672000000000000000e+03,0.000000000000000000e+00,1.270242680309373873e-01
1.673000000000000000e+03,0.000000000000000000e+00,-4.899615347590225434e-01
1.674000000000000000e+03,0.000000000000000000e+00,-7.742685926846359923e-01
1.675000000000000000e+03,0.000000000000000000e+00,8.496380402585383962e-01
1.676000000000000000e+03,0.000000000000000000e+00,3.994851985429836994e-01
1.677000000000000000e+03,0.000000000000000000e+00,1.433059815376724444e+00
1.678000000000000000e+03,0.000000000000000000e+00,5.969206554357707750e-01
1.679000000000000000e+03,0.000000000000000000e+00,6.058052509959462872e-01
1.680000000000000000e+03,0.000000000000000000e+00,1.211932103656802706e+00
1.681000000000000000e+03,0.000000000000000000e+00,1.326444668654619408e+00
1.682000000000000000e+03,0.000000000000000000e+00,1.171524951862980279e-01
1.683000000000000000e+03,0.000000000000000000e+00,5.811258188843477779e-01
1.684000000000000000e+03,0.000000000000000000e+00,-1.424751306277171059e-01
1.685000000000000000e+03,0.000000000000000000e+00,-7.466276287196458306e-01
1.686000000000000000e+03,0.000000000000000000e+00,-1.267857234916603959e+00
1.687000000000000000e+03,0.000000000000000000e+00,-1.157293379056643090e+00
1.688000000000000000e+03,0.000000000000000000e+00,-1.438638905128864609e+00
1.689000000000000000e+03,0.000000000000000000e+00,-7.367558558750065822e-01
1.690000000000000000e+03,0.000000000000000000e+00,-1.381382622629956591e+00
1.691000000000000000e+03,0.000000000000000000e+00,-1.161242088194498701e+00
1.692000000000000000e+03,0.000000000000000000e+00,-1.108921692117910140e+00
1.693000000000000000e+03,0.000000000000000000e+00,-1.661673854548515739e-01
1.694000000000000000e+03,0.000000000000000000e+00,-8.423838253126476605e-01
1.695000000000000000e+03,1.000000000000000000e+00,-1.471215755516174672e+00
1.696000000000000000e+03,0.000000000000000000e+00,-1.299446908019449731e+00
1.697000000000000000e+03,0.000000000000000000e+00,-8.107941522098016662e-01
1.698000000000000000e+03,0.000000000000000000e+00,-2.915389005817713985e-01
1.699000000000000000e+03,0.000000000000000000e+00,-3.537310695029993179e-01
1.700000000000000000e+03,0.000000000000000000e+00,4.063954395342311843e-01
1.701000000000000000e+03,0.000000000000000000e+00,1.509072466280447555e+00
1.702000000000000000e+03,0.000000000000000000e+00,-2.431672136430385323e-01
1.703000000000000000e+03,0.000000000000000000e+00,4.389722899215410812e-01
1.704000000000000000e+03,0.000000000000000000e+00,2.612803787180326687e-01
1.705000000000000000e+03,0.000000000000000000e+00,3.205110157858688247e-01
1.706000000000000000e+03,0.000000000000000000e+00,3.570365753110343876e-01
1.707000000000000000e+03,0.000000000000000000e+00,1.494264807013488516e+00
1.708000000000000000e+03,0.000000000000000000e+00,4.706290798935857528e-02
1.709000000000000000e+03,0.000000000000000000e+00,-3.004234961419467997e-01
1.710000000000000000e+03,0.000000000000000000e+00,5.218951818165117329e-01
1.711000000000000000e+03,0.000000000000000000e+00,5.584207413416772958e-01
1.712000000000000000e+03,0.000000000000000000e+00,1.645370048405669361e-01
1.713000000000000000e+03,0.000000000000000000e+00,8.260129023006027027e-02
1.714000000000000000e+03,0.000000000000000000e+00,-6.261920000150456023e-01
1.715000000000000000e+03,0.000000000000000000e+00,-5.659070687935467692e-02
1.716000000000000000e+03,0.000000000000000000e+00,7.943561123285579617e-01
1.717000000000000000e+03,0.000000000000000000e+00,6.749076609084216916e-01
1.718000000000000000e+03,0.000000000000000000e+00,-8.621273710019263792e-01
1.719000000000000000e+03,0.000000000000000000e+00,-8.542299527262149361e-01
1.720000000000000000e+03,0.000000000000000000e+00,-8.620602541327275492e-02
1.721000000000000000e+03,0.000000000000000000e+00,-9.549220357415362237e-01
1.722000000000000000e+03,0.000000000000000000e+00,-6.686406232469949140e-01
1.723000000000000000e+03,0.000000000000000000e+00,-9.598579221638560144e-01
1.724000000000000000e+03,0.000000000000000000e+00,2.987931155276621897e-01
1.725000000000000000e+03,0.000000000000000000e+00,1.702559214035378909e+00
1.726000000000000000e+03,0.000000000000000000e+00,3.544632026845083494e+00
1.727000000000000000e+03,0.000000000000000000e+00,1.668995186363605221e+00
1.728000000000000000e+03,0.000000000000000000e+00,-9.243195399231542986e-01
1.729000000000000000e+03,0.000000000000000000e+00,-1.005268077249197090e+00
1.730000000000000000e+03,0.000000000000000000e+00,1.055958092711501095e+00
1.731000000000000000e+03,0.000000000000000000e+00,-5.718972493695292370e-01
1.732000000000000000e+03,0.000000000000000000e+00,6.107411374182659669e-01
1.733000000000000000e+03,0.000000000000000000e+00,8.417406219828268421e-01
1.734000000000000000e+03,0.000000000000000000e+00,-1.632058536014597827e-01
1.735000000000000000e+03,0.000000000000000000e+00,-5.333973352754356467e-01
1.736000000000000000e+03,0.000000000000000000e+00,-1.572827898946761449e-01
1.737000000000000000e+03,0.000000000000000000e+00,1.546652319959275490e-01
1.738000000000000000e+03,0.000000000000000000e+00,5.633566277639969755e-01
1.739000000000000000e+03,0.000000000000000000e+00,5.297926000922230649e-01
1.740000000000000000e+03,0.000000000000000000e+00,-1.226395788969118605e+00
1.741000000000000000e+03,0.000000000000000000e+00,2.849726335451671089e-01
1.742000000000000000e+03,0.000000000000000000e+00,1.279060159000350527e+00
1.743000000000000000e+03,0.000000000000000000e+00,5.465746139281100202e-01
1.744000000000000000e+03,0.000000000000000000e+00,-4.929230666124142513e-01
1.745000000000000000e+03,0.000000000000000000e+00,6.798435473307413712e-01
1.746000000000000000e+03,0.000000000000000000e+00,-1.306290032141498580e-01
1.747000000000000000e+03,0.000000000000000000e+00,-4.554103298027847302e-01
1.748000000000000000e+03,0.000000000000000000e+00,-3.715002606233501758e-01
1.749000000000000000e+03,0.000000000000000000e+00,1.161586062149142062e+00
1.750000000000000000e+03,0.000000000000000000e+00,2.178445782016194543e-01
1.751000000000000000e+03,0.000000000000000000e+00,-6.350765955752211145e-01
1.752000000000000000e+03,0.000000000000000000e+00,-6.646247972399405013e-02
1.753000000000000000e+03,0.000000000000000000e+00,-7.476148060041096777e-01
1.754000000000000000e+03,0.000000000000000000e+00,-1.464238397655728552e-01
1.755000000000000000e+03,0.000000000000000000e+00,-7.170123101857277526e-01
1.756000000000000000e+03,0.000000000000000000e+00,-1.237254739098221812e+00
1.757000000000000000e+03,0.000000000000000000e+00,-9.894732406977739814e-01
1.758000000000000000e+03,0.000000000000000000e+00,-3.527438922185354153e-01
1.759000000000000000e+03,0.000000000000000000e+00,-1.141498542505219982e+00
1.760000000000000000e+03,0.000000000000000000e+00,3.086648883723015491e-01
1.761000000000000000e+03,0.000000000000000000e+00,-1.701160945927072676e-01
1.762000000000000000e+03,0.000000000000000000e+00,-2.086160086868008023e-01
1.763000000000000000e+03,0.000000000000000000e+00,-3.961796927349486297e-01
1.764000000000000000e+03,0.000000000000000000e+00,5.317669546611509812e-01
1.765000000000000000e+03,0.000000000000000000e+00,-7.515635151419655102e-01
1.766000000000000000e+03,0.000000000000000000e+00,-1.578818079522743556e+00
1.767000000000000000e+03,0.000000000000000000e+00,-5.788074903607768329e-01
1.768000000000000000e+03,0.000000000000000000e+00,-2.806799504526680811e-01
1.769000000000000000e+03,0.000000000000000000e+00,4.083697941031590450e-01
1.770000000000000000e+03,0.000000000000000000e+00,-2.165134269625122454e-01
1.771000000000000000e+03,0.000000000000000000e+00,-1.520574619739371469e+00
1.772000000000000000e+03,0.000000000000000000e+00,2.820111016917752900e-01
1.773000000000000000e+03,0.000000000000000000e+00,-2.076288314023368720e-01
1.774000000000000000e+03,0.000000000000000000e+00,4.212702156703888867e-02
1.775000000000000000e+03,0.000000000000000000e+00,1.372842001024424441e+00
1.776000000000000000e+03,0.000000000000000000e+00,1.319601544532570669e-01
1.777000000000000000e+03,0.000000000000000000e+00,-6.893713462207375908e-01
1.778000000000000000e+03,0.000000000000000000e+00,-7.762429472535639086e-01
1.779000000000000000e+03,0.000000000000000000e+00,-8.808837394067410287e-01
1.780000000000000000e+03,0.000000000000000000e+00,-4.810769391988470867e-01
1.781000000000000000e+03,0.000000000000000000e+00,1.625626502716390476e-01
1.782000000000000000e+03,0.000000000000000000e+00,2.375881238908982007e-01
1.783000000000000000e+03,1.000000000000000000e+00,3.195238385014048665e-01
1.784000000000000000e+03,0.000000000000000000e+00,1.076688815685243661e+00
1.785000000000000000e+03,0.000000000000000000e+00,1.962186839849394016e+00
1.786000000000000000e+03,0.000000000000000000e+00,-9.206197225085760091e-03
1.787000000000000000e+03,0.000000000000000000e+00,9.967274556436648281e-01
1.788000000000000000e+03,0.000000000000000000e+00,2.879341653985589278e-01
1.789000000000000000e+03,0.000000000000000000e+00,-4.080258201485157943e-01
1.790000000000000000e+03,0.000000000000000000e+00,-4.445513796736814682e-01
1.791000000000000000e+03,0.000000000000000000e+00,5.603950959106051011e-01
1.792000000000000000e+03,0.000000000000000000e+00,-2.697538834543660585e-02
1.793000000000000000e+03,0.000000000000000000e+00,-2.629107593323172787e-01
1.794000000000000000e+03,0.000000000000000000e+00,3.719113514471922288e-02
1.795000000000000000e+03,0.000000000000000000e+00,1.283996045422670207e+00
1.796000000000000000e+03,0.000000000000000000e+00,-6.202689363082619645e-01
1.797000000000000000e+03,0.000000000000000000e+00,7.598049073723200930e-01
1.798000000000000000e+03,0.000000000000000000e+00,-4.958845984658061257e-01
1.799000000000000000e+03,0.000000000000000000e+00,1.102422541950504736e-01
1.800000000000000000e+03,0.000000000000000000e+00,-1.020075736516155906e+00
1.801000000000000000e+03,0.000000000000000000e+00,6.976127384510922846e-01
1.802000000000000000e+03,0.000000000000000000e+00,5.909975917289871372e-01
1.803000000000000000e+03,0.000000000000000000e+00,-1.602510334349878107e+00
1.804000000000000000e+03,0.000000000000000000e+00,-2.306367738172664161e+00
1.805000000000000000e+03,0.000000000000000000e+00,4.015266699811102791e-02
1.806000000000000000e+03,0.000000000000000000e+00,-2.816671277371319837e-01
1.807000000000000000e+03,0.000000000000000000e+00,8.289073172847957194e-01
1.808000000000000000e+03,0.000000000000000000e+00,4.824080904379542400e-01
1.809000000000000000e+03,1.000000000000000000e+00,1.986866271960992414e+00
1.810000000000000000e+03,0.000000000000000000e+00,-3.389234102360402789e-01
1.811000000000000000e+03,0.000000000000000000e+00,-9.206197225085760091e-03
1.812000000000000000e+03,0.000000000000000000e+00,-4.583718616561765491e-01
1.813000000000000000e+03,0.000000000000000000e+00,-1.442587614266720442e+00
1.814000000000000000e+03,0.000000000000000000e+00,-8.976657532426279840e-01
1.815000000000000000e+03,1.000000000000000000e+00,2.958315836742703708e-01
1.816000000000000000e+03,0.000000000000000000e+00,-1.168152329185746519e+00
1.817000000000000000e+03,0.000000000000000000e+00,1.021406887755263115e+00
1.818000000000000000e+03,0.000000000000000000e+00,4.705619630243870199e-01
1.819000000000000000e+03,0.000000000000000000e+00,3.313699659149721422e-01
1.820000000000000000e+03,0.000000000000000000e+00,9.247306307469961573e-02
1.821000000000000000e+03,0.000000000000000000e+00,-3.932181608815568108e-01
1.822000000000000000e+03,0.000000000000000000e+00,7.479587799587529284e-01
1.823000000000000000e+03,0.000000000000000000e+00,-3.892694517437010338e-01
1.824000000000000000e+03,0.000000000000000000e+00,-2.974619642885549808e-01
1.825000000000000000e+03,0.000000000000000000e+00,1.279060159000350527e+00
1.826000000000000000e+03,0.000000000000000000e+00,7.400613616830414854e-01
1.827000000000000000e+03,0.000000000000000000e+00,-1.092139678282023185e+00
1.828000000000000000e+03,0.000000000000000000e+00,3.264340794926524070e-01
1.829000000000000000e+03,0.000000000000000000e+00,1.557444153219180505e+00
1.830000000000000000e+03,0.000000000000000000e+00,9.088686773263744412e-01
1.831000000000000000e+03,0.000000000000000000e+00,4.824080904379542400e-01
1.832000000000000000e+03,1.000000000000000000e+00,1.547323488651262957e-02
1.833000000000000000e+03,0.000000000000000000e+00,-1.042780814058826611e+00
1.834000000000000000e+03,0.000000000000000000e+00,3.106392429412294653e-01
1.835000000000000000e+03,0.000000000000000000e+00,1.981010325123407634e-01
1.836000000000000000e+03,1.000000000000000000e+00,2.227804646239391340e-01
1.837000000000000000e+03,0.000000000000000000e+00,-1.300434085303913800e+00
1.838000000000000000e+03,0.000000000000000000e+00,5.041259906961608195e-01
1.839000000000000000e+03,0.000000000000000000e+00,4.340364034992214015e-01
1.840000000000000000e+03,0.000000000000000000e+00,4.508855342043070064e-02
1.841000000000000000e+03,0.000000000000000000e+00,3.491391570353229445e-01
1.842000000000000000e+03,0.000000000000000000e+00,-1.474110170500367856e-01
1.843000000000000000e+03,0.000000000000000000e+00,3.550622207421065268e-01
1.844000000000000000e+03,0.000000000000000000e+00,4.389722899215410812e-01
1.845000000000000000e+03,0.000000000000000000e+00,-2.184877815314401062e-01
1.846000000000000000e+03,0.000000000000000000e+00,-1.450485032542431885e+00
1.847000000000000000e+03,0.000000000000000000e+00,9.147917410331580790e-01
1.848000000000000000e+03,0.000000000000000000e+00,-1.259959816640892516e+00
1.849000000000000000e+03,0.000000000000000000e+00,1.108278488788089655e+00
1.850000000000000000e+03,0.000000000000000000e+00,4.666132538865312984e-01
1.851000000000000000e+03,0.000000000000000000e+00,-6.251377058613830084e-02
1.852000000000000000e+03,0.000000000000000000e+00,1.853597338558361285e+00
1.853000000000000000e+03,0.000000000000000000e+00,-1.326033577830777466e-01
1.854000000000000000e+03,0.000000000000000000e+00,8.298944945692596775e-01
1.855000000000000000e+03,0.000000000000000000e+00,-3.833463880369174515e-01
1.856000000000000000e+03,0.000000000000000000e+00,1.003704813504111004e-01
1.857000000000000000e+03,0.000000000000000000e+00,6.097539601338020088e-01
1.858000000000000000e+03,0.000000000000000000e+00,1.049047851720253277e+00
1.859000000000000000e+03,0.000000000000000000e+00,1.931651460900210837e-01
1.860000000000000000e+03,0.000000000000000000e+00,-8.028296170648913099e-02
1.861000000000000000e+03,0.000000000000000000e+00,1.761789851103215288e+00
1.862000000000000000e+03,0.000000000000000000e+00,1.566328748779355795e+00
1.863000000000000000e+03,0.000000000000000000e+00,7.064973340112676858e-01
1.864000000000000000e+03,0.000000000000000000e+00,1.672943895501460831e+00
1.865000000000000000e+03,0.000000000000000000e+00,-2.066416541178729416e-01
1.866000000000000000e+03,0.000000000000000000e+00,-1.738740799605901222e+00
1.867000000000000000e+03,0.000000000000000000e+00,1.477549910046800086e-01
1.868000000000000000e+03,0.000000000000000000e+00,-1.553084353257482841e-01
1.869000000000000000e+03,0.000000000000000000e+00,-1.251075221080716782e+00
1.870000000000000000e+03,0.000000000000000000e+00,1.272149918009103153e+00
1.871000000000000000e+03,0.000000000000000000e+00,7.232793478471546411e-01
1.872000000000000000e+03,0.000000000000000000e+00,-2.056544768334089834e-01
1.873000000000000000e+03,0.000000000000000000e+00,-2.054637530634360498e+00
1.874000000000000000e+03,0.000000000000000000e+00,-3.251029282535451981e-01
1.875000000000000000e+03,0.000000000000000000e+00,-3.004234961419467997e-01
1.876000000000000000e+03,0.000000000000000000e+00,-3.004234961419467997e-01
1.877000000000000000e+03,0.000000000000000000e+00,6.837922564685970928e-01
1.878000000000000000e+03,0.000000000000000000e+00,-1.343869885820326848e+00
1.879000000000000000e+03,0.000000000000000000e+00,-6.429740138509325575e-01
1.880000000000000000e+03,0.000000000000000000e+00,1.657149058950037945e+00
1.881000000000000000e+03,0.000000000000000000e+00,1.369880469171032678e+00
1.882000000000000000e+03,0.000000000000000000e+00,5.041259906961608195e-01
1.883000000000000000e+03,0.000000000000000000e+00,-8.779222075533492653e-01
1.884000000000000000e+03,1.000000000000000000e+00,1.072807223416586547e-01
1.885000000000000000e+03,0.000000000000000000e+00,3.126135975101573261e-01
1.886000000000000000e+03,0.000000000000000000e+00,-5.254999169997242037e-01
1.887000000000000000e+03,0.000000000000000000e+00,6.235744421162969786e-01
1.888000000000000000e+03,0.000000000000000000e+00,-2.599492274789254598e-01
1.889000000000000000e+03,0.000000000000000000e+00,-1.366574963362997330e+00
1.890000000000000000e+03,0.000000000000000000e+00,3.698698800090655658e-01
1.891000000000000000e+03,0.000000000000000000e+00,-8.344864070369361064e-01
1.892000000000000000e+03,0.000000000000000000e+00,5.496032626507005997e-02
1.893000000000000000e+03,0.000000000000000000e+00,2.439980645529939096e+00
1.894000000000000000e+03,0.000000000000000000e+00,5.228823591009756910e-01
1.895000000000000000e+03,0.000000000000000000e+00,7.153819295714430870e-01
1.896000000000000000e+03,0.000000000000000000e+00,-1.323139162846584060e+00
1.897000000000000000e+03,0.000000000000000000e+00,-1.512677201463660026e+00
1.898000000000000000e+03,0.000000000000000000e+00,4.410137613596676331e-02
1.899000000000000000e+03,0.000000000000000000e+00,5.218951818165117329e-01
1.900000000000000000e+03,0.000000000000000000e+00,-2.028970921238298697e+00
1.901000000000000000e+03,0.000000000000000000e+00,-4.899615347590225434e-01
1.902000000000000000e+03,0.000000000000000000e+00,5.801386415998839308e-01
1.903000000000000000e+03,0.000000000000000000e+00,-4.623205707940323261e-01
1.904000000000000000e+03,0.000000000000000000e+00,-1.081280728152919979e+00
1.905000000000000000e+03,0.000000000000000000e+00,-8.423167084434488028e-02
1.906000000000000000e+03,0.000000000000000000e+00,-3.537310695029993179e-01
1.907000000000000000e+03,0.000000000000000000e+00,-4.228334794154748333e-01
1.908000000000000000e+03,0.000000000000000000e+00,-1.384344154483348133e+00
1.909000000000000000e+03,0.000000000000000000e+00,-2.105903632557286631e-01
1.910000000000000000e+03,0.000000000000000000e+00,1.132037860484422787e-01
1.911000000000000000e+03,0.000000000000000000e+00,2.533829604423211701e-01
1.912000000000000000e+03,0.000000000000000000e+00,1.064842688271676385e+00
1.913000000000000000e+03,0.000000000000000000e+00,2.254391316050719407e+00
1.914000000000000000e+03,0.000000000000000000e+00,3.797416528537049807e-01
1.915000000000000000e+03,0.000000000000000000e+00,2.928700518208786074e-01
1.916000000000000000e+03,0.000000000000000000e+00,9.167660956020859953e-01
1.917000000000000000e+03,0.000000000000000000e+00,1.885187011661207279e+00
1.918000000000000000e+03,0.000000000000000000e+00,1.142829693744327413e+00
1.919000000000000000e+03,0.000000000000000000e+00,-5.343845125598996049e-01
1.920000000000000000e+03,0.000000000000000000e+00,-2.579815845969174681e+00
1.921000000000000000e+03,0.000000000000000000e+00,-2.028970921238298697e+00
1.922000000000000000e+03,0.000000000000000000e+00,-1.377433913492100759e+00
1.923000000000000000e+03,0.000000000000000000e+00,4.695747857399230618e-01
1.924000000000000000e+03,0.000000000000000000e+00,-1.225408611684654536e+00
1.925000000000000000e+03,0.000000000000000000e+00,1.046086319866861736e+00
1.926000000000000000e+03,0.000000000000000000e+00,1.220816699216978440e+00
1.927000000000000000e+03,0.000000000000000000e+00,1.492290452444560600e+00
1.928000000000000000e+03,0.000000000000000000e+00,5.101161712721432456e-02
1.929000000000000000e+03,0.000000000000000000e+00,1.872420823832374737e-01
1.930000000000000000e+03,0.000000000000000000e+00,-1.335972467544615405e+00
1.931000000000000000e+03,0.000000000000000000e+00,-3.737774800645371265e+00
1.932000000000000000e+03,0.000000000000000000e+00,1.518944239125086915e+00
1.933000000000000000e+03,0.000000000000000000e+00,1.913815152910661288e+00
1.934000000000000000e+03,0.000000000000000000e+00,-1.996394070850988411e+00
1.935000000000000000e+03,0.000000000000000000e+00,-4.781154073454552678e-01
1.936000000000000000e+03,0.000000000000000000e+00,1.129009211761832443e+00
1.937000000000000000e+03,0.000000000000000000e+00,6.966255611666283265e-01
1.938000000000000000e+03,0.000000000000000000e+00,-5.837433767830965126e-01
1.939000000000000000e+03,0.000000000000000000e+00,5.001772815583050980e-01
1.940000000000000000e+03,0.000000000000000000e+00,2.830653958454379046e-02
1.941000000000000000e+03,0.000000000000000000e+00,1.942194402436837539e-02
1.942000000000000000e+03,0.000000000000000000e+00,-9.450502628968968644e-01
1.943000000000000000e+03,0.000000000000000000e+00,-5.521537036802505183e-01
1.944000000000000000e+03,0.000000000000000000e+00,1.605882957027111868e-01
1.945000000000000000e+03,0.000000000000000000e+00,-1.316228921855336687e+00
1.946000000000000000e+03,0.000000000000000000e+00,1.065829865556140454e+00
1.947000000000000000e+03,0.000000000000000000e+00,-1.354728835949430055e+00
1.948000000000000000e+03,0.000000000000000000e+00,-1.967698812732335545e-01
1.949000000000000000e+03,0.000000000000000000e+00,7.499331345276807337e-01
1.950000000000000000e+03,0.000000000000000000e+00,1.268201208871247321e+00
1.951000000000000000e+03,0.000000000000000000e+00,-1.187895874875025015e+00
1.952000000000000000e+03,0.000000000000000000e+00,-1.758484345295179940e+00
1.953000000000000000e+03,0.000000000000000000e+00,-1.311293035433017007e+00
1.954000000000000000e+03,0.000000000000000000e+00,-9.302426036299379364e-01
1.955000000000000000e+03,0.000000000000000000e+00,1.075701638400779814e+00
1.956000000000000000e+03,0.000000000000000000e+00,3.095466362413992645e+00
1.957000000000000000e+03,0.000000000000000000e+00,-2.332954407983991729e-01
1.958000000000000000e+03,0.000000000000000000e+00,-2.608443987218628468e+00
1.959000000000000000e+03,0.000000000000000000e+00,4.745106721622427970e-01
1.960000000000000000e+03,0.000000000000000000e+00,5.218951818165117329e-01
1.961000000000000000e+03,0.000000000000000000e+00,1.635431158691831310e+00
1.962000000000000000e+03,0.000000000000000000e+00,2.650249407120757184e+00
1.963000000000000000e+03,0.000000000000000000e+00,1.665113594094947969e-01
1.964000000000000000e+03,0.000000000000000000e+00,-1.668651212408961859e+00
1.965000000000000000e+03,0.000000000000000000e+00,-1.145447251643075814e+00
1.966000000000000000e+03,0.000000000000000000e+00,-3.509736847934202153e+00
1.967000000000000000e+03,0.000000000000000000e+00,-9.865117088443822180e-01
1.968000000000000000e+03,0.000000000000000000e+00,1.687751554768419870e+00
1.969000000000000000e+03,0.000000000000000000e+00,-6.745636869537785518e-01
1.970000000000000000e+03,0.000000000000000000e+00,2.675916016516819429e+00
1.971000000000000000e+03,0.000000000000000000e+00,3.289940287453387846e+00
1.972000000000000000e+03,0.000000000000000000e+00,-1.299446908019449731e+00
1.973000000000000000e+03,0.000000000000000000e+00,-1.217511193408943093e+00
1.974000000000000000e+03,0.000000000000000000e+00,-3.014106734264107579e-01
1.975000000000000000e+03,0.000000000000000000e+00,2.218852933810017358e+00
1.976000000000000000e+03,0.000000000000000000e+00,3.386683661330853301e+00
1.977000000000000000e+03,0.000000000000000000e+00,8.160740125867644856e-01
1.978000000000000000e+03,0.000000000000000000e+00,3.590042181930424015e+00
1.979000000000000000e+03,0.000000000000000000e+00,-3.784105016145977718e-01
1.980000000000000000e+03,0.000000000000000000e+00,-6.409996592820046413e-01
1.981000000000000000e+03,0.000000000000000000e+00,6.660230653482462904e-01
1.982000000000000000e+03,0.000000000000000000e+00,1.260303790595535878e+00
1.983000000000000000e+03,0.000000000000000000e+00,-2.401385649204479736e-02
1.984000000000000000e+03,0.000000000000000000e+00,3.846775392760246604e-01
1.985000000000000000e+03,0.000000000000000000e+00,6.216000875473690623e-01
1.986000000000000000e+03,0.000000000000000000e+00,2.148830463482276354e-01
1.987000000000000000e+03,0.000000000000000000e+00,-1.333998112975687489e+00
1.988000000000000000e+03,0.000000000000000000e+00,-1.649894844004146988e+00
1.989000000000000000e+03,0.000000000000000000e+00,-9.914475952667018976e-01
1.990000000000000000e+03,0.000000000000000000e+00,2.018455945063838186e+00
1.991000000000000000e+03,1.000000000000000000e+00,-2.629107593323172787e-01
1.992000000000000000e+03,0.000000000000000000e+00,-3.127699238846659124e+00
1.993000000000000000e+03,0.000000000000000000e+00,-2.605482455365236483e+00
1.994000000000000000e+03,0.000000000000000000e+00,1.413316269687445947e+00
1.995000000000000000e+03,0.000000000000000000e+00,1.254380726888752129e+00
1.996000000000000000e+03,0.000000000000000000e+00,2.829982789762391926e-01
1.997000000000000000e+03,0.000000000000000000e+00,-3.537310695029993179e-01
1.998000000000000000e+03,0.000000000000000000e+00,-2.737697094614205962e-01
1.999000000000000000e+03,0.000000000000000000e+00,-1.109908869402373988e+00
2.000000000000000000e+03,0.000000000000000000e+00,-1.143472897074147898e+00
2.001000000000000000e+03,0.000000000000000000e+00,-1.264895703063211974e+00
2.002000000000000000e+03,0.000000000000000000e+00,-2.978635468892604443e+00
2.003000000000000000e+03,0.000000000000000000e+00,-6.360637728596849616e-01
2.004000000000000000e+03,0.000000000000000000e+00,-2.481031000653582119e-01
2.005000000000000000e+03,0.000000000000000000e+00,-5.257488087230027286e-03
