1.767000000000000000e+03,-4.886910758319396586e-01
1.768000000000000000e+03,-1.301944814004176498e+00
1.769000000000000000e+03,1.065691736403113543e+00
1.770000000000000000e+03,-3.289568036378840987e-01
1.771000000000000000e+03,-5.911848948244989854e-01
1.772000000000000000e+03,8.935350483390568366e-01
1.773000000000000000e+03,-1.574284118783652708e+00
1.774000000000000000e+03,-1.036032931201575025e+00
1.775000000000000000e+03,2.426023988044511359e+00
1.776000000000000000e+03,1.609876466247586624e+00
1.777000000000000000e+03,2.796797395183754364e-01
1.778000000000000000e+03,1.406466330495490524e-01
1.779000000000000000e+03,-2.054017639274396956e+00
1.780000000000000000e+03,7.337922603861244397e-01
1.781000000000000000e+03,1.357764360006569637e+00
1.782000000000000000e+03,9.101784289811273299e-01
1.783000000000000000e+03,-1.006396843883834658e+00
1.784000000000000000e+03,-3.170530588249426684e-01
1.785000000000000000e+03,1.209186788971692517e+00
1.786000000000000000e+03,8.620058172558056064e-01
1.787000000000000000e+03,-1.005320911997402478e+00
1.788000000000000000e+03,-1.441652419673675301e+00
1.789000000000000000e+03,1.809972217717764842e+00
1.790000000000000000e+03,-1.812864674041598123e+00
1.791000000000000000e+03,1.756625023889400561e+00
1.792000000000000000e+03,-2.833220045717901869e-01
1.793000000000000000e+03,-8.128478080739687250e-01
1.794000000000000000e+03,-1.737150331790390689e+00
1.795000000000000000e+03,1.143611342822428018e-01
1.796000000000000000e+03,3.846930916925686561e-01
1.797000000000000000e+03,9.625441868586638305e-01
1.798000000000000000e+03,-3.937115162503816435e-01
1.799000000000000000e+03,2.585363960307534015e-01
1.800000000000000000e+03,-3.305158868968554597e-01
1.801000000000000000e+03,7.215089609073304100e-01
1.802000000000000000e+03,-3.957071207073950547e-01
1.803000000000000000e+03,-6.901048207349792518e-01
1.804000000000000000e+03,-9.887190258017107825e-01
1.805000000000000000e+03,8.364058010814028332e-01
1.806000000000000000e+03,-6.845095112422916461e-01
1.807000000000000000e+03,7.552946397393281996e-01
1.808000000000000000e+03,-8.938740369371874772e-01
1.809000000000000000e+03,-1.228815637044629261e+00
1.810000000000000000e+03,4.934917300194001655e-01
1.811000000000000000e+03,1.885487009284256832e+00
1.812000000000000000e+03,-7.928116141344091483e-01
1.813000000000000000e+03,-1.544878337095221710e+00
1.814000000000000000e+03,6.181763115529149699e-01
1.815000000000000000e+03,8.035207983390845188e-01
1.816000000000000000e+03,-6.377078483220501859e-01
1.817000000000000000e+03,-1.897907726060467648e-01
1.818000000000000000e+03,1.250599228091690440e+00
1.819000000000000000e+03,7.521033692282845795e-01
1.820000000000000000e+03,2.011721519554088289e-03
1.821000000000000000e+03,-2.474783529579929198e+00
1.822000000000000000e+03,2.655940684324213041e+00
1.823000000000000000e+03,3.367099998897674085e-01
1.824000000000000000e+03,-6.446471650077895132e-01
1.825000000000000000e+03,-1.836456368246900395e+00
1.826000000000000000e+03,1.301107643942845948e+00
1.827000000000000000e+03,-9.271288382120690397e-01
1.828000000000000000e+03,6.732226954151395715e-01
1.829000000000000000e+03,-5.522156204532744361e-01
1.830000000000000000e+03,6.618433197272980406e-01
1.831000000000000000e+03,-1.214254088858606195e+00
1.832000000000000000e+03,2.289060899458598364e+00
1.833000000000000000e+03,-3.327408562490689281e+00
1.834000000000000000e+03,2.917354560848425038e+00
1.835000000000000000e+03,2.306476016219981329e+00
1.836000000000000000e+03,6.925280007757650402e-01
1.837000000000000000e+03,-7.377085494466082416e-01
1.838000000000000000e+03,-6.380967192128396137e-01
1.839000000000000000e+03,1.226503651829701919e-01
1.840000000000000000e+03,-2.297520050105675005e-01
1.841000000000000000e+03,6.278230636341812776e-01
1.842000000000000000e+03,-8.721337525155996584e-01
1.843000000000000000e+03,6.463398844034157209e-01
1.844000000000000000e+03,4.139080021177267144e-01
1.845000000000000000e+03,-5.870069404375201083e-01
1.846000000000000000e+03,-4.336945873027706067e-02
1.847000000000000000e+03,6.429305965066854922e-01
1.848000000000000000e+03,-6.358744676928650419e-01
1.849000000000000000e+03,5.397762726078900730e-01
1.850000000000000000e+03,-3.966876401788399509e-01
1.851000000000000000e+03,-3.103362147846978059e-01
1.852000000000000000e+03,5.585539508232154615e-01
1.853000000000000000e+03,-5.611086310243658115e-01
1.854000000000000000e+03,-3.871148934892639226e-01
1.855000000000000000e+03,8.008977628918504399e-01
1.856000000000000000e+03,-1.084509961836683356e+00
1.857000000000000000e+03,1.422957224421424138e+00
1.858000000000000000e+03,-1.468693109755930370e+00
1.859000000000000000e+03,-1.640056379117651675e+00
1.860000000000000000e+03,-1.818756509489483086e+00
1.861000000000000000e+03,-1.320599246980252328e+00
1.862000000000000000e+03,7.637645294201138579e-01
1.863000000000000000e+03,1.335985028999548296e+00
1.864000000000000000e+03,-1.055659031092773370e+00
1.865000000000000000e+03,-6.811856361931067916e-01
1.866000000000000000e+03,1.229575181048914168e+00
1.867000000000000000e+03,2.691891625082166728e-01
1.868000000000000000e+03,-1.674234258793500407e+00
1.869000000000000000e+03,2.622165177718401297e-01
1.870000000000000000e+03,6.146179185197354622e-01
1.871000000000000000e+03,2.259706964469878621e+00
1.872000000000000000e+03,1.221313653743749450e+00
1.873000000000000000e+03,-1.676425322041220412e+00
1.874000000000000000e+03,9.308194113474417275e-01
1.875000000000000000e+03,-5.184933886574755180e-01
1.876000000000000000e+03,5.198806289511276324e-01
1.877000000000000000e+03,-9.174054949051781982e-01
1.878000000000000000e+03,1.538033551544774280e+00
1.879000000000000000e+03,-6.723418192598127341e-01
1.880000000000000000e+03,-1.604007743292118926e+00
1.881000000000000000e+03,1.375272875814728124e+00
1.882000000000000000e+03,1.602082301689349564e-01
1.883000000000000000e+03,-7.857052167675818710e-01
1.884000000000000000e+03,-1.042476938629096850e+00
1.885000000000000000e+03,1.333611841770792728e+00
1.886000000000000000e+03,5.893743490989445943e-01
1.887000000000000000e+03,-8.934104178891896231e-01
1.888000000000000000e+03,-1.144662845085619329e+00
1.889000000000000000e+03,6.682856729762123305e-01
1.890000000000000000e+03,-5.606458941374081739e-01
1.891000000000000000e+03,8.844316212841802916e-01
1.892000000000000000e+03,-1.775785543950868517e+00
1.893000000000000000e+03,2.429964784295405522e+00
1.894000000000000000e+03,1.722194205925859700e+00
1.895000000000000000e+03,-9.563232221396767985e-01
1.896000000000000000e+03,-1.774920054514976364e+00
1.897000000000000000e+03,1.061638886859000541e+00
1.898000000000000000e+03,-1.108377532781722324e-01
1.899000000000000000e+03,-8.729746929771420305e-01
1.900000000000000000e+03,8.821947652910338000e-01
1.901000000000000000e+03,7.176167563803863558e-01
1.902000000000000000e+03,-7.294457953367011749e-01
1.903000000000000000e+03,-2.005783761572861590e-01
1.904000000000000000e+03,1.901380404065516616e-01
1.905000000000000000e+03,-1.261253891676640260e-01
1.906000000000000000e+03,5.478878673459790516e-01
1.907000000000000000e+03,3.175502294558478766e-01
1.908000000000000000e+03,-1.485509136289976384e+00
1.909000000000000000e+03,1.180835941287018409e+00
1.910000000000000000e+03,1.678783043013792220e+00
1.911000000000000000e+03,-1.190263570222409584e+00
1.912000000000000000e+03,4.100621528724303078e-01
1.913000000000000000e+03,-1.105613314886315368e-01
1.914000000000000000e+03,1.208893507930349775e-01
1.915000000000000000e+03,2.291955959098117279e-02
1.916000000000000000e+03,-5.800985641008883364e-01
1.917000000000000000e+03,8.823507673354940017e-01
1.918000000000000000e+03,-1.099936361463093482e+00
1.919000000000000000e+03,1.010769973189042270e+00
1.920000000000000000e+03,1.232698232248083281e+00
1.921000000000000000e+03,-1.739469708002293391e+00
1.922000000000000000e+03,1.243327645288900607e+00
1.923000000000000000e+03,8.264635330946999980e-01
1.924000000000000000e+03,-7.036849959218561823e-01
1.925000000000000000e+03,2.907414649610975399e-01
1.926000000000000000e+03,-1.493358711289647367e-01
1.927000000000000000e+03,1.522575348863616229e-01
1.928000000000000000e+03,-5.094506222738452196e-03
1.929000000000000000e+03,-4.207679912359361118e-01
1.930000000000000000e+03,9.796268723982717308e-01
1.931000000000000000e+03,2.275916778326584899e-01
1.932000000000000000e+03,-1.420741267949039432e+00
1.933000000000000000e+03,1.242255254902814521e+00
1.934000000000000000e+03,-6.150989777900993660e-01
1.935000000000000000e+03,-2.094671303831472375e-01
1.936000000000000000e+03,3.188618868091566694e-01
1.937000000000000000e+03,-4.045679826642142318e-01
1.938000000000000000e+03,5.370641269618040559e-01
1.939000000000000000e+03,-4.562056532584389257e-01
1.940000000000000000e+03,3.288181912839396870e-01
1.941000000000000000e+03,-2.889146616106998411e-01
1.942000000000000000e+03,3.007922294557453524e-01
1.943000000000000000e+03,2.458879488800392588e-01
1.944000000000000000e+03,-6.350856505529364204e-01
1.945000000000000000e+03,7.499444687980851842e-01
1.946000000000000000e+03,1.041374090377768624e+00
1.947000000000000000e+03,-1.705261737489391249e+00
1.948000000000000000e+03,1.630087245146003117e+00
1.949000000000000000e+03,-1.241766770695275524e+00
1.950000000000000000e+03,9.165065940451030402e-01
1.951000000000000000e+03,-8.453909904338572368e-01
1.952000000000000000e+03,1.005740228657497903e+00
1.953000000000000000e+03,-3.487370124423074258e-01
1.954000000000000000e+03,-1.282825375049469363e+00
1.955000000000000000e+03,7.172861942681270087e-01
1.956000000000000000e+03,1.181301346952651876e+00
1.957000000000000000e+03,9.000357336099439332e-01
1.958000000000000000e+03,-9.554188416238202919e-01
1.959000000000000000e+03,1.017493113258208126e+00
1.960000000000000000e+03,-1.201775731352342058e+00
1.961000000000000000e+03,1.359505740565127851e+00
1.962000000000000000e+03,-1.364850663194847824e+00
1.963000000000000000e+03,-8.791872680981092925e-02
1.964000000000000000e+03,1.557023017582093605e+00
1.965000000000000000e+03,-3.923214072954622211e-01
1.966000000000000000e+03,-1.738387198835909642e+00
1.967000000000000000e+03,1.883106095016698012e+00
1.968000000000000000e+03,1.181519889509498489e+00
1.969000000000000000e+03,-2.245363979573277380e+00
1.970000000000000000e+03,6.839342069773808597e-02
1.971000000000000000e+03,2.139424811197189413e+00
1.972000000000000000e+03,1.337032112946974660e+00
1.973000000000000000e+03,8.388702431291273909e-01
1.974000000000000000e+03,-1.647849537929932717e+00
1.975000000000000000e+03,1.252159132918282625e+00
1.976000000000000000e+03,-5.668643491710929627e-01
1.977000000000000000e+03,-7.527380457153468596e-01
1.978000000000000000e+03,6.649553250143260819e-01
1.979000000000000000e+03,-5.619209446350781345e-01
1.980000000000000000e+03,4.511675686357108361e-01
1.981000000000000000e+03,-3.549415898521419699e-01
1.982000000000000000e+03,3.715682077687165047e-02
1.983000000000000000e+03,4.680601456713164299e-01
1.984000000000000000e+03,1.864540915105455249e-02
1.985000000000000000e+03,-7.713760408518769429e-01
1.986000000000000000e+03,1.130931187025069784e+00
1.987000000000000000e+03,-1.351712364587964510e+00
1.988000000000000000e+03,-7.257844002119780979e-01
1.989000000000000000e+03,1.607317619556793087e+00
1.990000000000000000e+03,-2.308120062304584996e-01
1.991000000000000000e+03,-1.110759781748559494e+00
1.992000000000000000e+03,5.691758848496774048e-01
1.993000000000000000e+03,-2.589603711105257777e-01
1.994000000000000000e+03,1.073858723948740296e-02
1.995000000000000000e+03,1.987447063707531991e-01
1.996000000000000000e+03,-3.861507250352075871e-01
1.997000000000000000e+03,-3.607864806607897767e-01
1.998000000000000000e+03,6.193736627903465575e-01
1.999000000000000000e+03,-6.909101664527860232e-01
2.000000000000000000e+03,7.197534044635665040e-01
2.001000000000000000e+03,4.895008412860852309e-01
2.002000000000000000e+03,-1.160114413212088857e+00
2.003000000000000000e+03,1.525671753293200261e+00
2.004000000000000000e+03,-1.802225864827022406e+00
2.005000000000000000e+03,1.950628402393846939e+00
2.006000000000000000e+03,-1.384633213018307663e+00
2.007000000000000000e+03,-1.997329004023065124e+00
2.008000000000000000e+03,-1.437685066088802088e+00
