8.960000000000000000e+02,-8.730983431258268479e-02
8.970000000000000000e+02,-3.237298045937858550e-03
8.980000000000000000e+02,9.504600995175330191e-02
8.990000000000000000e+02,-1.049211005508243477e-01
9.000000000000000000e+02,-4.599684823792313249e-02
9.010000000000000000e+02,9.916223337862641041e-02
9.020000000000000000e+02,1.331195145158984572e-01
9.030000000000000000e+02,4.244535260519231856e-02
9.040000000000000000e+02,-1.449990213617592671e-01
9.050000000000000000e+02,3.147294724959395079e-02
9.060000000000000000e+02,1.011202137098158871e-01
9.070000000000000000e+02,1.185817722213619585e-01
9.080000000000000000e+02,-6.512533511718680834e-02
9.090000000000000000e+02,-9.251004762071998733e-02
9.100000000000000000e+02,8.001956966487998313e-02
9.110000000000000000e+02,-5.836702994974985598e-02
9.120000000000000000e+02,-4.073725080010593552e-02
9.130000000000000000e+02,8.280412847630730377e-02
9.140000000000000000e+02,-9.870001853586955753e-02
9.150000000000000000e+02,9.741273057125178492e-02
9.160000000000000000e+02,-7.435328246504900596e-02
9.170000000000000000e+02,5.127046764686461061e-02
9.180000000000000000e+02,-4.834233694385635383e-02
9.190000000000000000e+02,6.817345647830676258e-02
9.200000000000000000e+02,-1.019293988008863755e-01
9.210000000000000000e+02,1.331167910897176621e-01
9.220000000000000000e+02,3.149305784545641806e-03
9.230000000000000000e+02,-1.680327817610325070e-01
9.240000000000000000e+02,-7.730393673153203304e-02
9.250000000000000000e+02,2.038182739416228295e-01
9.260000000000000000e+02,-6.668702865626818799e-03
9.270000000000000000e+02,-2.351567990903024041e-01
9.280000000000000000e+02,5.866083699220715417e-03
9.290000000000000000e+02,2.353477401842053729e-01
9.300000000000000000e+02,9.332237823604852545e-02
9.310000000000000000e+02,-2.216433147064774678e-01
9.320000000000000000e+02,1.832458022191866265e-01
9.330000000000000000e+02,1.366036072411263846e-01
9.340000000000000000e+02,-7.759484419281564849e-02
9.350000000000000000e+02,-1.984983636883121683e-01
9.360000000000000000e+02,1.799658864250801849e-01
9.370000000000000000e+02,-7.443229615269685018e-02
9.380000000000000000e+02,-1.058634000290084032e-01
9.390000000000000000e+02,8.049757427979752078e-02
9.400000000000000000e+02,-8.274847341991954652e-02
9.410000000000000000e+02,-2.953499231517841064e-02
9.420000000000000000e+02,1.478121581040152399e-01
9.430000000000000000e+02,-1.941758025054519665e-01
9.440000000000000000e+02,1.999248676551406145e-01
9.450000000000000000e+02,-1.148827823907327406e-01
9.460000000000000000e+02,-1.352337424984373648e-01
9.470000000000000000e+02,1.249419415564657909e-01
9.480000000000000000e+02,-1.289378843843475841e-01
9.490000000000000000e+02,1.632500271390072699e-01
9.500000000000000000e+02,4.285624450577568689e-02
9.510000000000000000e+02,-6.459545066620166198e-02
9.520000000000000000e+02,-2.571983223324743606e-01
9.530000000000000000e+02,2.760955827333904100e-01
9.540000000000000000e+02,-2.282223781779783855e-01
9.550000000000000000e+02,-9.751383293554486895e-03
9.560000000000000000e+02,1.906292786184878851e-01
9.570000000000000000e+02,-1.954071827800885064e-01
9.580000000000000000e+02,8.817966762117285251e-02
9.590000000000000000e+02,2.126227126574572746e-01
9.600000000000000000e+02,2.015230162182391205e-01
9.610000000000000000e+02,-1.882061290129894426e-01
9.620000000000000000e+02,1.387415722778749250e-01
9.630000000000000000e+02,-9.432592506111524278e-02
9.640000000000000000e+02,2.610805598674686631e-02
9.650000000000000000e+02,8.530357770106779258e-02
9.660000000000000000e+02,-1.369456034340079120e-01
9.670000000000000000e+02,1.854961267975316075e-01
9.680000000000000000e+02,-1.427461003461867051e-01
9.690000000000000000e+02,-2.103718058115702505e-01
9.700000000000000000e+02,1.006185313615317184e-01
9.710000000000000000e+02,1.988939792203520684e-01
9.720000000000000000e+02,-1.654077339099019328e-01
9.730000000000000000e+02,1.159982959848357420e-03
9.740000000000000000e+02,1.157798714504405108e-01
9.750000000000000000e+02,-9.236219683326854502e-02
9.760000000000000000e+02,7.845568735442948194e-02
9.770000000000000000e+02,-6.379577786313911369e-02
9.780000000000000000e+02,5.196109604513699659e-02
9.790000000000000000e+02,-5.710660043181668005e-02
9.800000000000000000e+02,1.012646486555317110e-01
9.810000000000000000e+02,-6.436356136172949327e-02
9.820000000000000000e+02,-1.856941322029944108e-01
9.830000000000000000e+02,2.161418568770347437e-01
9.840000000000000000e+02,5.208840535283371098e-02
9.850000000000000000e+02,-1.496453277583746633e-01
9.860000000000000000e+02,8.697299665120178380e-02
9.870000000000000000e+02,-6.967317906195065469e-02
9.880000000000000000e+02,8.744442798997491273e-02
9.890000000000000000e+02,6.433630510469817709e-02
9.900000000000000000e+02,-1.118223040470822244e-01
9.910000000000000000e+02,-1.834176085680191970e-01
9.920000000000000000e+02,2.038827307036964187e-01
9.930000000000000000e+02,1.785865103897528450e-01
9.940000000000000000e+02,7.087371677121076519e-02
9.950000000000000000e+02,-1.816778825458925661e-01
9.960000000000000000e+02,1.444675451158635576e-02
9.970000000000000000e+02,1.238561237670713633e-01
9.980000000000000000e+02,8.262013885633014143e-02
9.990000000000000000e+02,-6.043273245174506786e-02
1.000000000000000000e+03,-1.307645337874134561e-01
1.001000000000000000e+03,-1.287936159236900968e-01
1.002000000000000000e+03,1.621063299581425865e-01
1.003000000000000000e+03,2.218364379462790803e-02
1.004000000000000000e+03,-4.478179769594081011e-02
1.005000000000000000e+03,-1.591202784724061459e-01
1.006000000000000000e+03,1.279344698088548116e-01
1.007000000000000000e+03,-6.005827671230101750e-02
1.008000000000000000e+03,-6.902156726006219989e-02
1.009000000000000000e+03,3.644850122272875678e-03
1.010000000000000000e+03,4.285231219943378550e-02
1.011000000000000000e+03,-6.912066414406423109e-02
1.012000000000000000e+03,1.032633579180065875e-01
1.013000000000000000e+03,-1.364640470971619779e-01
1.014000000000000000e+03,1.084773129399407149e-02
1.015000000000000000e+03,1.657645288248139337e-01
1.016000000000000000e+03,9.484838308322825207e-02
1.017000000000000000e+03,-1.842713336901390386e-01
1.018000000000000000e+03,-1.738141984091234535e-02
1.019000000000000000e+03,1.973558334582817819e-01
1.020000000000000000e+03,-1.609992623261597700e-01
1.021000000000000000e+03,-1.363402079605377792e-01
1.022000000000000000e+03,-8.224612433487892005e-02
1.023000000000000000e+03,9.483210832033803217e-02
1.024000000000000000e+03,1.060254153103011437e-01
1.025000000000000000e+03,-6.579526217134729071e-02
1.026000000000000000e+03,-2.057051956015621894e-02
1.027000000000000000e+03,5.057056228507612189e-02
1.028000000000000000e+03,-5.114243802003703293e-02
1.029000000000000000e+03,3.986087432099160582e-02
1.030000000000000000e+03,5.168062079459997959e-02
1.031000000000000000e+03,-4.499772190576520337e-02
1.032000000000000000e+03,-4.064137172195172315e-02
1.033000000000000000e+03,3.893308531155924984e-02
1.034000000000000000e+03,-3.077929808239817863e-02
1.035000000000000000e+03,5.943728162512835339e-03
1.036000000000000000e+03,4.118258627596779048e-02
1.037000000000000000e+03,1.834883253293105587e-02
1.038000000000000000e+03,-5.780517958470374196e-02
1.039000000000000000e+03,2.339335747846903180e-02
1.040000000000000000e+03,4.917103520594059279e-02
1.041000000000000000e+03,-4.363911020712100963e-02
1.042000000000000000e+03,4.799775173766967357e-02
1.043000000000000000e+03,-7.461455089864178769e-02
1.044000000000000000e+03,1.272826504566766104e-01
1.045000000000000000e+03,-1.897257482803184070e-01
1.046000000000000000e+03,2.185427174770379066e-01
1.047000000000000000e+03,1.747568279380699308e-01
1.048000000000000000e+03,7.180571848911725119e-02
1.049000000000000000e+03,-1.066829817975230577e-01
1.050000000000000000e+03,-2.215994131347332197e-01
1.051000000000000000e+03,-2.344443518713925922e-01
1.052000000000000000e+03,8.885771946205146821e-02
1.053000000000000000e+03,2.031512379696767678e-01
1.054000000000000000e+03,-3.995402907516560492e-03
1.055000000000000000e+03,-1.153222212513411171e-01
1.056000000000000000e+03,4.546497948436913766e-02
1.057000000000000000e+03,-1.703122276071694988e-02
1.058000000000000000e+03,1.466560737988096934e-02
1.059000000000000000e+03,-4.089113706837863710e-02
1.060000000000000000e+03,1.023143923951118084e-01
1.061000000000000000e+03,-1.432558488217128001e-01
1.062000000000000000e+03,1.330021064864385094e-01
1.063000000000000000e+03,-1.011985551514273107e-01
1.064000000000000000e+03,8.968362389765857645e-02
1.065000000000000000e+03,-1.103127539742570218e-01
1.066000000000000000e+03,1.512277326432603930e-01
1.067000000000000000e+03,-1.786473720971082368e-01
1.068000000000000000e+03,1.792614219374502604e-01
1.069000000000000000e+03,-1.633487925366985394e-01
1.070000000000000000e+03,5.411322410661423971e-02
1.071000000000000000e+03,1.407092705670649757e-01
1.072000000000000000e+03,1.004907777937502078e-01
1.073000000000000000e+03,-1.091615080191844778e-01
1.074000000000000000e+03,4.057109274143933658e-02
1.075000000000000000e+03,6.398930993664470046e-02
1.076000000000000000e+03,-3.991380401947975526e-02
1.077000000000000000e+03,3.144549015146525656e-02
1.078000000000000000e+03,-3.265441670475100616e-02
1.079000000000000000e+03,4.557368592866953283e-02
1.080000000000000000e+03,-7.947320149882669549e-02
1.081000000000000000e+03,1.252654497394303512e-01
1.082000000000000000e+03,1.959624227362685711e-01
1.083000000000000000e+03,1.832474742853416882e-02
1.084000000000000000e+03,-3.115001625038187338e-01
1.085000000000000000e+03,3.366720343737173438e-01
1.086000000000000000e+03,-2.454969602636578041e-01
1.087000000000000000e+03,-1.463726796558355858e-01
1.088000000000000000e+03,1.899179104528055384e-01
1.089000000000000000e+03,-1.451256198856966106e-01
1.090000000000000000e+03,1.195275082841043141e-01
1.091000000000000000e+03,1.306331112025715113e-01
1.092000000000000000e+03,1.168200477426544065e-01
1.093000000000000000e+03,8.072930752179986735e-02
1.094000000000000000e+03,-2.741763993248309828e-02
1.095000000000000000e+03,-1.665275714577344190e-01
1.096000000000000000e+03,1.436229374909884227e-01
1.097000000000000000e+03,2.001056013142577319e-02
1.098000000000000000e+03,-1.067722201557193551e-01
1.099000000000000000e+03,8.828845834442430873e-02
1.100000000000000000e+03,-4.181927451721416389e-02
1.101000000000000000e+03,-7.605884051305911164e-02
1.102000000000000000e+03,8.015410490950623801e-02
1.103000000000000000e+03,-7.903723315362594370e-02
1.104000000000000000e+03,9.494194788911944349e-02
1.105000000000000000e+03,-1.011903082880986210e-01
1.106000000000000000e+03,-1.215969957041358324e-01
1.107000000000000000e+03,1.616451819801129064e-01
1.108000000000000000e+03,-1.212467217220557503e-01
1.109000000000000000e+03,8.664216473240766991e-02
1.110000000000000000e+03,-9.587633194822217653e-02
1.111000000000000000e+03,1.591172754500224384e-01
1.112000000000000000e+03,-2.405566213452783875e-01
1.113000000000000000e+03,-6.529029673128404487e-02
1.114000000000000000e+03,2.095629606737206552e-01
1.115000000000000000e+03,-9.510250098072660363e-02
1.116000000000000000e+03,4.985032934784461994e-02
1.117000000000000000e+03,-5.827917113365804064e-02
1.118000000000000000e+03,1.210308066832600782e-01
1.119000000000000000e+03,-1.793664345535753712e-01
1.120000000000000000e+03,1.815434475579940365e-01
1.121000000000000000e+03,-1.649766504500110587e-01
1.122000000000000000e+03,1.715392034902336604e-01
1.123000000000000000e+03,-1.533789998967645396e-01
1.124000000000000000e+03,-1.825022963789174613e-01
1.125000000000000000e+03,2.570496017318006921e-01
1.126000000000000000e+03,-1.788739337499020143e-01
1.127000000000000000e+03,-2.095863992690961686e-01
1.128000000000000000e+03,-1.476841944572447884e-01
1.129000000000000000e+03,1.182621772735294174e-01
1.130000000000000000e+03,-1.041815474790054319e-01
1.131000000000000000e+03,1.119382881423736653e-01
1.132000000000000000e+03,-1.240855295289938487e-01
1.133000000000000000e+03,-4.322344547558109457e-02
1.134000000000000000e+03,8.504408520805212257e-02
1.135000000000000000e+03,1.154857640308956379e-01
1.136000000000000000e+03,-1.006425016099080083e-01
1.137000000000000000e+03,8.009183163071219302e-02
1.138000000000000000e+03,-7.551547250829244995e-02
1.139000000000000000e+03,6.894423718923908817e-02
1.140000000000000000e+03,1.037085559423527453e-01
1.141000000000000000e+03,1.581053193729302642e-01
1.142000000000000000e+03,1.248618274577224657e-01
1.143000000000000000e+03,1.189421367961216308e-01
1.144000000000000000e+03,7.024760568287494178e-02
1.145000000000000000e+03,-5.272225171295933516e-02
1.146000000000000000e+03,-2.057464085155981115e-01
1.147000000000000000e+03,1.366279874374534409e-01
1.148000000000000000e+03,-6.967549289004176805e-02
1.149000000000000000e+03,4.289834057562814940e-02
1.150000000000000000e+03,-5.792631750638108090e-02
1.151000000000000000e+03,1.214537723347783038e-01
1.152000000000000000e+03,-1.805699317256356240e-01
1.153000000000000000e+03,1.731196254076617924e-01
1.154000000000000000e+03,-1.195168623861297130e-01
1.155000000000000000e+03,8.087489548607944279e-02
1.156000000000000000e+03,-8.216266829536132688e-02
1.157000000000000000e+03,5.763678631294611582e-02
1.158000000000000000e+03,1.671672464914473466e-01
1.159000000000000000e+03,-1.500617044450597293e-01
1.160000000000000000e+03,-2.686093052386845925e-01
1.161000000000000000e+03,3.360609741139333750e-01
1.162000000000000000e+03,-3.015285009814474559e-01
1.163000000000000000e+03,2.123870016941205308e-01
1.164000000000000000e+03,5.111831184934536275e-03
1.165000000000000000e+03,-1.151841431026506685e-01
1.166000000000000000e+03,3.516674192897584900e-02
1.167000000000000000e+03,6.223201960598755828e-02
1.168000000000000000e+03,-9.114095629669169418e-02
1.169000000000000000e+03,1.190828578648228525e-01
1.170000000000000000e+03,-1.409947169224388397e-01
1.171000000000000000e+03,1.535389098593546719e-01
1.172000000000000000e+03,-1.571430213637925177e-01
1.173000000000000000e+03,2.237080340399138362e-02
1.174000000000000000e+03,2.800771279304160866e-02
1.175000000000000000e+03,1.535603633553992431e-01
1.176000000000000000e+03,-1.504349834406544240e-01
1.177000000000000000e+03,1.321324040112691334e-01
1.178000000000000000e+03,-1.064552557120890114e-01
1.179000000000000000e+03,7.956193845379888607e-02
1.180000000000000000e+03,-6.752955735461467490e-02
1.181000000000000000e+03,4.394338097267227322e-02
1.182000000000000000e+03,8.759616553318833043e-02
1.183000000000000000e+03,-1.441384283244143971e-01
1.184000000000000000e+03,1.306525904404710614e-01
1.185000000000000000e+03,-7.587145108005359517e-02
1.186000000000000000e+03,4.913664249549579144e-02
1.187000000000000000e+03,-6.295463674172908919e-02
1.188000000000000000e+03,1.058606567592903641e-01
1.189000000000000000e+03,-1.192729653477512392e-01
1.190000000000000000e+03,9.978516549790829304e-02
1.191000000000000000e+03,-8.801878270027882478e-02
1.192000000000000000e+03,9.116528865436178408e-02
1.193000000000000000e+03,-9.236404144916239567e-02
1.194000000000000000e+03,8.406165584492343579e-02
1.195000000000000000e+03,-7.971322513543553645e-02
1.196000000000000000e+03,8.839195700875875084e-02
1.197000000000000000e+03,-8.877331291735773844e-02
1.198000000000000000e+03,-8.930164213569485865e-02
1.199000000000000000e+03,1.429471233774320948e-01
1.200000000000000000e+03,-1.542184949273240901e-01
1.201000000000000000e+03,1.338649876043072895e-01
1.202000000000000000e+03,7.034949859691420893e-02
1.203000000000000000e+03,-7.998464932159675411e-02
1.204000000000000000e+03,-9.806540937507431110e-02
1.205000000000000000e+03,9.847738053057301932e-02
1.206000000000000000e+03,-4.837063680743423910e-02
1.207000000000000000e+03,-9.337075517828280491e-02
1.208000000000000000e+03,1.163690636884653490e-01
1.209000000000000000e+03,4.286359056349246105e-02
1.210000000000000000e+03,-1.094519567638895519e-01
1.211000000000000000e+03,6.882647341061760848e-02
1.212000000000000000e+03,-3.911188360699091593e-02
1.213000000000000000e+03,2.857891066775320246e-02
1.214000000000000000e+03,-1.539980436539156207e-02
1.215000000000000000e+03,-3.581909004530058754e-02
1.216000000000000000e+03,6.529350802598711534e-02
1.217000000000000000e+03,8.463702542801812209e-03
1.218000000000000000e+03,-1.154675413549828417e-01
1.219000000000000000e+03,2.007130698013618875e-01
1.220000000000000000e+03,-3.031712511279749944e-01
1.221000000000000000e+03,-1.495318878762368076e-02
1.222000000000000000e+03,3.599900067193857467e-01
1.223000000000000000e+03,2.127302047180905931e-01
1.224000000000000000e+03,-1.283344092322771281e-02
1.225000000000000000e+03,-1.637742509219877463e-01
1.226000000000000000e+03,4.002600806846990517e-02
1.227000000000000000e+03,-2.485506562264943806e-02
1.228000000000000000e+03,4.061240487783610714e-02
1.229000000000000000e+03,-1.076010375052009471e-01
1.230000000000000000e+03,1.837219554164661595e-01
1.231000000000000000e+03,-9.081349539128601156e-02
1.232000000000000000e+03,-1.748067650405505935e-01
1.233000000000000000e+03,1.186803665355286169e-01
1.234000000000000000e+03,-6.408945042621015664e-02
1.235000000000000000e+03,3.956765782269230924e-02
1.236000000000000000e+03,-4.437099437771743066e-02
1.237000000000000000e+03,7.037228710849857682e-02
1.238000000000000000e+03,1.201912527606642384e-01
1.239000000000000000e+03,-3.143901176321594465e-02
1.240000000000000000e+03,-1.999328426756680765e-01
1.241000000000000000e+03,1.974112174086133376e-01
1.242000000000000000e+03,-1.484381913927114993e-01
1.243000000000000000e+03,1.074641209421489108e-01
1.244000000000000000e+03,-9.928925187588971690e-02
1.245000000000000000e+03,1.174779499752513917e-01
1.246000000000000000e+03,-1.316045264102124468e-01
1.247000000000000000e+03,1.160716179050691327e-01
1.248000000000000000e+03,-7.312457730384468169e-02
1.249000000000000000e+03,-4.836518224833605967e-02
1.250000000000000000e+03,1.050357610533285552e-01
1.251000000000000000e+03,-1.550188960890963863e-01
1.252000000000000000e+03,2.046028946677154459e-01
1.253000000000000000e+03,1.084039514670636362e-01
1.254000000000000000e+03,-1.323451019130476858e-01
1.255000000000000000e+03,-2.306922508289278584e-01
1.256000000000000000e+03,2.322978934320187316e-01
1.257000000000000000e+03,4.802536863002242196e-02
1.258000000000000000e+03,-1.347612144937370693e-01
1.259000000000000000e+03,-2.091115780747745401e-01
1.260000000000000000e+03,1.507327974939317097e-02
1.261000000000000000e+03,2.649064468897782340e-02
1.262000000000000000e+03,6.205488315283515938e-02
1.263000000000000000e+03,1.791850758863162973e-01
1.264000000000000000e+03,1.698110820387556119e-01
1.265000000000000000e+03,-1.835453224973890574e-01
1.266000000000000000e+03,2.087559037027577474e-02
1.267000000000000000e+03,2.086742481019725204e-01
1.268000000000000000e+03,-9.087226751924680490e-02
1.269000000000000000e+03,-2.443155812375439329e-01
1.270000000000000000e+03,2.990356719710733913e-01
1.271000000000000000e+03,-2.808437991141206624e-01
1.272000000000000000e+03,2.280746475980860721e-01
1.273000000000000000e+03,-1.767969094391016460e-01
1.274000000000000000e+03,1.312033816336484471e-01
1.275000000000000000e+03,5.248415735559320422e-02
1.276000000000000000e+03,-1.255921755122072492e-01
1.277000000000000000e+03,2.518906373745815122e-02
1.278000000000000000e+03,6.151577673207064140e-02
1.279000000000000000e+03,-4.277120479510277545e-02
1.280000000000000000e+03,6.009069664208310790e-02
1.281000000000000000e+03,-1.037508357401417669e-01
1.282000000000000000e+03,1.006395999220297127e-01
1.283000000000000000e+03,-7.023305290202762341e-02
1.284000000000000000e+03,7.377448961567155405e-02
1.285000000000000000e+03,-1.260099745062937260e-01
1.286000000000000000e+03,-1.167878933469730929e-01
1.287000000000000000e+03,6.266134594932014357e-02
1.288000000000000000e+03,1.342381655331781054e-01
1.289000000000000000e+03,-6.215735660166998161e-02
1.290000000000000000e+03,4.863520584251777162e-02
1.291000000000000000e+03,-7.931804564579825190e-02
1.292000000000000000e+03,1.482068696528738572e-01
1.293000000000000000e+03,-1.848976582712641148e-01
1.294000000000000000e+03,1.678433954287845142e-01
1.295000000000000000e+03,-1.020514938072729777e-01
1.296000000000000000e+03,-9.050287184052779876e-02
1.297000000000000000e+03,1.381287777881321233e-01
1.298000000000000000e+03,-1.772874476092896889e-01
1.299000000000000000e+03,-2.301418285119831431e-02
1.300000000000000000e+03,2.394638603256007692e-01
1.301000000000000000e+03,-1.745121757373557236e-01
1.302000000000000000e+03,-2.062483742622095717e-01
1.303000000000000000e+03,2.093063092696293703e-01
1.304000000000000000e+03,-1.736277789066897892e-01
1.305000000000000000e+03,1.231369020387519664e-01
1.306000000000000000e+03,7.498475490321966641e-02
1.307000000000000000e+03,2.700666558851061091e-02
1.308000000000000000e+03,-1.684467112248601850e-01
1.309000000000000000e+03,-1.638592401739537296e-02
1.310000000000000000e+03,1.896086074835249546e-01
1.311000000000000000e+03,-1.464749823684509122e-01
1.312000000000000000e+03,6.583928678292608194e-02
1.313000000000000000e+03,-3.183776725551914349e-02
1.314000000000000000e+03,4.610426926715218560e-02
1.315000000000000000e+03,-1.223732283592865178e-01
1.316000000000000000e+03,1.715234473772275781e-01
1.317000000000000000e+03,-1.753159885504230742e-01
1.318000000000000000e+03,1.898597449712106366e-01
1.319000000000000000e+03,-2.263966896743038193e-01
1.320000000000000000e+03,1.480433734975546423e-01
1.321000000000000000e+03,2.279512440810134710e-01
1.322000000000000000e+03,-1.204866754312175769e-01
1.323000000000000000e+03,-1.680090920209687255e-01
1.324000000000000000e+03,-5.076727270386437868e-02
1.325000000000000000e+03,1.047453922566727452e-01
1.326000000000000000e+03,-1.078677211524374235e-01
1.327000000000000000e+03,-9.531942564374894233e-02
1.328000000000000000e+03,1.878733050338446675e-01
1.329000000000000000e+03,-2.145530464808590443e-01
1.330000000000000000e+03,1.698916924274823936e-01
1.331000000000000000e+03,1.275036657826019715e-01
1.332000000000000000e+03,-1.698153872823094934e-01
1.333000000000000000e+03,1.158100289476648448e-01
1.334000000000000000e+03,8.842668344915274869e-02
1.335000000000000000e+03,-9.786784072326430717e-02
1.336000000000000000e+03,5.142215446633171400e-02
1.337000000000000000e+03,-2.424052612955556602e-02
1.338000000000000000e+03,2.439185471908236758e-02
1.339000000000000000e+03,1.326526407810945350e-03
1.340000000000000000e+03,-2.702870582988477210e-02
1.341000000000000000e+03,-1.360785409924024636e-01
1.342000000000000000e+03,1.986392536747455806e-01
1.343000000000000000e+03,-6.358065037402209352e-02
1.344000000000000000e+03,-1.767621205674533291e-01
1.345000000000000000e+03,1.317938673786933357e-01
1.346000000000000000e+03,-7.616369124056295015e-02
1.347000000000000000e+03,-1.627116056285428727e-02
1.348000000000000000e+03,6.132526026318907419e-02
1.349000000000000000e+03,-7.800903921791559059e-02
1.350000000000000000e+03,1.028707254011299588e-01
1.351000000000000000e+03,-1.164338865650035582e-01
1.352000000000000000e+03,-4.229378251117300175e-02
1.353000000000000000e+03,1.100493312109081384e-01
1.354000000000000000e+03,3.828358332740086634e-02
1.355000000000000000e+03,-7.372942143386930491e-02
1.356000000000000000e+03,5.197962355542472268e-02
1.357000000000000000e+03,-1.159007180333971460e-02
1.358000000000000000e+03,-4.886069760916428306e-02
1.359000000000000000e+03,6.494909846379043339e-02
1.360000000000000000e+03,-7.319050935673576674e-02
1.361000000000000000e+03,7.771602361635547573e-02
1.362000000000000000e+03,-8.688645016175770841e-02
1.363000000000000000e+03,1.080799610260056443e-01
1.364000000000000000e+03,-1.347775515686620296e-01
1.365000000000000000e+03,-8.984738893623517297e-02
1.366000000000000000e+03,1.533639011160166377e-01
1.367000000000000000e+03,1.980725987859710546e-01
1.368000000000000000e+03,1.334106157295304462e-01
1.369000000000000000e+03,-3.567885359606603329e-02
1.370000000000000000e+03,-1.381724950085732317e-01
1.371000000000000000e+03,1.035993864114127111e-01
1.372000000000000000e+03,-8.019377235522283376e-02
1.373000000000000000e+03,4.751784134994441883e-02
1.374000000000000000e+03,8.082146334274041555e-02
1.375000000000000000e+03,3.769148994277318754e-02
1.376000000000000000e+03,-1.299147529183599936e-01
1.377000000000000000e+03,1.567364471134606585e-02
1.378000000000000000e+03,1.683203506548379691e-01
1.379000000000000000e+03,-2.006729177035243283e-01
1.380000000000000000e+03,-2.108935915644499087e-02
1.381000000000000000e+03,2.256747287353003673e-01
1.382000000000000000e+03,4.864917803820330289e-02
1.383000000000000000e+03,-1.850297288324263649e-03
1.384000000000000000e+03,-4.042128451016758356e-02
1.385000000000000000e+03,-1.829365732141708945e-01
1.386000000000000000e+03,-3.399844077941337889e-02
1.387000000000000000e+03,1.349560661347321833e-01
1.388000000000000000e+03,-9.051433901900354795e-02
1.389000000000000000e+03,-9.999441423015405228e-02
1.390000000000000000e+03,-4.486393647168994414e-02
1.391000000000000000e+03,9.665917984016018927e-02
1.392000000000000000e+03,-9.823661133148797742e-02
1.393000000000000000e+03,-1.136497567696833494e-02
1.394000000000000000e+03,9.602311899747797974e-02
1.395000000000000000e+03,-8.015130417236265847e-02
1.396000000000000000e+03,6.673289511731209100e-02
1.397000000000000000e+03,-6.412850362333787080e-02
1.398000000000000000e+03,7.032042297146488818e-02
1.399000000000000000e+03,-7.835537983302293119e-02
1.400000000000000000e+03,8.948592272660185754e-02
1.401000000000000000e+03,-1.117208210450009592e-01
1.402000000000000000e+03,1.420087121174318789e-01
1.403000000000000000e+03,-1.556538641027000180e-01
1.404000000000000000e+03,1.171699798380530094e-01
1.405000000000000000e+03,1.484864980533721207e-02
1.406000000000000000e+03,-5.120085149365751626e-02
1.407000000000000000e+03,4.179067114132009597e-02
1.408000000000000000e+03,-6.950786310819864755e-02
1.409000000000000000e+03,1.301220603970810741e-01
1.410000000000000000e+03,-1.989233837128332183e-01
1.411000000000000000e+03,-5.680152084108630595e-04
1.412000000000000000e+03,1.262217429484646936e-01
1.413000000000000000e+03,2.335775051991824391e-01
1.414000000000000000e+03,5.785246166797370498e-02
1.415000000000000000e+03,-8.419447362963788928e-02
1.416000000000000000e+03,-1.422017247681632568e-01
1.417000000000000000e+03,8.627778268167043962e-02
1.418000000000000000e+03,5.161042668468152073e-02
1.419000000000000000e+03,-7.619136221837051470e-02
1.420000000000000000e+03,7.155282611557224615e-02
1.421000000000000000e+03,-7.413519949469282722e-02
1.422000000000000000e+03,7.877551644650870877e-02
1.423000000000000000e+03,-8.117376972699567872e-02
1.424000000000000000e+03,8.104410968167304052e-02
1.425000000000000000e+03,-3.852919623463203075e-02
1.426000000000000000e+03,-7.617887601640370432e-02
1.427000000000000000e+03,8.609466126300999167e-02
1.428000000000000000e+03,1.436057475350980758e-02
1.429000000000000000e+03,-7.971875781672377315e-02
1.430000000000000000e+03,6.075391926529747494e-02
1.431000000000000000e+03,-4.456514395982809351e-02
1.432000000000000000e+03,3.767875250070773507e-02
1.433000000000000000e+03,-4.010224013781494429e-02
1.434000000000000000e+03,4.877537974545258226e-02
1.435000000000000000e+03,-6.019043049080785579e-02
1.436000000000000000e+03,-4.113546075244834538e-02
1.437000000000000000e+03,9.135618763754037308e-02
1.438000000000000000e+03,-1.016497107928740762e-01
1.439000000000000000e+03,9.396363247323176460e-02
1.440000000000000000e+03,-4.362970245686292187e-02
1.441000000000000000e+03,-6.114759918087237650e-02
1.442000000000000000e+03,2.362726120897754370e-02
1.443000000000000000e+03,3.824574477167976688e-02
1.444000000000000000e+03,-5.236976078823915581e-02
1.445000000000000000e+03,6.738498010248955561e-02
1.446000000000000000e+03,-6.868415806804238632e-02
1.447000000000000000e+03,-6.998563874542183816e-02
1.448000000000000000e+03,1.187131753967674147e-01
1.449000000000000000e+03,6.970110778790479522e-02
1.450000000000000000e+03,-8.219674034221143011e-02
1.451000000000000000e+03,-1.583822544586795111e-01
1.452000000000000000e+03,1.868554450079195628e-01
1.453000000000000000e+03,1.609572191299496122e-02
1.454000000000000000e+03,-5.354674922353197530e-07
1.455000000000000000e+03,-1.642165696941333131e-01
1.456000000000000000e+03,-8.339681857568675971e-02
1.457000000000000000e+03,5.299234775842030787e-02
1.458000000000000000e+03,1.255866967518711741e-01
1.459000000000000000e+03,-1.355384528756573836e-01
1.460000000000000000e+03,-4.314055425613794875e-02
1.461000000000000000e+03,6.442091237097452572e-02
1.462000000000000000e+03,1.689973165887192208e-01
1.463000000000000000e+03,-9.717472864731019344e-02
1.464000000000000000e+03,-1.469355476100276947e-01
1.465000000000000000e+03,1.328716347536360309e-01
1.466000000000000000e+03,-1.112889527694776032e-01
1.467000000000000000e+03,1.021913977545054475e-01
1.468000000000000000e+03,-9.471729868296913102e-02
1.469000000000000000e+03,6.724684228918403894e-02
1.470000000000000000e+03,-8.352256501760198237e-03
1.471000000000000000e+03,-2.858594887158978637e-02
1.472000000000000000e+03,4.081473938402890161e-02
1.473000000000000000e+03,-1.100774300818160439e-01
1.474000000000000000e+03,-3.793633910909256085e-02
1.475000000000000000e+03,1.892520876550743969e-01
1.476000000000000000e+03,-1.769738211985192322e-01
1.477000000000000000e+03,1.358399380599717154e-01
1.478000000000000000e+03,-1.234345493104611752e-01
1.479000000000000000e+03,1.539338383599578031e-01
1.480000000000000000e+03,-2.185812092401952789e-01
1.481000000000000000e+03,1.221661727629678867e-01
1.482000000000000000e+03,1.772701655322740377e-01
1.483000000000000000e+03,2.338106187607115194e-01
1.484000000000000000e+03,-2.130288647312933714e-01
1.485000000000000000e+03,1.597024307383639041e-01
1.486000000000000000e+03,-1.291819550301530894e-01
1.487000000000000000e+03,1.317892356150066335e-01
1.488000000000000000e+03,-1.707691725280910955e-01
1.489000000000000000e+03,2.449121965010583046e-01
1.490000000000000000e+03,1.919169671596432647e-01
1.491000000000000000e+03,7.319868627472404798e-02
1.492000000000000000e+03,-3.945901205503977716e-01
1.493000000000000000e+03,2.766743058395740307e-01
1.494000000000000000e+03,1.771912919548089271e-01
1.495000000000000000e+03,-1.708026319025831852e-01
1.496000000000000000e+03,1.163194723247287787e-01
1.497000000000000000e+03,-1.207571092893764270e-01
1.498000000000000000e+03,1.616628002029081579e-01
1.499000000000000000e+03,-2.010035615702395195e-01
1.500000000000000000e+03,1.837679513060225811e-01
1.501000000000000000e+03,7.413599697233502761e-02
1.502000000000000000e+03,-9.343041896215004138e-02
1.503000000000000000e+03,-1.068497912736750544e-01
1.504000000000000000e+03,9.066507981079469092e-02
1.505000000000000000e+03,-9.101653920080837734e-02
1.506000000000000000e+03,1.142773762013012395e-01
1.507000000000000000e+03,2.513210698639070650e-02
1.508000000000000000e+03,-1.594608167129583365e-01
1.509000000000000000e+03,-2.270459764801617264e-01
1.510000000000000000e+03,-1.638918527584055929e-01
1.511000000000000000e+03,-1.588676210058938623e-02
1.512000000000000000e+03,1.637277965435548210e-01
1.513000000000000000e+03,2.173054097446399657e-01
1.514000000000000000e+03,2.057100235407198496e-01
1.515000000000000000e+03,-1.191010937087414734e-01
1.516000000000000000e+03,8.025294982262208554e-02
1.517000000000000000e+03,-6.931789279085866229e-02
1.518000000000000000e+03,8.814565793845588471e-02
1.519000000000000000e+03,-1.286870735531220611e-01
1.520000000000000000e+03,7.669273574800226922e-02
1.521000000000000000e+03,1.743056102935066076e-01
1.522000000000000000e+03,1.102472035190201344e-01
1.523000000000000000e+03,3.546135148433835621e-02
1.524000000000000000e+03,-1.771734419451954090e-01
1.525000000000000000e+03,1.852490311563869119e-01
1.526000000000000000e+03,1.253703964170824019e-02
1.527000000000000000e+03,-2.113797696657894187e-01
1.528000000000000000e+03,-1.656048146805947086e-01
1.529000000000000000e+03,-3.135171136673387676e-02
1.530000000000000000e+03,7.929754525752595595e-02
1.531000000000000000e+03,1.942140279834493610e-01
1.532000000000000000e+03,-1.276896913116072063e-01
1.533000000000000000e+03,-1.223496708283456913e-01
1.534000000000000000e+03,1.006437080827199126e-01
1.535000000000000000e+03,4.282458314290228663e-02
1.536000000000000000e+03,-1.231511469222822119e-01
1.537000000000000000e+03,1.575844226429921058e-01
1.538000000000000000e+03,-7.512906721976181368e-02
1.539000000000000000e+03,-1.899544046459382962e-01
1.540000000000000000e+03,-4.155866228847979182e-02
1.541000000000000000e+03,1.474582396731958511e-01
1.542000000000000000e+03,6.765784873280519807e-02
1.543000000000000000e+03,-9.613535746277271365e-02
1.544000000000000000e+03,7.361479624342746886e-02
1.545000000000000000e+03,-6.794530298835542437e-02
1.546000000000000000e+03,1.437141467736302754e-02
1.547000000000000000e+03,9.356903597295661290e-02
1.548000000000000000e+03,-1.385145149054362035e-01
1.549000000000000000e+03,-1.561904009519600456e-01
1.550000000000000000e+03,1.133826309883273209e-01
1.551000000000000000e+03,2.846366391012181141e-01
1.552000000000000000e+03,-1.385256666128532599e-01
1.553000000000000000e+03,-1.491504015586783971e-01
1.554000000000000000e+03,-3.171463047187979001e-01
1.555000000000000000e+03,2.297684123805806555e-01
1.556000000000000000e+03,1.660744257482475450e-01
1.557000000000000000e+03,5.862204114902992008e-02
1.558000000000000000e+03,-1.383352043697789469e-01
1.559000000000000000e+03,1.190352201075127597e-01
1.560000000000000000e+03,-1.262847011035718447e-01
1.561000000000000000e+03,-2.683045071330521225e-02
1.562000000000000000e+03,1.610075987853014923e-01
1.563000000000000000e+03,-1.399418474725178663e-01
1.564000000000000000e+03,8.196502432169421037e-02
1.565000000000000000e+03,-3.340210022604330614e-02
1.566000000000000000e+03,2.205923658945967841e-02
1.567000000000000000e+03,-3.375965139255399788e-02
1.568000000000000000e+03,8.924994893080179237e-02
1.569000000000000000e+03,-2.114806702725832710e-02
1.570000000000000000e+03,-5.452934772723087853e-02
1.571000000000000000e+03,-1.597776396730718751e-01
1.572000000000000000e+03,1.398900495049918979e-01
1.573000000000000000e+03,-8.424403856827325510e-02
1.574000000000000000e+03,3.833287256788506236e-02
1.575000000000000000e+03,-2.347825875516296526e-02
1.576000000000000000e+03,2.902919189237799028e-02
1.577000000000000000e+03,-8.327613094645335001e-02
1.578000000000000000e+03,-3.778953919304051806e-02
1.579000000000000000e+03,1.821166214117561910e-01
1.580000000000000000e+03,6.163115185469696111e-02
1.581000000000000000e+03,-2.312057199207595837e-01
1.582000000000000000e+03,2.089438524366269423e-01
1.583000000000000000e+03,5.664495364736796962e-02
1.584000000000000000e+03,-1.736797319116299976e-01
1.585000000000000000e+03,9.678206479259900130e-02
1.586000000000000000e+03,1.097295611972069346e-01
1.587000000000000000e+03,-6.327914480818735976e-02
1.588000000000000000e+03,-1.004940630957076170e-01
1.589000000000000000e+03,1.483507351699171473e-01
1.590000000000000000e+03,-1.695928949477066849e-01
1.591000000000000000e+03,-1.153807911186018192e-01
1.592000000000000000e+03,2.311294390370975116e-01
1.593000000000000000e+03,-1.328418328739835730e-01
1.594000000000000000e+03,-1.966698856216038127e-01
1.595000000000000000e+03,-2.067223826196834258e-01
1.596000000000000000e+03,7.067634798811338326e-02
1.597000000000000000e+03,1.859950912651641142e-01
1.598000000000000000e+03,-1.752883523095844498e-01
1.599000000000000000e+03,1.615207479703516524e-01
1.600000000000000000e+03,-1.632960260993101820e-01
1.601000000000000000e+03,1.839665413754593137e-01
1.602000000000000000e+03,-7.885683037469476409e-04
1.603000000000000000e+03,-2.426512012206468449e-01
1.604000000000000000e+03,-1.836273892444756639e-01
1.605000000000000000e+03,2.313926838359065818e-01
1.606000000000000000e+03,1.516818390148558932e-02
1.607000000000000000e+03,-1.338353570519768276e-01
1.608000000000000000e+03,5.935654350662721707e-02
1.609000000000000000e+03,-4.350173445258376931e-02
1.610000000000000000e+03,5.548673196522022066e-02
1.611000000000000000e+03,-8.052641529614777693e-02
1.612000000000000000e+03,7.783514920080229771e-02
1.613000000000000000e+03,-5.180625038738843890e-02
1.614000000000000000e+03,4.269406705599042284e-02
1.615000000000000000e+03,-6.456846819393176340e-02
1.616000000000000000e+03,1.244383594603009902e-01
1.617000000000000000e+03,-1.896476004821089079e-01
1.618000000000000000e+03,2.043109576272358063e-01
1.619000000000000000e+03,7.716484143893163894e-02
1.620000000000000000e+03,3.869136415082238822e-02
1.621000000000000000e+03,-1.378742416067771925e-01
1.622000000000000000e+03,7.866204632696693899e-02
1.623000000000000000e+03,5.533089239147860085e-03
1.624000000000000000e+03,-6.139010485664184863e-02
1.625000000000000000e+03,1.799602026091840293e-02
1.626000000000000000e+03,8.953666999138937266e-02
1.627000000000000000e+03,2.132225365328494632e-02
1.628000000000000000e+03,-1.230381665216277870e-01
1.629000000000000000e+03,-1.062404505740536659e-01
1.630000000000000000e+03,-1.857362107062998299e-02
1.631000000000000000e+03,1.337721562087334781e-01
1.632000000000000000e+03,-1.338101773059676425e-01
1.633000000000000000e+03,1.417899480302318438e-01
1.634000000000000000e+03,-1.592050627489932646e-01
1.635000000000000000e+03,-6.864545386947165651e-02
1.636000000000000000e+03,2.052067841690763672e-01
1.637000000000000000e+03,1.883874821671227273e-01
1.638000000000000000e+03,6.765051679677210050e-02
1.639000000000000000e+03,-1.930507905550133130e-01
1.640000000000000000e+03,-1.788400476607761580e-01
1.641000000000000000e+03,-1.544685922036346526e-01
1.642000000000000000e+03,1.459851264946045724e-01
1.643000000000000000e+03,-1.296269699235318706e-01
1.644000000000000000e+03,1.284852857997217379e-01
1.645000000000000000e+03,-1.327120972660531251e-01
1.646000000000000000e+03,-1.431237803631847383e-01
1.647000000000000000e+03,-9.006959264250197217e-02
1.648000000000000000e+03,1.047323404772821792e-01
1.649000000000000000e+03,1.694072503695983611e-01
1.650000000000000000e+03,1.322363400129998867e-01
1.651000000000000000e+03,-1.648513355514808487e-01
1.652000000000000000e+03,1.648535427396676800e-01
1.653000000000000000e+03,-1.708939824082717218e-01
1.654000000000000000e+03,1.813226112293145342e-01
1.655000000000000000e+03,-5.822739115215707500e-02
1.656000000000000000e+03,-1.973147800945639629e-01
1.657000000000000000e+03,1.918600404644298374e-01
1.658000000000000000e+03,2.328115540222626956e-01
1.659000000000000000e+03,-3.091443414590463318e-02
1.660000000000000000e+03,-2.613644762705324975e-01
1.661000000000000000e+03,-2.362953375446326387e-01
1.662000000000000000e+03,2.333295530306276067e-01
1.663000000000000000e+03,-1.710093829134532450e-01
1.664000000000000000e+03,1.144206487652256327e-01
1.665000000000000000e+03,-8.542098718662607948e-02
1.666000000000000000e+03,2.937964690761963107e-02
1.667000000000000000e+03,1.393511530199344484e-01
1.668000000000000000e+03,1.273368797858937251e-01
1.669000000000000000e+03,-2.077660982546116752e-01
1.670000000000000000e+03,2.046099078284353556e-01
1.671000000000000000e+03,-3.821003623329408821e-02
1.672000000000000000e+03,-1.346681314153032327e-01
1.673000000000000000e+03,7.358123267839802861e-02
1.674000000000000000e+03,-5.453007246489903481e-02
1.675000000000000000e+03,6.028662355777480303e-02
1.676000000000000000e+03,-9.232621134206139835e-02
1.677000000000000000e+03,-8.694876851855347366e-02
1.678000000000000000e+03,-4.185628164430357789e-02
1.679000000000000000e+03,1.690090902061088252e-01
1.680000000000000000e+03,3.201477741376196427e-03
1.681000000000000000e+03,-1.221829708083818078e-01
1.682000000000000000e+03,-8.686012894657207939e-02
1.683000000000000000e+03,7.595186128185389685e-02
1.684000000000000000e+03,-6.747106313186622406e-02
1.685000000000000000e+03,7.565734603900514665e-02
1.686000000000000000e+03,-8.733827827048662451e-02
1.687000000000000000e+03,2.091816978820083828e-02
1.688000000000000000e+03,7.890844587661133280e-02
1.689000000000000000e+03,7.389033893244965900e-02
1.690000000000000000e+03,-7.999082854608990933e-02
1.691000000000000000e+03,8.400281599465200810e-02
1.692000000000000000e+03,-1.738859874734328265e-02
1.693000000000000000e+03,-9.732748592836597268e-02
1.694000000000000000e+03,-9.300625689136390872e-02
1.695000000000000000e+03,-8.971236672695387382e-02
1.696000000000000000e+03,2.093511798977825550e-02
1.697000000000000000e+03,9.064746115805516480e-02
1.698000000000000000e+03,-3.421637326002332710e-03
1.699000000000000000e+03,-7.239110528673832479e-02
1.700000000000000000e+03,8.737620750850177975e-02
1.701000000000000000e+03,-1.149822609565606807e-01
1.702000000000000000e+03,1.493397094153862958e-01
1.703000000000000000e+03,-1.656747923474416184e-01
1.704000000000000000e+03,1.501769836880803011e-01
1.705000000000000000e+03,-8.508497287690808264e-02
1.706000000000000000e+03,-7.665645800074626093e-02
1.707000000000000000e+03,8.994269155319147002e-02
1.708000000000000000e+03,-9.238457753799542149e-02
1.709000000000000000e+03,-7.074673315159143994e-02
1.710000000000000000e+03,1.257938352871624532e-01
1.711000000000000000e+03,1.570095373132898153e-01
1.712000000000000000e+03,-3.248609103217453640e-03
1.713000000000000000e+03,-1.719129075350820657e-01
1.714000000000000000e+03,3.596068480567960607e-02
1.715000000000000000e+03,1.220220514041751164e-01
1.716000000000000000e+03,-3.337795452635236582e-02
1.717000000000000000e+03,-8.230779298749542339e-02
1.718000000000000000e+03,1.042317747410261702e-01
1.719000000000000000e+03,-1.223479645490529316e-01
1.720000000000000000e+03,1.209025026005227377e-01
1.721000000000000000e+03,-9.678513091447089878e-02
1.722000000000000000e+03,8.002770637563821898e-02
1.723000000000000000e+03,-8.754385584876699100e-02
1.724000000000000000e+03,1.087997385054381982e-01
1.725000000000000000e+03,-1.063251661207031129e-01
1.726000000000000000e+03,6.905449640877397988e-02
1.727000000000000000e+03,-4.016213836784798125e-02
1.728000000000000000e+03,4.064844201498406945e-02
1.729000000000000000e+03,-6.860239997531623890e-02
1.730000000000000000e+03,1.034912221256346632e-01
1.731000000000000000e+03,-1.132194676401616223e-01
1.732000000000000000e+03,1.251074237868965433e-03
1.733000000000000000e+03,1.057404403784224373e-01
1.734000000000000000e+03,-1.245299890345577115e-01
1.735000000000000000e+03,1.556425754136969430e-01
1.736000000000000000e+03,-5.495461685591963158e-02
1.737000000000000000e+03,-1.842071234069671271e-01
1.738000000000000000e+03,1.932547246908292438e-01
1.739000000000000000e+03,-1.440468373451954109e-01
1.740000000000000000e+03,-1.360731998048905593e-02
1.741000000000000000e+03,8.269860625610746252e-02
1.742000000000000000e+03,-5.112470744964848351e-02
1.743000000000000000e+03,4.627391002763798361e-02
1.744000000000000000e+03,-5.542883531590978713e-02
1.745000000000000000e+03,7.326282092801862655e-02
1.746000000000000000e+03,4.033217409354037525e-02
1.747000000000000000e+03,-2.100996936550197577e-02
1.748000000000000000e+03,-1.147857321526058738e-01
1.749000000000000000e+03,-3.609602397275700134e-03
1.750000000000000000e+03,1.197087608122675978e-01
1.751000000000000000e+03,-1.147488418750251538e-01
1.752000000000000000e+03,-9.165051423312478573e-02
1.753000000000000000e+03,1.569894465506447567e-01
1.754000000000000000e+03,1.900353284801692758e-02
1.755000000000000000e+03,-1.677699255930246991e-01
1.756000000000000000e+03,1.333496868829189552e-01
1.757000000000000000e+03,3.381594455415538186e-02
1.758000000000000000e+03,-8.034220071044012590e-02
1.759000000000000000e+03,7.301844531325433346e-03
1.760000000000000000e+03,4.280468035658567538e-02
1.761000000000000000e+03,-6.327811169285423032e-02
1.762000000000000000e+03,1.147367127058203512e-01
1.763000000000000000e+03,-6.956131633980280893e-02
1.764000000000000000e+03,-2.268208718431843629e-01
1.765000000000000000e+03,-5.343548111958477953e-02
1.766000000000000000e+03,2.458233519307870540e-01
1.767000000000000000e+03,2.929878012366799456e-01
1.768000000000000000e+03,-1.543901064829888981e-02
1.769000000000000000e+03,-1.120794127241193094e-01
1.770000000000000000e+03,-2.467525739788311578e-01
1.771000000000000000e+03,8.658773820470938576e-02
1.772000000000000000e+03,1.382549069989446600e-01
1.773000000000000000e+03,-5.812796203129147465e-02
1.774000000000000000e+03,2.947886163016774294e-02
1.775000000000000000e+03,-2.557321240911127058e-02
1.776000000000000000e+03,4.465775306751150475e-02
1.777000000000000000e+03,-1.284737041889057740e-01
1.778000000000000000e+03,3.641270834934606099e-02
1.779000000000000000e+03,1.708997356645237664e-01
1.780000000000000000e+03,3.868982863729636401e-01
1.781000000000000000e+03,1.405527878966733035e-01
1.782000000000000000e+03,9.604113896415571172e-03
1.783000000000000000e+03,-4.613717078116081338e-01
1.784000000000000000e+03,-1.481120323918730386e-01
1.785000000000000000e+03,3.100449888403247756e-01
1.786000000000000000e+03,-1.438075482142125994e-01
1.787000000000000000e+03,4.422502182164401302e-02
1.788000000000000000e+03,-2.285038751004782320e-02
1.789000000000000000e+03,4.049150991303376163e-02
1.790000000000000000e+03,-1.144673183114564979e-01
1.791000000000000000e+03,1.891744297390721696e-01
1.792000000000000000e+03,-1.979836845773153553e-01
1.793000000000000000e+03,-5.599681979384386193e-02
1.794000000000000000e+03,1.569805781163879921e-01
1.795000000000000000e+03,-6.146895490634822490e-02
1.796000000000000000e+03,-8.768002314540267184e-02
1.797000000000000000e+03,1.037821909872389953e-01
1.798000000000000000e+03,-1.818299507149022387e-02
1.799000000000000000e+03,-1.466273758150991313e-01
1.800000000000000000e+03,2.045513655898825722e-01
1.801000000000000000e+03,-1.011663054469658235e-01
1.802000000000000000e+03,-1.974885806663962406e-01
1.803000000000000000e+03,-2.424620762467712964e-01
1.804000000000000000e+03,-1.034310793471597684e-01
1.805000000000000000e+03,2.942064932886696849e-02
1.806000000000000000e+03,2.273280208235096689e-01
1.807000000000000000e+03,6.030539255939644516e-02
1.808000000000000000e+03,-2.102551975425973607e-01
1.809000000000000000e+03,1.538234736876146203e-01
1.810000000000000000e+03,1.736866736798212407e-01
1.811000000000000000e+03,-9.192417970210735312e-02
1.812000000000000000e+03,-1.527333562024132674e-01
1.813000000000000000e+03,1.517704266116641498e-01
1.814000000000000000e+03,-1.477270529902304785e-01
1.815000000000000000e+03,1.656957084638332744e-01
1.816000000000000000e+03,-1.615100743145281015e-01
1.817000000000000000e+03,-2.560103397573713635e-01
1.818000000000000000e+03,-1.628440243119445852e-01
1.819000000000000000e+03,-3.147925886801994453e-03
1.820000000000000000e+03,3.294330450275114175e-01
1.821000000000000000e+03,-3.029958798290336985e-01
1.822000000000000000e+03,1.941903618334872295e-01
1.823000000000000000e+03,9.340071469060422238e-02
1.824000000000000000e+03,-1.291358050884809927e-01
1.825000000000000000e+03,5.359408771957508560e-02
1.826000000000000000e+03,9.655548341501046794e-02
1.827000000000000000e+03,-6.945105449989494306e-02
1.828000000000000000e+03,-1.558567445785752348e-01
1.829000000000000000e+03,-1.534267858030880227e-01
1.830000000000000000e+03,1.689322079419146305e-01
1.831000000000000000e+03,-1.372372908370879385e-01
1.832000000000000000e+03,9.708226194174436607e-02
1.833000000000000000e+03,-7.034207618636603709e-02
1.834000000000000000e+03,4.571740103297499552e-02
1.835000000000000000e+03,5.627593325601028956e-02
1.836000000000000000e+03,1.073093032712914563e-01
1.837000000000000000e+03,7.702896931218200516e-02
1.838000000000000000e+03,-1.696770467076621491e-01
1.839000000000000000e+03,-1.032524033715962741e-01
1.840000000000000000e+03,2.212722112951701070e-01
1.841000000000000000e+03,-5.214818173816755664e-02
1.842000000000000000e+03,-2.147526888692500302e-01
1.843000000000000000e+03,1.408455291428279965e-01
1.844000000000000000e+03,1.728158056802675813e-01
1.845000000000000000e+03,-9.727495633780952611e-02
1.846000000000000000e+03,-1.343615339455492552e-01
1.847000000000000000e+03,8.451583405337913246e-02
1.848000000000000000e+03,9.696944080280543721e-02
1.849000000000000000e+03,-5.040516863534080794e-02
1.850000000000000000e+03,-8.223186481270715331e-02
1.851000000000000000e+03,1.099942388844004637e-01
1.852000000000000000e+03,-1.325383916459617339e-01
1.853000000000000000e+03,2.998198304302103143e-02
1.854000000000000000e+03,3.307643183098330636e-02
1.855000000000000000e+03,6.321540811837154938e-02
1.856000000000000000e+03,1.762644270850269868e-01
1.857000000000000000e+03,1.773383865540425208e-01
1.858000000000000000e+03,7.509775483051074618e-02
1.859000000000000000e+03,-1.091528095651652860e-02
1.860000000000000000e+03,-1.029296369812483236e-01
1.861000000000000000e+03,7.247105215025027858e-02
1.862000000000000000e+03,-6.812760298527846536e-02
1.863000000000000000e+03,9.072266937251763363e-02
1.864000000000000000e+03,-1.398561405140235359e-01
1.865000000000000000e+03,2.333707640857047572e-01
1.866000000000000000e+03,2.327829968423148488e-01
1.867000000000000000e+03,5.786600558972923580e-02
1.868000000000000000e+03,-1.274035647757507383e-01
1.869000000000000000e+03,-4.047264250584411971e-01
1.870000000000000000e+03,8.355160019988859543e-02
1.871000000000000000e+03,3.010879791727595900e-01
1.872000000000000000e+03,2.942777401898560852e-01
1.873000000000000000e+03,-1.735107062974531877e-01
1.874000000000000000e+03,1.164459968172232435e-01
1.875000000000000000e+03,-1.156274785194148086e-01
1.876000000000000000e+03,1.806166504620069779e-01
1.877000000000000000e+03,-2.844174553589124965e-01
1.878000000000000000e+03,3.670445333746677474e-01
1.879000000000000000e+03,3.617178969733247929e-01
1.880000000000000000e+03,2.052587422873838885e-01
1.881000000000000000e+03,-3.103634311930932310e-01
1.882000000000000000e+03,-1.146919452972044867e-01
1.883000000000000000e+03,2.634838087526024664e-01
1.884000000000000000e+03,1.056639173723745995e-01
1.885000000000000000e+03,-2.665607483482002604e-01
1.886000000000000000e+03,2.090969928981324388e-01
1.887000000000000000e+03,1.756881644692178945e-01
1.888000000000000000e+03,-7.548486200692744452e-02
1.889000000000000000e+03,-1.834386312423447185e-01
1.890000000000000000e+03,1.839268773989673200e-01
1.891000000000000000e+03,-1.820327656254635551e-01
1.892000000000000000e+03,7.933664848276280809e-03
1.893000000000000000e+03,2.027248638277778792e-01
1.894000000000000000e+03,1.185636183621116974e-01
1.895000000000000000e+03,-1.776921759166039394e-01
1.896000000000000000e+03,7.602415616615769423e-02
1.897000000000000000e+03,1.051307088355753205e-01
1.898000000000000000e+03,-7.021843934743897397e-02
1.899000000000000000e+03,5.527292107986437469e-02
1.900000000000000000e+03,-5.699281214860298789e-02
1.901000000000000000e+03,7.919677882100660538e-02
1.902000000000000000e+03,-1.531505488509900259e-01
1.903000000000000000e+03,-1.184156687073082276e-01
1.904000000000000000e+03,2.777464006787805362e-01
1.905000000000000000e+03,-3.073881544459176607e-01
1.906000000000000000e+03,-1.466153153266489817e-01
1.907000000000000000e+03,-7.080150772822334237e-02
1.908000000000000000e+03,2.259451083070728450e-01
1.909000000000000000e+03,1.924361871954899661e-01
1.910000000000000000e+03,1.488808028603242350e-01
1.911000000000000000e+03,-1.233806435772114851e-01
1.912000000000000000e+03,4.470887209312973676e-02
1.913000000000000000e+03,1.276499799085256404e-01
1.914000000000000000e+03,1.518189661709003560e-02
1.915000000000000000e+03,-2.071610498600620076e-01
1.916000000000000000e+03,1.744782696393620547e-01
1.917000000000000000e+03,2.900415266932652170e-01
1.918000000000000000e+03,4.597722216793972971e-02
1.919000000000000000e+03,-4.969305932126182740e-02
1.920000000000000000e+03,-2.732662851706608165e-01
1.921000000000000000e+03,1.093546777366204703e-01
1.922000000000000000e+03,1.815181261352363795e-01
1.923000000000000000e+03,-1.575498886770748952e-01
1.924000000000000000e+03,1.344646790661911673e-01
1.925000000000000000e+03,1.470464469702450344e-02
1.926000000000000000e+03,-1.403999673772261814e-01
1.927000000000000000e+03,1.352842505849381205e-01
1.928000000000000000e+03,-1.155913710402116101e-01
1.929000000000000000e+03,4.803128893417162731e-02
1.930000000000000000e+03,8.936098378409335075e-02
1.931000000000000000e+03,-9.892565325725879988e-02
1.932000000000000000e+03,-5.357158429770570579e-02
1.933000000000000000e+03,1.241670234842041504e-01
1.934000000000000000e+03,-3.861798790606352921e-02
1.935000000000000000e+03,-1.056993827386438628e-01
1.936000000000000000e+03,1.013285317071942193e-01
1.937000000000000000e+03,-1.012252907156897253e-01
1.938000000000000000e+03,1.109908164899883753e-01
1.939000000000000000e+03,2.627537657920080497e-02
1.940000000000000000e+03,-2.742303413525628078e-02
1.941000000000000000e+03,-1.488456938357546333e-01
1.942000000000000000e+03,1.175869845937034808e-01
1.943000000000000000e+03,1.324134295527309435e-01
1.944000000000000000e+03,4.332011092383946521e-02
1.945000000000000000e+03,-9.611823589082452157e-02
1.946000000000000000e+03,3.939667313869998216e-02
1.947000000000000000e+03,9.588583688231487601e-02
1.948000000000000000e+03,7.452800276279253344e-02
1.949000000000000000e+03,-1.133111545632707259e-02
1.950000000000000000e+03,-1.319870364405369423e-01
1.951000000000000000e+03,1.297150704461250414e-01
1.952000000000000000e+03,-3.604632480245986703e-02
1.953000000000000000e+03,-8.469546626021461078e-02
1.954000000000000000e+03,6.789868428338304007e-02
1.955000000000000000e+03,-7.401686857288768129e-02
1.956000000000000000e+03,1.013583162697598294e-01
1.957000000000000000e+03,-1.461921408837123515e-01
1.958000000000000000e+03,6.012971392404094229e-02
1.959000000000000000e+03,1.374361930574665158e-01
1.960000000000000000e+03,2.222126325830835469e-01
1.961000000000000000e+03,3.866841671836187405e-02
1.962000000000000000e+03,-7.693905133542246200e-02
1.963000000000000000e+03,-2.205719437117891202e-01
1.964000000000000000e+03,2.181803164846589371e-01
1.965000000000000000e+03,-1.561170928920145029e-01
1.966000000000000000e+03,-8.456569837952422619e-02
1.967000000000000000e+03,1.202405406288414857e-01
1.968000000000000000e+03,-6.064527183151530165e-02
1.969000000000000000e+03,-6.403755311901900005e-02
1.970000000000000000e+03,7.929181208371360867e-02
1.971000000000000000e+03,-9.736487128258561330e-02
1.972000000000000000e+03,-1.203937985613360018e-01
1.973000000000000000e+03,-7.864473814700559048e-03
1.974000000000000000e+03,9.198743180085705573e-02
1.975000000000000000e+03,2.126653503355414587e-01
1.976000000000000000e+03,-2.353114789439404997e-01
1.977000000000000000e+03,1.610625752707317282e-01
1.978000000000000000e+03,1.110397685175860960e-01
1.979000000000000000e+03,-1.362533209940307855e-01
1.980000000000000000e+03,6.165901369936663962e-02
1.981000000000000000e+03,1.217853896563633465e-01
1.982000000000000000e+03,-2.197210748385420576e-01
1.983000000000000000e+03,-1.285470151420717577e-01
1.984000000000000000e+03,2.948074768110690164e-02
1.985000000000000000e+03,3.789204101388954360e-01
1.986000000000000000e+03,2.912707192702699843e-01
1.987000000000000000e+03,-3.298403022137791352e-01
1.988000000000000000e+03,2.321004857929337695e-01
1.989000000000000000e+03,-1.603445282249501558e-01
1.990000000000000000e+03,1.350142371355165516e-01
1.991000000000000000e+03,-1.417415947703957735e-01
1.992000000000000000e+03,-3.089845062937298520e-02
1.993000000000000000e+03,1.088499517051051274e-01
1.994000000000000000e+03,1.784362740331887354e-01
1.995000000000000000e+03,-2.181111803280703365e-01
1.996000000000000000e+03,2.242814139246872562e-01
1.997000000000000000e+03,-3.666540997713406413e-02
1.998000000000000000e+03,-2.528883124510305502e-01
1.999000000000000000e+03,2.322247606736214942e-01
2.000000000000000000e+03,2.054234985703815297e-01
2.001000000000000000e+03,1.946045661748125322e-01
2.002000000000000000e+03,-1.790372191235872767e-01
2.003000000000000000e+03,8.886492036947694906e-02
2.004000000000000000e+03,-2.843291797200523524e-02
2.005000000000000000e+03,1.840040834343908277e-02
2.006000000000000000e+03,-3.444818707221309478e-02
2.007000000000000000e+03,1.069305144856335793e-01
2.008000000000000000e+03,-3.475576652916159692e-02
2.009000000000000000e+03,-1.743429845097280717e-01
2.010000000000000000e+03,-1.929478973165429379e-01
2.011000000000000000e+03,-1.274588062299438496e-01
