6.251911699078792350e-02
-6.783472823804333196e-02
-2.524091992539659324e-01
-4.438168910967055791e-01
-5.932334649401140858e-01
-6.594563002983389044e-01
-6.167676949914657758e-01
-4.603661105721770785e-01
-2.085043666495647319e-01
9.912053967745765304e-02
4.067598112517708531e-01
6.513692873553929008e-01
7.737836513370831559e-01
7.307736918115427249e-01
5.058997470437140986e-01
1.167629726556189407e-01
-4.066112616731456519e-01
-9.349673515609949748e-01
-1.363276753393455332e+00
-1.572175637624048106e+00
-1.504178576708342652e+00
-1.188248854426709578e+00
-6.939758907869869597e-01
-9.295736026601249258e-02
5.432966118157054325e-01
1.131910608027625109e+00
1.578307322497254139e+00
1.797358476370355174e+00
1.744159582624916549e+00
1.429493812630231897e+00
9.115845119826527787e-01
2.770585077027703513e-01
-3.776178171231983072e-01
-9.615270498178484226e-01
-1.398715298991935363e+00
-1.630272277548776572e+00
-1.617249558237254137e+00
-1.356308897025428228e+00
-8.995314513318178884e-01
-3.446576232231822190e-01
2.090416237512802144e-01
6.942488864148984584e-01
1.072606695995314885e+00
1.311550341462746516e+00
1.364259191263080373e+00
1.180369765698590756e+00
7.725060609539026180e-01
2.594607701607187789e-01
-2.238671505976773946e-01
-6.162644722070579340e-01
-9.136363759229616521e-01
-1.122788072909210122e+00
-1.230950205760473981e+00
-1.197881067430779378e+00
-1.001615218943960661e+00
-7.018319622188534668e-01
-3.857010302798404844e-01
-8.479801055316973923e-02
2.180856693529573676e-01
5.518784748094901493e-01
9.148856827156670590e-01
1.224740293344775965e+00
1.363162658971376118e+00
1.315092388297872006e+00
1.137764025460515471e+00
8.609400639448213655e-01
4.769440755101700957e-01
-2.947502813461933685e-02
-6.374276093316231240e-01
-1.245336319662373903e+00
-1.690110383849415365e+00
-1.846840274335958432e+00
-1.681426459370291671e+00
-1.223024826737512782e+00
-5.586924206327829046e-01
1.465669887813113026e-01
7.021798228455121693e-01
9.982394805808305627e-01
1.029174445710654195e+00
8.417300440559983832e-01
4.963791484781844843e-01
6.197666582189992335e-02
-3.789290644732165592e-01
-7.366267665407639775e-01
-9.367783310021966514e-01
-9.387673769421712722e-01
-7.330868751924805027e-01
-3.308226726537416562e-01
2.296234085568703842e-01
8.569227756948138985e-01
1.409538467310022192e+00
1.764905705229494748e+00
1.875781265060725733e+00
1.745378029032482736e+00
1.389824848275025948e+00
8.530958030028077399e-01
2.443975670526289112e-01
-2.919778281170786194e-01
-6.601144800892604358e-01
-8.334574694536558415e-01
-8.190567319402276558e-01
-6.361523980384400367e-01
-3.240660520805000999e-01
4.765737801833187792e-02
3.947425256865357279e-01
6.468075380753106618e-01
7.558033660842184975e-01
6.862125021227207800e-01
4.163139503872897995e-01
-3.106097213873056442e-02
-5.574112686870468236e-01
-1.018888818912787597e+00
-1.290861114057918480e+00
-1.292444890239202948e+00
-1.011602630063190622e+00
-5.580984044542551814e-01
-1.195747522261811358e-01
1.676713636807088403e-01
2.549697125307776591e-01
1.421300679031148595e-01
-1.466199985677314743e-01
-5.557835221509865864e-01
-9.809588585205376576e-01
-1.278401213954264648e+00
-1.327414005105273631e+00
-1.092234856916456387e+00
-6.146001363251248906e-01
2.868878806093307088e-02
7.419832197692024511e-01
1.402109140721300440e+00
1.868016238823337227e+00
2.035915758102227802e+00
1.891137474319360967e+00
1.494035786133615984e+00
9.334786007840767397e-01
3.054729450606537555e-01
-2.904859591258777129e-01
-7.687431733630705200e-01
-1.080335158401067419e+00
-1.210628098228021310e+00
-1.158709920027312323e+00
-9.327992545721722761e-01
-5.698585233926188875e-01
-1.410011857355707721e-01
2.815188527418436282e-01
6.517089720741000569e-01
9.411547504482675741e-01
1.113900451418255777e+00
1.102450303184671299e+00
8.038544291013449694e-01
1.949130496108154864e-01
-4.573514898495800729e-01
-8.664645514486146727e-01
-1.032563177556075740e+00
-1.054527047111737836e+00
-1.003972184436665582e+00
-9.191302074937864885e-01
-8.183486104611351619e-01
-7.164600633912898697e-01
-6.299698478993325246e-01
-5.527900835504648835e-01
-4.423829385854398666e-01
-2.329783911533496732e-01
1.292303410770991867e-01
6.197449876846869987e-01
1.121084995713796051e+00
1.515364947997906553e+00
1.726480905869556493e+00
1.682305499113557978e+00
1.315459116619855040e+00
6.378360762491742664e-01
-2.098329834937418537e-01
-1.025092265049810436e+00
-1.619000286447518588e+00
-1.832156794045496362e+00
-1.593506314099582211e+00
-1.001331372432347155e+00
-2.648186721656241027e-01
4.171489120994953947e-01
8.830731307871594327e-01
1.010030829270110120e+00
7.837906920051633808e-01
3.367126200764335997e-01
-1.457910973233397800e-01
-5.099937252494981532e-01
-6.384428771143946246e-01
-4.638866070532886021e-01
-3.006930981769757524e-02
5.058953588675545454e-01
9.708651079968227959e-01
1.237115198921645565e+00
1.215834326291805878e+00
8.664347769400170263e-01
2.504367083616521605e-01
-4.484806087902253879e-01
-1.016084575717663530e+00
-1.320671844298474618e+00
-1.331713542210185786e+00
-1.075606266628635010e+00
-6.027006987803994464e-01
6.010631333061251108e-03
6.162111351444871099e-01
1.070514168303677183e+00
1.273393797352226242e+00
1.214920813526823462e+00
9.207085567277523142e-01
4.240823012612245924e-01
-2.055269992253886957e-01
-8.290963843384354659e-01
-1.285625639907924000e+00
-1.482411843387100525e+00
-1.402024909931011143e+00
-1.057867194521445064e+00
-4.893901106176269944e-01
2.017197720680978523e-01
8.477708442027804825e-01
1.290408261001101842e+00
1.449607333993543579e+00
1.313986737743183530e+00
9.085684715364832353e-01
2.988572287897766078e-01
-3.811759780828099520e-01
-9.500526678306586703e-01
-1.274438723656027950e+00
-1.323186027876518178e+00
-1.123401955229635929e+00
-7.099281953089150443e-01
-1.435263685184774429e-01
4.186397109710171538e-01
7.858079967536140131e-01
9.221111528703936910e-01
9.145635405101074644e-01
8.495811597689068018e-01
7.793743026214240421e-01
7.242413671488462379e-01
6.750838227471720465e-01
6.100388842968296199e-01
5.050487475582060570e-01
3.232973231588610608e-01
1.833051046506743026e-02
-4.365046961098862921e-01
-9.891185564435812649e-01
-1.486260401632293560e+00
-1.778356767630066004e+00
-1.810894423562322331e+00
-1.585861493608581752e+00
-1.116643967374770119e+00
-4.413413770608214381e-01
3.395280916045558817e-01
1.060251496433883167e+00
1.554524134590555384e+00
1.731506927104505600e+00
1.590230969498107827e+00
1.187681625887703873e+00
6.117469173464663568e-01
-2.914910799171152589e-02
-6.198202990270876844e-01
-1.065153705539820139e+00
-1.308856883252538017e+00
-1.325951372874477396e+00
-1.106788349266287330e+00
-6.678663396224638893e-01
-9.310335331567991257e-02
4.716483104291571138e-01
9.108478676862731271e-01
1.189817694336930076e+00
1.313807151484617464e+00
1.279887328939333546e+00
1.072446977192855755e+00
7.119826601848135983e-01
2.861367050229111086e-01
-1.218137903178595910e-01
-4.920887412415669293e-01
-8.421438690846748676e-01
-1.181302470299820273e+00
-1.473761652876472761e+00
-1.625820267154937326e+00
-1.548493394043791493e+00
-1.245031728838477569e+00
-7.833180591139560223e-01
-2.238123698044945653e-01
3.863871100087029609e-01
9.752017444557045112e-01
1.416693018833757201e+00
1.586147664308624083e+00
1.480822978389383815e+00
1.216099911700133651e+00
9.138129797957220690e-01
6.522198789134954211e-01
4.747677034339056745e-01
3.975515556244281212e-01
4.007796068053342542e-01
4.257545497008268787e-01
3.946263088088299842e-01
2.369019320844604204e-01
-8.645687845301905372e-02
-5.505018081036991973e-01
-1.046839545864724608e+00
-1.426091938502849210e+00
-1.576080132724345217e+00
-1.456508048170118919e+00
-1.086785014658013360e+00
-5.261430318214187496e-01
1.399051215157078309e-01
8.076513085239759304e-01
1.361359564052656568e+00
1.688000199717159644e+00
1.710951542002748793e+00
1.427945606478956408e+00
9.147181091731919622e-01
2.858265763765706069e-01
-3.495799945523471175e-01
-9.077707102334942046e-01
-1.330539773524437086e+00
-1.580727089730002533e+00
-1.641358004538115090e+00
-1.516873060078880009e+00
-1.230993758160831453e+00
-8.208773383123181278e-01
-3.317602910744771316e-01
1.883215235861445125e-01
6.954851092777305510e-01
1.149592913915694625e+00
1.492971723075086743e+00
1.622013630737469736e+00
1.439043706545717338e+00
1.001145221054352552e+00
4.835226281827678663e-01
5.504584033819664816e-03
-3.784083378162791389e-01
-5.995295647506501124e-01
-5.734156825267286983e-01
-3.438115084916797404e-01
-7.015541872343614149e-02
1.383384509494807457e-01
2.253506760330260816e-01
1.421143425718752462e-01
-1.250401985638909252e-01
-4.838866936775887417e-01
-7.918445017805180175e-01
-9.643100333449980965e-01
-9.561312253760643198e-01
-7.208866674912897121e-01
-2.401975236082253551e-01
3.907111434757254975e-01
9.664324718840373585e-01
1.319072142264701375e+00
1.386678265238181273e+00
1.167053289697246976e+00
6.880198342757362084e-01
1.955275462727233682e-02
-7.070672128017756464e-01
-1.313113334216572170e+00
-1.636870825467395596e+00
-1.605133329126315678e+00
-1.246380324697692332e+00
-6.517015381722625067e-01
6.078900928342488574e-02
7.570724529939412140e-01
1.299990688070307820e+00
1.588710763489205036e+00
1.597046137729338122e+00
1.364511343544202671e+00
9.576596611444904150e-01
4.489816964964179480e-01
-8.363693146881516494e-02
-5.667670276475600399e-01
-9.537046938448940914e-01
-1.226319258955385072e+00
-1.369162838905583657e+00
-1.346571747593408475e+00
-1.117634124006875673e+00
-6.916364932551111178e-01
-1.486232172881455649e-01
4.161958875433669491e-01
9.330124670967248068e-01
1.339591933639009191e+00
1.550486071037659563e+00
1.466253763782282782e+00
1.057724592344520875e+00
4.431871604214340232e-01
-1.835644169260889358e-01
-6.759256185746668200e-01
-9.622778725016447599e-01
-1.021374753598610408e+00
-8.673446802569131364e-01
-3.301648339154251710e-01
8.845793254294785635e-02
3.452389374524487131e-01
4.434703570583256593e-01
4.266203048561411637e-01
3.547156412000772585e-01
2.898884370800677290e-01
2.878445420549392564e-01
3.829051131206227532e-01
5.713601018033346302e-01
8.170692945136006635e-01
1.074718316560539400e+00
1.300174760554610343e+00
1.448102399377489080e+00
-1.249171098462662055e+00
-1.082628911515872039e+00
-9.440613711121842444e-01
-8.360890902475729414e-01
-7.629717813952404670e-01
-7.258311305117723933e-01
-7.197571596373418812e-01
-7.328842056067820243e-01
-7.432156829912606177e-01
-7.145810841847732853e-01
-5.971634124221572026e-01
-3.397889356407538530e-01
7.630553729778710714e-02
6.022148887083441648e-01
1.133495479603936262e+00
1.553334328916218254e+00
1.478262049158231450e+00
1.063724695692397804e+00
3.440266344632432749e-01
-5.424802001740762769e-01
-1.390975405725083602e+00
-1.977713044863872893e+00
-2.130883383576127610e+00
-1.834929055217097149e+00
-1.234106375112600240e+00
-5.166987191490162168e-01
1.560765560177749256e-01
6.446956592161403599e-01
8.438489030678452130e-01
7.457510492862379214e-01
4.563568324476269256e-01
1.270518325626867340e-01
-1.007895585767676627e-01
-1.200302697129803087e-01
9.889695681840124375e-02
4.876671292778351763e-01
9.384769607277814174e-01
1.354487064190067924e+00
1.624557898225233776e+00
1.567878774751388260e+00
1.021986330951651034e+00
1.535619862858197959e-01
-6.604609265427172637e-01
-1.218231157239358708e+00
-1.452725798015140679e+00
-1.335687511280894579e+00
-9.055074968103924427e-01
-2.926906887957027581e-01
3.301414581958136418e-01
8.068857427879585487e-01
1.029914055694254316e+00
9.684218120964989129e-01
6.676736615874021563e-01
2.075165689213991915e-01
-3.252565284293295611e-01
-8.225258531839463316e-01
-1.144604374821506232e+00
-1.182773028227095402e+00
-9.411573121404901432e-01
-5.162128020376328674e-01
-2.766466487966765322e-02
4.127682679349379824e-01
7.065450913132051980e-01
7.743326569832262862e-01
5.911261175527089407e-01
2.364973315529388942e-01
-1.447595970856563330e-01
-4.411807579141298064e-01
-5.929283197004026063e-01
-5.574360248123918504e-01
-3.076046409408245141e-01
1.098205402159420502e-01
5.464015169907608938e-01
8.533887537757979258e-01
9.572236067568860030e-01
8.285662725459002065e-01
4.575072327642826786e-01
-1.182567838674283278e-01
-7.752028549539449198e-01
-1.333535884388398207e+00
-1.644155826277174048e+00
-1.633198126130481320e+00
-1.293259686305731737e+00
-6.750625441644169111e-01
1.111262777074757679e-01
9.054364794184888154e-01
1.532763581708247669e+00
1.856754646753762561e+00
1.823153787580934271e+00
1.458918165060798966e+00
8.442966487298166900e-01
1.059157354124761058e-01
-5.796376033512680159e-01
-1.047184861832042735e+00
-1.238053983425266180e+00
-1.194849021095331087e+00
-9.887668220514073125e-01
-6.889789486508310912e-01
-3.836670886769898425e-01
-1.748570601812299841e-01
-1.016370942930523436e-01
-1.176145097809557227e-01
-1.412721690373312522e-01
-8.026934323198479937e-02
1.497513055226478151e-01
5.341882413557569320e-01
9.104809416225401186e-01
1.128182066417465768e+00
1.117426870831554453e+00
8.264174991817598848e-01
2.156772723001749437e-01
-6.621875918702389008e-01
-1.543059204257298811e+00
-2.009431902376811685e+00
-1.862546269608597704e+00
-1.256346768858569440e+00
-4.262698353668450402e-01
4.407157782719461903e-01
1.110794374019767883e+00
1.317957017356977012e+00
1.084581565131235159e+00
6.757899323847477158e-01
2.869466390431081870e-01
2.081281925602309485e-02
-4.532521546275541935e-02
1.278803311824110167e-01
4.740568440483881596e-01
8.497798670643074148e-01
1.122415877684527885e+00
1.169844939296414532e+00
8.781214960275212089e-01
2.541127739971979493e-01
-5.126815760178802250e-01
-1.213731210772178493e+00
-1.715054117395623079e+00
-1.897798563038540554e+00
-1.655599641482085271e+00
-1.012094584709868572e+00
-1.626608471142192425e-01
6.543744744890387377e-01
1.236035403671680521e+00
1.427643406176034580e+00
1.198979998239881883e+00
6.723918310307172019e-01
1.832127722162190872e-02
-6.033009354109317712e-01
-1.001086098876098118e+00
-1.000069649785902515e+00
-6.412655401283848811e-01
-1.351482483945578572e-01
3.438960829512878181e-01
6.705480876786880096e-01
7.157371155971048449e-01
4.033229653315179575e-01
-1.667289951229920797e-01
-7.846126216887463478e-01
-1.272504288995744526e+00
-1.479019602767455588e+00
-1.271512427896213993e+00
-6.521170131629945299e-01
1.872839443702944418e-01
1.013599548739392064e+00
1.643882178943944616e+00
1.914389528333270585e+00
1.718677357168121755e+00
1.124484054011266609e+00
3.451848738483769830e-01
-4.038595553345343259e-01
-9.580532830330161786e-01
-1.217577247122184403e+00
-1.189943110029942686e+00
-9.721176532538926551e-01
-6.697327958804932813e-01
-3.556210171064592696e-01
-8.416181061021138499e-02
9.293611860818233594e-02
1.661807275464003419e-01
1.923937786862836563e-01
2.348677969713107716e-01
3.195221530028852785e-01
4.263591725070269844e-01
5.036347548962074594e-01
5.077081122435788130e-01
4.234608599381294303e-01
2.539612887125618501e-01
1.633065872556859963e-02
-2.435254678294380692e-01
-4.232159671767142806e-01
-3.610143853067987463e-01
-1.659143324450618184e-02
3.768730739309896771e-01
6.375968236077729223e-01
7.318241764995894183e-01
6.572867048999194717e-01
4.085243717933759733e-01
-3.843757606940727007e-03
-5.211377836574047073e-01
-1.029988212969515926e+00
-1.398222822989122927e+00
-1.517750582631061107e+00
-1.328930906235610054e+00
-8.406857746921904129e-01
-1.402191190933457232e-01
6.302955091966172541e-01
1.312666324418096275e+00
1.759515158610399643e+00
1.865749052998386004e+00
1.619565540301068918e+00
1.122586110574713913e+00
5.386966799042050003e-01
2.386739167028044395e-02
-3.116244675838755196e-01
-4.167992191618802855e-01
-3.007720101454946504e-01
-1.877858988207946334e-02
3.428365965387509817e-01
6.601921063453072280e-01
7.713002276125561218e-01
5.858767870681098611e-01
2.054997792329220641e-01
-1.980366126956311368e-01
-5.132736495934828724e-01
-6.792289811844315350e-01
-6.570798015323398023e-01
-4.329550742400009034e-01
-4.094217252325129536e-02
4.201899919284840523e-01
8.090334301881142443e-01
1.003930084301602577e+00
9.511585802408725199e-01
6.588521336509677306e-01
1.675137481476948742e-01
-4.592778502322593104e-01
-1.118933799582186639e+00
-1.663022667087410422e+00
-1.944284511190011111e+00
-1.891680862940514851e+00
-1.527427288985266918e+00
-9.287471708163479445e-01
-2.015969904162812631e-01
5.270709437343686909e-01
1.132806742240916709e+00
1.529142705674494618e+00
1.676506584488189455e+00
1.562990923191820869e+00
1.201337944813757774e+00
6.670211188784088696e-01
1.066157537130621585e-01
-3.544943084899482288e-01
-6.833905767647645568e-01
-9.093670759515851687e-01
-1.071681689347644184e+00
-1.186913754531493614e+00
-1.230983367511462312e+00
-1.158209283914179766e+00
-9.571351646280070735e-01
-6.492742178167021372e-01
-2.448508599728973500e-01
2.570465744568106725e-01
8.347844432783924074e-01
1.410626313026906553e+00
1.849032561829995203e+00
2.011803461830738105e+00
1.841257302313628275e+00
1.399853445607009084e+00
8.231572514091881621e-01
2.310913575885484850e-01
-3.122419518533981475e-01
-7.696849611795580914e-01
-1.084726300684703437e+00
-1.207642654091403811e+00
-1.175510591192005183e+00
-1.066230477437982049e+00
-9.079642997377821434e-01
-6.734444362721679900e-01
-3.238509902100865645e-01
1.280660003442212480e-01
5.993531490967513031e-01
9.921945031334339360e-01
1.220683461909898515e+00
1.192766325177065045e+00
8.407027477973354479e-01
2.141231030602145091e-01
-5.089149962164617458e-01
-1.129508255898662217e+00
-1.490634022367817835e+00
-1.482191642444854907e+00
-1.068733809883670727e+00
-3.263374430000464677e-01
5.590604868684468931e-01
1.336611742768825106e+00
1.780902517888306003e+00
1.787903320966396814e+00
1.381938595224318167e+00
6.690257918881999943e-01
-1.531506795248669395e-01
-8.108324608080846874e-01
-1.131416722176840972e+00
-1.136234800817702784e+00
-9.290340668680853176e-01
-6.206941046805880546e-01
-3.427843673209530762e-01
-2.107320725446319709e-01
-2.273703537577904943e-01
-3.043635174938591481e-01
-3.321370739917837156e-01
-2.038385389521396585e-01
1.453061911146354412e-01
6.544197808831847540e-01
1.139470094376732412e+00
1.424548300335404694e+00
1.404936487160596270e+00
1.030549155549317142e+00
3.236188658987033118e-01
-5.708698492536036229e-01
-1.397237104429708943e+00
-1.903055086779507521e+00
-1.948874901387480651e+00
-1.537199601094081824e+00
-7.914989388142796845e-01
8.939960808773451950e-02
8.886010023758854626e-01
1.421084986155389362e+00
1.584415555363425598e+00
1.401120625875500236e+00
9.915870892076544818e-01
4.908794293983926860e-01
2.653504605385852231e-03
-3.948106182433918643e-01
-6.558830396218834347e-01
-7.989223520306200088e-01
-8.838134089290040629e-01
-9.479979599276083801e-01
-9.630864241607747234e-01
-8.335476186096661966e-01
-5.028013642440752884e-01
-4.522503447658200726e-02
4.418799168301743574e-01
8.872961536053387555e-01
1.176173848623869089e+00
1.139851520245081851e+00
7.337075215203403555e-01
1.399215514966183349e-01
-4.156750983054587900e-01
-7.647824897791150045e-01
-7.847791708434452840e-01
-4.321537161439993335e-01
2.089687101418553072e-01
9.410343026092742313e-01
1.509013249842054316e+00
1.677864223626899909e+00
1.344604117057871306e+00
5.954220843540951602e-01
-3.577531430515025201e-01
-1.257290338569838406e+00
-1.848184662126551414e+00
-1.967591822564135784e+00
-1.638474505227657696e+00
-1.034319164545594916e+00
-3.701999611087768982e-01
1.571790758489968187e-01
4.110733716643801272e-01
3.775789831894183490e-01
1.710042166363110738e-01
-3.960007645600282372e-02
-9.897985285400451305e-02
7.649273103236092775e-02
4.436568651179679801e-01
8.584357469360545112e-01
1.159668782748817906e+00
1.207743578127038031e+00
9.134514966019469107e-01
3.147137729729527766e-01
-3.955112063825715896e-01
-9.688066857217813022e-01
-1.200585237708859276e+00
-9.837452066387939453e-01
-3.691159312565451267e-01
4.406946101051874010e-01
1.184717515367714080e+00
1.615243682292493821e+00
1.560397678949415168e+00
1.013039385920125657e+00
1.310991010290435688e-01
-8.461157103206811136e-01
-1.629764833632001864e+00
-1.950635721967214353e+00
-1.745437784508065748e+00
-1.164725462924090627e+00
-4.053535908804410948e-01
3.089151368658323848e-01
7.124339274654740706e-01
7.193198591747831383e-01
4.765645472249795400e-01
1.480808415447461002e-01
-1.386774435700090513e-01
-2.381053814326225815e-01
-8.825946938708716105e-02
1.658424792909780066e-01
3.757437488041411866e-01
4.711312272063950535e-01
4.035834998307040733e-01
1.311365263879510912e-01
-3.362731931613884839e-01
-8.714364825567331163e-01
-1.274321936519325238e+00
-1.407278679318277215e+00
-1.229265807844607483e+00
-7.579769353893101025e-01
-6.132591614023073096e-02
7.322610125112654078e-01
1.445208935162609620e+00
1.897683483151824113e+00
1.975593561500809781e+00
1.678444954016535595e+00
1.105241155578966739e+00
3.963602093155083050e-01
-3.133046960465465935e-01
-9.132458472199912469e-01
-1.325602089364066094e+00
-1.510037152317650788e+00
-1.460619078306024887e+00
-1.201774762045706213e+00
-7.926948400989431986e-01
-3.196021159302702697e-01
1.424475601148207926e-01
5.588240340621241087e-01
9.221783813556089227e-01
1.216989057088915249e+00
1.393075907471276631e+00
1.382419851790301690e+00
1.161989101799175250e+00
7.734585534579281330e-01
2.736090066963196010e-01
-2.924066860540932011e-01
-8.711364970577452072e-01
-1.375934967010316701e+00
-1.694243210343522099e+00
-1.733176723948838260e+00
-1.465547155562406001e+00
-9.402246555141438034e-01
-2.611496999165084931e-01
4.461741790133510466e-01
1.063576838409619585e+00
1.492669319795699057e+00
1.657118000991175899e+00
1.514884727631092165e+00
1.090194653356571175e+00
4.981011626281398041e-01
-8.833988489403336863e-02
-5.204890534739095020e-01
-7.281863044837884047e-01
-7.112894111014727017e-01
-5.092162742133997666e-01
-1.916168974579766926e-01
1.263471857316532665e-01
3.024498470706752928e-01
2.614203601189252213e-01
3.339484351161754738e-02
-3.156732880782777140e-01
-7.322901587328676243e-01
-1.158211093869943475e+00
-1.448728260286523684e+00
-1.307873665739210045e+00
-6.856333235013640781e-01
1.972428801756390820e-02
5.743773922377189978e-01
9.345798675342995576e-01
1.082675671510691995e+00
1.031167531664201942e+00
8.625473620853795209e-01
6.766617775924604894e-01
5.144207583126351180e-01
3.527560367909347017e-01
1.425062029484281678e-01
-1.556345153733346975e-01
-5.532524821716988672e-01
-1.022359883262120794e+00
-1.480700640486975361e+00
-1.799300258920668361e+00
-1.859122667813891239e+00
-1.611315624096073096e+00
-1.083279956608676153e+00
-3.702945273473679522e-01
3.605437229119363707e-01
9.298998150892531234e-01
1.209225969419679636e+00
1.259046304942607497e+00
1.145187447418056781e+00
9.709570298752857598e-01
8.265826256156185714e-01
7.548436339404286377e-01
7.408598019356502640e-01
7.200277100288848819e-01
5.969539234908207703e-01
2.686618015461440523e-01
-3.421353528026369606e-01
-1.217447060585093777e+00
-2.162285296669711254e+00
-2.867529929065072203e+00
5.614395573338248902e-01
8.380212030778815269e-01
1.087213364271108595e+00
1.198056105102135893e+00
1.096368850631286307e+00
7.786692670412814765e-01
3.154195226024154031e-01
-1.781581476497833549e-01
-5.809430240483581809e-01
-8.039740405416470059e-01
-8.209097128220514961e-01
-6.806916106713285508e-01
-4.862791350220867503e-01
-3.418273869435735079e-01
-3.212414196810150502e-01
-5.094955586880467457e-01
-5.141614748344507380e-01
-5.285068379453148335e-01
-4.675853674669122051e-01
-2.486400939412043709e-01
1.887207847133687832e-01
7.938222442072336849e-01
1.346185620071510325e+00
1.647432885510781153e+00
1.665417974783931498e+00
1.435778049370889597e+00
9.882009099746311698e-01
3.601681301229713861e-01
-3.423810629813475725e-01
-9.137333047332680813e-01
-1.183206996219535068e+00
-1.154548278863203103e+00
-9.220982756702023053e-01
-5.636119340880800799e-01
-1.277413906249424691e-01
3.432143356244335974e-01
7.976956416099599823e-01
1.175696831347623705e+00
1.418037924275711514e+00
1.472400923162700659e+00
1.297799778931057357e+00
8.812225696750917159e-01
2.688117409870676711e-01
-4.201920135462305916e-01
-1.029536803462538064e+00
-1.420569639832457209e+00
-1.507083780554243413e+00
-1.297497812153635355e+00
-9.138633740778157044e-01
-5.059570341633944368e-01
-1.568119831839840939e-01
1.192852934566658446e-01
3.386810952560654897e-01
5.174115506235892337e-01
6.477526250520300177e-01
6.943468654941791218e-01
6.346636463246968507e-01
4.782250268605534593e-01
2.290636293452124883e-01
-1.244769203727595641e-01
-5.724187560090487903e-01
-1.033095931480513929e+00
-1.369540434977603915e+00
-1.487964163280211194e+00
-1.371662617865085032e+00
-1.032775126526132681e+00
-4.911877718326814191e-01
1.929335845289001372e-01
8.769393650813276375e-01
1.369242725693325280e+00
1.545022830643124179e+00
1.399820683041339775e+00
1.000974525966591200e+00
4.365466886794688306e-01
-1.989107528643979106e-01
-8.045449778803384078e-01
-1.280735096246958138e+00
-1.546688441121092827e+00
-1.556413309490108920e+00
-1.304275916724521256e+00
-8.266670672987199708e-01
-2.058432685564219600e-01
4.408122180061095352e-01
1.001270371644250146e+00
1.407322093216230030e+00
1.632865823110515979e+00
1.619872170736771366e+00
1.430776422912498624e+00
1.085972759470855920e+00
6.387840472950120363e-01
1.565647060687202774e-01
-3.141348065376747822e-01
-7.535496919528323900e-01
-1.146475555912542355e+00
-1.454169038905908096e+00
-1.604972669122893159e+00
-1.539082830048399186e+00
-1.279887972495019399e+00
-9.210046215519064328e-01
-5.518088643795697745e-01
7.496950136764906070e-01
6.589774936999281962e-01
5.556165041851868214e-01
4.811786051778440543e-01
4.713091917029663125e-01
5.327990602960218647e-01
6.371450592963306958e-01
7.368965446770004979e-01
7.846642695171727189e-01
7.447439819595055299e-01
5.984618858465646785e-01
3.423211193219097837e-01
-1.897171730511265295e-02
-4.646746530743630088e-01
-8.969024109160357305e-01
-1.117111848733376434e+00
-9.896047760803841076e-01
-7.683482863562943743e-01
-4.941052183130346664e-01
-1.523083813666069875e-01
2.590288812187194756e-01
6.580040132046466317e-01
9.409512579691785561e-01
1.082882864202999729e+00
1.086967817603396336e+00
9.272674193203298554e-01
5.632449919168723840e-01
1.668284424621454057e-02
-5.690999351412290297e-01
-1.018080066535690831e+00
-1.231644538844263836e+00
-1.175146957985949259e+00
-8.417133112568360165e-01
-2.651901706010090232e-01
4.432334474664562651e-01
1.099393563145726116e+00
1.521668548233127138e+00
1.608667302102406271e+00
1.351494324179279616e+00
8.072396590811903305e-01
8.088655492839583183e-02
-6.798999991903860174e-01
-1.306825524634660729e+00
-1.668736659416624635e+00
-1.721725320371944035e+00
-1.497783551714067185e+00
-1.060898655243549760e+00
-4.915921722316368148e-01
9.845991199186784892e-02
5.843138921941712915e-01
8.936788092274741135e-01
1.026537185239599026e+00
1.008390041101832946e+00
8.547307175268149537e-01
5.856206536071750790e-01
2.649848921534855850e-01
-1.548193578870831963e-02
-1.964362712815737599e-01
-2.557601156027987654e-01
-1.771742909402476140e-01
6.160163442238794640e-02
4.565651570089010458e-01
8.845050778703211769e-01
1.090473743564353670e+00
9.608308525835349556e-01
6.159701786383365851e-01
2.032233934925972152e-01
-1.798691236428935358e-01
-4.589112817289300317e-01
-5.615360513387145369e-01
-4.349032753590217903e-01
-9.762612307252685473e-02
3.382480101853176380e-01
7.164974577873619577e-01
8.958863676651735997e-01
7.845783210773845662e-01
3.688949860910565315e-01
-2.815614740844582520e-01
-1.044147691916823772e+00
-1.761604104046980090e+00
-2.233046087090736709e+00
-2.264655318189773059e+00
-1.822012771528875419e+00
-1.074313098934080113e+00
-2.527449934941600751e-01
4.450402999233308288e-01
8.919159760638019074e-01
1.003299046573578268e+00
8.441126298373262671e-01
5.103736517682805340e-01
1.447293405693097779e-01
-9.206909926003147004e-02
-1.399486086643881855e-01
-5.366873332411840197e-02
8.651152833756359239e-02
2.129871134025465296e-01
2.644911972311103643e-01
1.885731134401316400e-01
-1.680155284295348564e-02
-2.652841705638070424e-01
-2.190163828873303409e+00
-1.696061551950564406e+00
-8.996737131822553080e-01
-3.637575340378805533e-02
6.876908809473680773e-01
1.190164120092117139e+00
1.433355591999846412e+00
1.359137538574993753e+00
9.466380586149693022e-01
3.380865878861315510e-01
-2.241241173837483502e-01
-5.781401338267263545e-01
-6.624043839427319336e-01
-4.676374763186790240e-01
-3.258204627484580923e-02
5.412936661392003801e-01
1.098286184854669445e+00
1.498241220814439778e+00
1.589228345968372258e+00
1.325680006979130132e+00
7.696758590784823495e-01
3.414301660914145775e-02
-7.489883356062554398e-01
-1.420891502262081607e+00
-1.813373956425985423e+00
-1.836368674630062703e+00
-1.537670411659509018e+00
-1.048121287123615630e+00
-5.078069361222156131e-01
-3.824624306736656293e-02
2.808882400711275595e-01
4.356891321461991984e-01
4.648814093520636237e-01
4.231697676904498384e-01
3.576473191000502649e-01
2.998209055729368355e-01
2.587007040786866163e-01
2.165688642394560937e-01
1.435281787738262593e-01
1.903619537620871230e-02
-1.547987701752302492e-01
-3.421907384899998683e-01
-4.644163377287824912e-01
-4.148674509065388705e-01
-1.411365488880980124e-01
2.750064087432487758e-01
6.901502294297345852e-01
9.917616443211380028e-01
1.085565249036229085e+00
8.788657693438869378e-01
3.542625869669294714e-01
-3.394527525104312771e-01
-9.762381042008095866e-01
-1.394935356986694686e+00
-1.503030267878838977e+00
-1.251135513469554095e+00
-6.617461601591558829e-01
1.396578622257562963e-01
9.525003121588514476e-01
1.564201046067726253e+00
1.811582252048959507e+00
1.634767538935667286e+00
1.088290524323848096e+00
3.025038275925460152e-01
-5.409176644753140861e-01
-1.216222750321449775e+00
-1.537445389460378786e+00
-1.477533830082806032e+00
-1.145391195900812509e+00
-6.838271360066260351e-01
-2.338035006537209359e-01
6.618639005035892309e-02
1.320231618671133811e-01
6.337600312105704002e-04
-1.967314769259977669e-01
-3.166801304965554675e-01
-2.712069243289201848e-01
-6.925821504277250573e-02
1.964197017971327508e-01
4.066633125498885226e-01
4.620027834704092951e-01
3.039263961751398901e-01
-6.656771449536860730e-02
-5.577628489067982809e-01
-9.641563891630658967e-01
-1.033925003460420156e+00
-6.490078285157786508e-01
5.591677949827341537e-02
9.420162929143680586e-01
1.696429256646275086e+00
2.044684848726757487e+00
1.930583161180795981e+00
1.432155099808770871e+00
6.826446630276663541e-01
-1.136594204792248930e-01
-7.117642155132886117e-01
-9.515776862092119037e-01
-8.248341679572243068e-01
-4.324436965363325780e-01
5.308636535503670484e-02
1.700442574109588545e+00
7.092502651705335781e-01
-1.548144576473004519e-01
-7.766493115439464523e-01
-1.117183375892581543e+00
-1.127641583859811059e+00
-7.783135908997360630e-01
-2.185693817452121490e-01
2.731264923031901937e-01
5.424958775008074108e-01
5.606595939578168375e-01
3.308586331510435241e-01
-1.153807792673902655e-01
-6.666723326633124946e-01
-1.137592428364586628e+00
-1.375132792745449750e+00
-1.314549359636869141e+00
-9.513315798314417870e-01
-3.430018822460806360e-01
3.927592170065103416e-01
1.093296321085484246e+00
1.601498492018964992e+00
1.822027285316056178e+00
1.728311648379989629e+00
1.341678194266928248e+00
7.387462781491148656e-01
6.743703111493942748e-02
-5.066737541871034756e-01
-8.841278350114595286e-01
-1.035654941407254892e+00
-9.566653894242783673e-01
-6.553971264341738046e-01
-1.936128186296209586e-01
2.903713090552005882e-01
6.516071571938528706e-01
8.080878275967585678e-01
7.282581805118466534e-01
4.080993895998657472e-01
-1.075411006555913318e-01
-6.897525433990990829e-01
-1.154639648958666331e+00
-1.355368015795356262e+00
-1.232588814263426480e+00
-8.018249706476784366e-01
-1.382987359294731433e-01
6.211517953943285208e-01
1.288372250325212409e+00
1.679910215485628910e+00
1.696601545744761408e+00
1.351699005434474632e+00
7.335802229531870333e-01
-3.003037611131035081e-02
-7.732572218898170480e-01
-1.312073076747618083e+00
-1.531633905186198907e+00
-1.444881370174096791e+00
-1.136940877762735447e+00
-6.931458900060779582e-01
-1.964068330969707399e-01
2.373619326442704958e-01
4.959320825647730580e-01
5.709235200135089894e-01
5.379030935611694986e-01
4.745262751472295037e-01
4.363140030318750084e-01
4.568536128653188921e-01
5.318355880708522943e-01
6.251687176161723203e-01
7.057135800406052484e-01
7.425423840570514189e-01
6.761780505851191503e-01
4.049363663349703213e-01
-1.186307571949983819e-01
-7.247288343805167177e-01
-1.218374051215350917e+00
-1.538776893736421458e+00
-1.624326335954647815e+00
-1.365614772577067981e+00
-7.593422309640648349e-01
-1.548927019118221358e-02
6.388091397178213837e-01
1.077747518509252211e+00
1.219546204610910456e+00
1.011163105828814635e+00
4.806067948777852927e-01
-2.402988691577085945e-01
-9.647792697332704392e-01
-1.412319088882342033e+00
-1.485631358337133223e+00
-1.211872865377797481e+00
-6.693700615166863210e-01
4.254484286663549192e-02
7.550384831690205578e-01
1.212191176659752179e+00
1.260580346785853179e+00
9.867278451685860263e-01
5.623798403254723910e-01
1.305247554381370190e-01
-1.789574508264213382e-01
-2.526365459363657529e-01
1.153864824468048278e+00
1.329917262582006598e+00
1.360850105739117577e+00
1.156616797473510871e+00
6.629119818977202705e-01
1.774104385228041786e-02
-5.398786120697613988e-01
-8.991620515248535117e-01
-1.042955032985244168e+00
-9.576548240355615693e-01
-6.297765976332794224e-01
-1.041590807233874622e-01
4.743732921469525632e-01
9.200143460800078721e-01
1.096086193079948146e+00
9.431602321594659832e-01
5.259693796478405181e-01
-1.381763021803182889e-01
-9.223854033536492691e-01
-1.632343326667606398e+00
-2.048136418536198100e+00
-2.051006216225962131e+00
-1.691813647265647313e+00
-1.104277253261326530e+00
-4.205534807341883563e-01
2.240633417408537109e-01
6.870799070397847208e-01
8.961161511633445320e-01
9.004786195410804384e-01
8.077833561570521015e-01
7.159881375068370968e-01
6.930562989750305158e-01
7.642962721344421784e-01
9.026893465275198647e-01
1.048745029796062544e+00
1.134299431795771751e+00
1.052499056510715736e+00
7.268096461724569135e-01
1.058746253895921363e-01
-6.773380115215114072e-01
-1.367866471797239525e+00
-1.821569973839741285e+00
-2.010086797283539894e+00
-1.923401519155574446e+00
-1.574178085789754045e+00
-1.072849275785020318e+00
-5.950000199179018567e-01
-2.422817728343967802e-01
-1.131020903171135565e-02
1.503917345581174125e-01
8.374985766774034612e-01
9.708606504738369614e-01
1.091928266333441311e+00
1.177709610931148010e+00
1.180114267098912206e+00
1.026199436243347529e+00
6.545607676099224337e-01
8.462781081722446641e-02
-5.619773789411673937e-01
-1.126289868615611311e+00
-1.460955294180966257e+00
-1.439377199664827911e+00
-1.012557597029758005e+00
-2.965476241076990815e-01
4.627226308742161676e-01
1.028122714251981540e+00
1.262705389656338939e+00
1.099243621978630348e+00
5.892920165756221351e-01
-1.204190743510908657e-01
-8.260562851572533782e-01
-1.335059873653027696e+00
-1.538635814305421068e+00
-1.435624087321771158e+00
-1.093911192860123283e+00
-6.015148287051572673e-01
-5.310367215605308472e-02
4.367205834315211477e-01
7.577667242876301446e-01
8.890892167210751040e-01
9.130786922508985493e-01
9.308468209719824582e-01
9.995416778600625385e-01
1.109690172575204636e+00
1.191700525261637056e+00
1.168901292925633939e+00
1.001702676059619490e+00
6.785194064201963693e-01
2.046959873561054188e-01
-3.836898329289748499e-01
-1.003869318079681605e+00
-1.536564009650147611e+00
-1.862767140161154078e+00
-1.905089381178169061e+00
-1.659595396526352795e+00
-1.197483555340510986e+00
-6.216897947678676761e-01
-1.762989199156026962e-02
5.597293551183885052e-01
1.071999457625184116e+00
1.483181393232984702e+00
1.755247489294705643e+00
1.851069187996565724e+00
1.743992964914024890e+00
1.434067834315844836e+00
9.585910612626228344e-01
3.827804592738281442e-01
-2.198931043460535806e-01
-7.765674611926823845e-01
-1.210487728093059268e+00
-1.442169842853378681e+00
-1.420225551446143042e+00
-1.171138447103587499e+00
-8.019765096944683203e-01
-4.363757793788463069e-01
-1.594069892425734880e-01
-1.159091890268170756e-02
-4.140624770847940901e-03
-1.269090642771506794e-01
-3.394868739494777965e-01
-5.543887640364209002e-01
-6.530768852439439165e-01
-5.571245664694377542e-01
-2.713440667964540642e-01
1.490081728213155099e-01
6.334648258678745592e-01
1.097277550056037887e+00
1.433444543131946691e+00
1.529007710519703966e+00
1.315674135455875415e+00
8.178006160741674302e-01
1.546426269135768305e-01
-4.957233775182303681e-01
-9.519847477600859031e-01
-1.093922130854648067e+00
-9.001578521611457440e-01
-4.416944398339401334e-01
1.453014619978816868e-01
7.021376922106162821e-01
1.107382988338141416e+00
1.312883680219297133e+00
1.329228197754665164e+00
1.191492922254642650e+00
9.384054241471154745e-01
6.094527130727905861e-01
2.488584091790077557e-01
-1.005242964384033821e-01
-4.180644724948800461e-01
-7.145703459269012736e-01
-1.010933475168032336e+00
-1.305969789593412589e+00
-1.561128532542769731e+00
-1.716954338956517612e+00
-1.727713099577477651e+00
-1.576240825086911990e+00
-1.262035221334815160e+00
-7.961119952952383505e-01
-2.288173503236833606e-01
3.216990119422476480e-01
7.306934921307765007e-01
9.661001358356042790e-01
1.075841032227421223e+00
1.117240746205641733e+00
1.118385856811705104e+00
1.078586267615452510e+00
9.936344468443635281e-01
8.613715068926731666e-01
6.658246492985316900e-01
3.780494017017483888e-01
-2.721993013606112399e-02
-5.457804581354609441e-01
-1.115084722663283401e+00
-1.612584888574165598e+00
-1.905332552893819420e+00
-1.907004193133819081e+00
-1.594604058757481679e+00
-1.012193653852072162e+00
-2.816135091328764162e-01
4.239359156638879966e-01
9.555326962743601049e-01
1.240327150883913099e+00
1.272978688881500231e+00
1.098861703146973623e+00
7.515536802392573934e-01
3.201058453270038684e-01
-9.938945539695624720e-02
-4.235785340904675844e-01
-5.982700087383157062e-01
-5.983389334869965159e-01
-4.125199933647622497e-01
-3.254433875605096393e-02
5.203958506063109946e-01
9.360449475664883723e-01
1.423947506904449378e+00
1.550257318335694245e+00
1.313776857953369070e+00
4.330200080464141066e-01
1.084771303478632709e-01
-3.534469236836559891e-01
-8.410179019084085272e-01
-1.229766910414957337e+00
-1.412915417124786188e+00
-1.329903908235444021e+00
-9.848116399036960233e-01
-4.488188550455923242e-01
1.548633789114855219e-01
6.802944082507742518e-01
