1.481481481481481399e-01 2.857142857142856984e-01 3.333333333333333148e-01 4.583333333333333148e-01 1.666666666666666574e-01 nan nan 3.076923076923077094e-01 nan nan 1.071428571428571369e-01 2.857142857142856984e-01 5.000000000000000000e-01 nan
2.820512820512820484e-01 3.448275862068965747e-01 1.944444444444444475e-01 1.111111111111111049e-01 3.448275862068965747e-01 2.352941176470588203e-01 1.538461538461538547e-01 3.437500000000000000e-01 2.758620689655172376e-01 2.500000000000000000e-01 2.820512820512820484e-01 3.846153846153846367e-01 1.578947368421052544e-01 2.608695652173912971e-01
3.870967741935483764e-01 3.103448275862069061e-01 2.222222222222222099e-01 4.500000000000000111e-01 4.137931034482758563e-01 4.705882352941176405e-01 3.076923076923077094e-01 4.400000000000000022e-01 4.137931034482758563e-01 4.500000000000000111e-01 4.666666666666666741e-01 4.062500000000000000e-01 5.263157894736841813e-01 4.782608695652174058e-01
3.265306122448979331e-01 3.448275862068965747e-01 3.200000000000000067e-01 4.736842105263157632e-01 2.413793103448275967e-01 2.352941176470588203e-01 2.307692307692307820e-01 2.500000000000000000e-01 1.724137931034482873e-01 2.999999999999999889e-01 3.913043478260869734e-01 3.181818181818181768e-01 2.631578947368420907e-01 2.173913043478260809e-01
4.074074074074073848e-01 3.846153846153846367e-01 8.333333333333332871e-02 2.222222222222222099e-01 4.482758620689655249e-01 5.882352941176470784e-01 5.384615384615384359e-01 4.736842105263157632e-01 4.799999999999999822e-01 5.000000000000000000e-01 3.750000000000000000e-01 4.814814814814814548e-01 3.684210526315789269e-01 5.217391304347825942e-01
3.265306122448979331e-01 3.793103448275861878e-01 2.173913043478260809e-01 2.857142857142856984e-01 3.793103448275861878e-01 6.470588235294117974e-01 6.153846153846154188e-01 5.937500000000000000e-01 4.137931034482758563e-01 5.500000000000000444e-01 2.727272727272727071e-01 4.772727272727272929e-01 4.210526315789473450e-01 6.086956521739130821e-01
3.265306122448979331e-01 3.793103448275861878e-01 2.173913043478260809e-01 2.000000000000000111e-01 4.137931034482758563e-01 5.294117647058823595e-01 4.615384615384615641e-01 5.312500000000000000e-01 4.482758620689655249e-01 5.000000000000000000e-01 3.636363636363636465e-01 4.318181818181818232e-01 3.684210526315789269e-01 5.217391304347825942e-01
3.750000000000000000e-01 2.999999999999999889e-01 9.090909090909091161e-02 2.500000000000000000e-01 5.000000000000000000e-01 6.363636363636363535e-01 4.000000000000000222e-01 1.666666666666666574e-01 5.454545454545454142e-01 5.000000000000000000e-01 4.000000000000000222e-01 4.615384615384615641e-01 3.333333333333333148e-01 5.833333333333333703e-01
3.750000000000000000e-01 2.800000000000000266e-01 3.809523809523809312e-01 5.294117647058823595e-01 4.400000000000000022e-01 4.705882352941176405e-01 3.076923076923077094e-01 2.352941176470588203e-01 3.913043478260869734e-01 4.500000000000000111e-01 4.761904761904761640e-01 3.200000000000000067e-01 4.210526315789473450e-01 3.043478260869565410e-01
3.571428571428571508e-01 3.333333333333333148e-01 2.000000000000000111e-01 5.999999999999999778e-01 4.375000000000000000e-01 4.705882352941176405e-01 3.846153846153846367e-01 2.727272727272727071e-01 4.000000000000000222e-01 4.375000000000000000e-01 3.333333333333333148e-01 3.529411764705882582e-01 3.333333333333333148e-01 4.705882352941176405e-01
2.592592592592592449e-01 3.076923076923077094e-01 3.750000000000000000e-01 4.444444444444444198e-01 3.103448275862069061e-01 2.941176470588235392e-01 3.846153846153846367e-01 2.105263157894736725e-01 2.800000000000000266e-01 2.999999999999999889e-01 4.166666666666666852e-01 3.703703703703703498e-01 3.157894736842105088e-01 2.173913043478260809e-01
