2.216981132075471761e-01 2.439024390243902385e-01 2.622377622377622397e-01 2.710280373831775447e-01 3.111111111111111160e-01 nan nan 2.695035460992907805e-01 2.380952380952380820e-01 2.666666666666666630e-01 3.346303501945525061e-01 2.294117647058823428e-01 4.285714285714285476e-01 4.000000000000000222e-01
3.378839590443685759e-01 3.235294117647058987e-01 2.695035460992907805e-01 2.849740932642487179e-01 3.571428571428571508e-01 3.398058252427184622e-01 3.448275862068965747e-01 3.741007194244604372e-01 3.778801843317972087e-01 3.474576271186440857e-01 3.377777777777777879e-01 3.591549295774648098e-01 3.138686131386861367e-01 3.489932885906040227e-01
2.612612612612612573e-01 4.411764705882352811e-01 2.775119617224880431e-01 2.925170068027210801e-01 3.392857142857143016e-01 3.398058252427184622e-01 3.103448275862069061e-01 3.274336283185840801e-01 3.486238532110091937e-01 4.237288135593220151e-01 2.681564245810055813e-01 3.364928909952606406e-01 4.014598540145985495e-01 3.624161073825503121e-01
2.973760932944606306e-01 2.598039215686274717e-01 2.785087719298245390e-01 3.215434083601286241e-01 2.619047619047619180e-01 4.563106796116505048e-01 4.712643678160919336e-01 3.165467625899280324e-01 2.798165137614678777e-01 2.881355932203389925e-01 3.257575757575757458e-01 2.943143812709030360e-01 3.065693430656934448e-01 3.422818791946308781e-01
3.035714285714285476e-01 3.207547169811320598e-01 2.321428571428571508e-01 2.616822429906541791e-01 3.933333333333333126e-01 4.271844660194174526e-01 3.333333333333333148e-01 3.292682926829268442e-01 4.036144578313253239e-01 3.728813559322033955e-01 3.577981651376146988e-01 3.875000000000000111e-01 3.722627737226277267e-01 3.892617449664429463e-01
3.440233236151603591e-01 3.431372549019607865e-01 3.561253561253561184e-01 3.250000000000000111e-01 3.869047619047619180e-01 3.980582524271844558e-01 3.678160919540229834e-01 3.633093525179856287e-01 3.456221198156682051e-01 3.813559322033898136e-01 3.657407407407407551e-01 3.745819397993310762e-01 3.795620437956204185e-01 3.959731543624160910e-01
3.644314868804664487e-01 3.415841584158416100e-01 3.209169054441260993e-01 3.096234309623430714e-01 3.630952380952380820e-01 4.174757281553397870e-01 3.908045977011494476e-01 3.741007194244604372e-01 3.738317757009345654e-01 3.418803418803418870e-01 3.379629629629629650e-01 3.712374581939799079e-01 4.306569343065693167e-01 3.422818791946308781e-01
2.750000000000000222e-01 4.054054054054054279e-01 3.058823529411764941e-01 3.333333333333333148e-01 4.482758620689655249e-01 4.285714285714285476e-01 3.846153846153846367e-01 4.133333333333333304e-01 4.594594594594594850e-01 4.230769230769230727e-01 3.174603174603174427e-01 4.769230769230769496e-01 4.218750000000000000e-01 3.913043478260869734e-01
2.926829268292682751e-01 2.802547770700636875e-01 2.987804878048780366e-01 3.301886792452830011e-01 2.534246575342465890e-01 3.398058252427184622e-01 3.333333333333333148e-01 3.416149068322981153e-01 2.608695652173912971e-01 3.559322033898305038e-01 2.673267326732673421e-01 3.051948051948051854e-01 3.649635036496350349e-01 3.422818791946308781e-01
2.803738317757009102e-01 2.842105263157894690e-01 2.090909090909090773e-01 2.608695652173912971e-01 2.954545454545454697e-01 3.092783505154639290e-01 2.988505747126437018e-01 2.727272727272727071e-01 3.200000000000000067e-01 2.571428571428571175e-01 2.857142857142856984e-01 2.736842105263158076e-01 2.210526315789473617e-01 2.970297029702970160e-01
3.035714285714285476e-01 3.312101910828025297e-01 2.891566265060240837e-01 3.551401869158878344e-01 2.999999999999999889e-01 3.398058252427184622e-01 2.873563218390804419e-01 2.987804878048780366e-01 3.190184049079754502e-01 3.076923076923077094e-01 3.577981651376146988e-01 3.437500000000000000e-01 3.065693430656934448e-01 3.288590604026845887e-01
