nan nan nan nan nan nan nan nan nan nan nan nan nan nan
2.919708029197080057e-01 3.059701492537313383e-01 2.672413793103448065e-01 2.000000000000000111e-01 3.149606299212598381e-01 3.301886792452830011e-01 3.146067415730336991e-01 3.228346456692913202e-01 3.161764705882352811e-01 2.432432432432432567e-01 2.765957446808510745e-01 3.082191780821917915e-01 3.120567375886524886e-01 3.437500000000000000e-01
2.919708029197080057e-01 3.507462686567164312e-01 2.155172413793103314e-01 3.058823529411764941e-01 3.149606299212598381e-01 3.962264150943396457e-01 3.258426966292135019e-01 3.543307086614173040e-01 3.308823529411764608e-01 3.648648648648648574e-01 3.262411347517730764e-01 3.356164383561643927e-01 3.333333333333333148e-01 3.515625000000000000e-01
3.138686131386861367e-01 2.835820895522387919e-01 3.275862068965517127e-01 4.000000000000000222e-01 2.834645669291338543e-01 2.641509433962264120e-01 2.359550561797752743e-01 2.283464566929133965e-01 2.647058823529411797e-01 2.837837837837837718e-01 4.184397163120567309e-01 3.013698630136986134e-01 2.907801418439716068e-01 2.734375000000000000e-01
2.700729927007299302e-01 3.507462686567164312e-01 1.982758620689655249e-01 3.058823529411764941e-01 3.700787401574803237e-01 4.245283018867924696e-01 3.258426966292135019e-01 3.464566929133858220e-01 3.970588235294117418e-01 3.108108108108108003e-01 2.553191489361701927e-01 3.219178082191780921e-01 3.546099290780141966e-01 4.218750000000000000e-01
4.306569343065693167e-01 5.074626865671642006e-01 3.448275862068965747e-01 4.235294117647058765e-01 4.803149606299212393e-01 4.811320754716981174e-01 4.382022471910112515e-01 4.960629921259842590e-01 5.073529411764705621e-01 4.729729729729729715e-01 4.255319148936170248e-01 4.657534246575342207e-01 4.326241134751773187e-01 5.312500000000000000e-01
3.382352941176470784e-01 4.552238805970149071e-01 3.478260869565217295e-01 3.058823529411764941e-01 3.858267716535432879e-01 3.962264150943396457e-01 4.606741573033708015e-01 4.488188976377952555e-01 4.477611940298507620e-01 4.729729729729729715e-01 3.475177304964539027e-01 3.904109589041095951e-01 4.680851063829787329e-01 4.296875000000000000e-01
3.846153846153846367e-01 3.380281690140845008e-01 3.387096774193548154e-01 3.888888888888888951e-01 3.809523809523809312e-01 4.558823529411764608e-01 3.768115942028985588e-01 3.939393939393939226e-01 4.177215189873417778e-01 4.615384615384615641e-01 4.166666666666666852e-01 4.096385542168674565e-01 3.373493975903614217e-01 4.109589041095890183e-01
3.138686131386861367e-01 2.910447761194029925e-01 3.017241379310344751e-01 3.294117647058823484e-01 3.228346456692913202e-01 3.584905660377358250e-01 2.808988764044944020e-01 3.385826771653543399e-01 3.358208955223880854e-01 3.783783783783783994e-01 2.907801418439716068e-01 3.219178082191780921e-01 3.617021276595744905e-01 3.203125000000000000e-01
2.577319587628865705e-01 2.872340425531915153e-01 2.000000000000000111e-01 1.875000000000000000e-01 2.842105263157894690e-01 2.626262626262626521e-01 2.584269662921348520e-01 2.450980392156862642e-01 2.952380952380952439e-01 2.857142857142856984e-01 2.448979591836734637e-01 2.522522522522522292e-01 2.478632478632478708e-01 2.380952380952380820e-01
2.814814814814814992e-01 2.932330827067669010e-01 2.260869565217391297e-01 2.705882352941176294e-01 2.440944881889763884e-01 3.207547169811320598e-01 2.808988764044944020e-01 3.149606299212598381e-01 2.910447761194029925e-01 3.243243243243243423e-01 3.120567375886524886e-01 3.082191780821917915e-01 3.120567375886524886e-01 2.812500000000000000e-01
