1661, 0.692957725
1662, 0.807883392
1663, 0.607277017
1664, 0.199513263
1665,-0.115101594
1666,-0.628939495
1667,-0.692633692
1668,-0.850710039
1669,-1.375210988
1670,-1.354418664
1671,-1.310086121
1672,-0.322229012
1673, 0.302695074
1674, 0.557320946
1675, 0.290267355
1676,-0.018473410
1677,-0.223741075
1678, 0.342921828
1679, 0.613033493
1680, 0.911034629
1681, 0.930296925
1682, 0.890379954
1683, 0.796329931
1684, 0.554004302
1685, 0.327559758
1686, 0.425415190
1687, 0.528555672
1688, 0.781255466
1689, 0.499369261
1690, 0.164056658
1691, 0.249527424
1692, 0.502468408
1693, 0.587285656
1694, 0.429503652
1695, 0.489878276
1696, 0.462175843
1697, 0.364501710
1698, 0.521098337
1699, 0.842653377
1700, 1.382024786
1701, 1.410578711
1702, 0.668474178
1703, 0.286378905
1704,-0.268861776
1705,-0.069596603
1706,-0.086429364
1707,-0.343189699
1708,-0.447423505
1709,-0.305378633
1710,-0.160202569
1711, 0.032937632
1712, 0.032638894
1713, 0.329275325
1714, 0.016766377
1715,-0.183828508
1716,-0.387569327
1717,-0.286513222
1718, 0.158287139
1719, 0.580095438
1720, 0.717511059
1721, 0.475119210
1722, 0.497093496
1723, 0.177523489
1724, 0.401730561
1725, 0.270822684
1726, 0.306048290
1727, 0.294234391
1728,-0.333715208
1729,-0.665954546
1730,-0.705074090
1731,-0.316145203
1732,-0.074322210
1733,-0.025363107
1734,-0.398616808
1735,-0.401082466
1736,-0.704936671
1737,-0.067224580
1738,-0.254650498
1739,-0.060600944
1740,-0.379207166
1741,-0.163393398
1742, 0.010579303
1743,-0.007371050
1744, 0.337491850
1745, 0.869410035
1746, 1.376769071
1747, 1.284321719
1748, 1.079820468
1749, 0.412378478
1750, 0.416727349
1751,-0.440563350
1752,-0.966103927
1753,-1.681765549
1754,-1.385164558
1755,-1.428090703
1756,-0.764212023
1757,-0.431787724
1758,-0.034166417
1759, 0.207245918
1760, 0.225542715
1761, 0.346875898
1762, 0.300068406
1763, 0.201960970
1764,-0.295932963
1765,-0.061543073
1766,-0.017827076
1767, 0.682609735
1768, 0.376078817
1769, 0.140228719
1770, 0.126830515
1771, 0.254632700
1772, 0.460791310
1773, 0.305663193
1774, 0.314326043
1775, 0.382861633
1776, 0.064215160
1777,-0.396666098
1778,-0.823544170
1779,-0.502000245
1780,-0.133127623
1781,-0.446648334
1782,-0.520825866
1783,-0.776571618
1784, 0.128919123
1785, 0.560985323
1786, 0.712379086
1787, 0.514731253
1788, 0.400823490
1789, 0.028656762
1790, 0.421498180
1791, 0.878627490
1792, 1.535212708
1793, 1.337700839
1794, 0.611098543
1795,-0.213391861
1796,-0.332684998
1797,-0.073149243
1798, 0.189711015
1799, 0.159461269
1800, 0.325184129
1801, 0.515854722
1802, 0.483164123
1803, 0.671939682
1804, 0.591427011
1805, 0.711167994
1806, 0.315571151
1807, 0.045490114
1808,-0.461392646
1809,-0.139078118
1810,-0.132502627
1811, 0.130120641
1812,-0.081556271
1813,-0.348893811
1814,-0.328629767
1815, 0.303354778
1816, 0.415285558
1817, 0.808171134
1818, 0.719650323
1819, 0.507311475
1820, 0.115782859
1821,-0.633407821
1822,-0.809137755
1823,-1.208604606
1824,-1.084695961
1825,-0.161077230
1826, 0.382070452
1827, 0.796501596
1828, 0.138028068
1829, 0.161484699
1830,-0.215798953
1831, 0.593964951
1832, 0.772205821
1833, 0.877967242
1834, 0.574926520
1835, 0.239649819
1836, 0.319534512
1837, 0.390900406
1838, 0.687773271
1839, 0.863204680
1840, 0.259950748
1841,-0.060755886
1842,-1.164524704
1843,-0.828304801
1844,-1.217810885
1845,-0.634178935
1846,-0.709295017
1847,-0.114010167
1848,-0.326598446
1849,-0.079051915
1850,-0.070784974
1851, 0.223889260
1852, 0.677975114
1853, 0.803891109
1854, 1.243873106
1855, 0.697111862
1856, 0.206496962
1857,-0.286197753
1858,-0.562140514
1859,-0.001242659
1860, 0.048385873
1861, 0.296703418
1862, 0.215997059
1863,-0.149473819
1864,-0.549815975
1865,-0.530723693
1866,-0.107373273
1867, 0.524363795
1868, 0.752499805
1869, 0.857015753
1870, 0.391239335
1871,-0.009467538
1872,-0.160131741
1873,-0.024893015
1874,-0.081471127
1875, 0.108623457
1876,-0.209202257
1877,-0.188921867
1878,-0.651203602
1879,-0.277816666
1880,-0.569049680
1881,-0.496088495
1882,-0.642261981
1883,-0.377478672
1884,-0.092655721
1885, 0.487235436
1886, 0.467380452
1887, 0.365416396
1888, 0.215690791
1889, 0.360060616
1890, 0.897704695
1891, 1.236109316
1892, 1.369808530
1893, 0.761397267
1894, 0.442424681
1895,-0.041010174
1896,-0.092809770
1897,-0.489161877
1898,-0.869367008
1899,-1.221188457
1900,-1.197040580
1901,-1.008363847
1902,-0.560531794
1903,-0.789601662
1904,-0.510123201
1905,-0.254637221
1906, 0.517666269
1907, 0.830910692
1908, 0.984859331
1909, 0.970939350
1910, 0.853868880
1911, 0.582585217
1912, 0.404351404
1913, 0.594626236
1914, 0.764355284
1915, 1.154265069
1916, 1.197060065
1917, 1.029807663
1918, 0.588077894
1919, 0.278641805
1920, 0.479388209
1921, 0.855690285
1922, 0.914468569
1923, 0.599169563
1924, 0.247298707
1925, 0.028875217
1926, 0.154067388
1927, 0.283674735
1928,-0.027246037
1929,-0.119767394
1930,-0.151017909
1931, 0.143830357
1932, 0.093701803
1933,-0.363826467
1934,-0.407050798
1935,-0.543808331
1936, 0.008932861
1937, 0.183808353
1938, 0.342289059
1939, 0.485041063
1940, 0.486562713
1941, 0.670143345
1942, 0.768241894
1943, 0.771364083
1944, 0.634148963
1945, 0.517166173
1946, 0.445448099
1947,-0.046555124
1948,-0.540092605
1949,-1.102632330
1950,-1.268869036
1951,-1.228138590
1952,-1.265541006
1953,-0.791393592
1954,-0.639960411
1955,-0.602279623
1956,-0.520364773
1957,-0.217478295
1958,-0.067876807
1959,-0.064707604
1960,-1.001222154
1961,-0.990454458
1962,-1.392232164
1963,-0.823049108
1964,-0.831580997
1965,-0.483081097
1966,-0.110981053
1967,-0.190312567
1968, 0.023977158
1969,-0.224286309
1970,-0.193938200
1971,-0.535223633
1972,-0.697014859
1973,-0.695541729
1974,-0.507754950
1975,-0.430928892
1976,-0.176807293
1977, 0.001448343
1978, 0.409659808
1979, 0.648359950
1980, 0.629812804
1981, 0.747426313
1982, 0.958351510
1983, 1.179948376
1984, 1.345110618
1985, 0.907382798
1986, 0.555552500
1987, 0.814006896
1988, 0.353178896
1989, 0.017762663
1990,-0.432589573
1991,-0.409094792
