1991
1982
1979
1968
1964
1957
1947
1943
1931
1926
1925
1919
1912
1908
1903
1890
1887
1884
1875
1873
1862
1856
1853
1846
1836
1832
1823
1821
1815
1809
1797
1796
1786
1783
1770
1766
1762
1756
1739
1729
1725
1721
1720
1719
1708
1695
1693
1673
1667
1662
1654
1646
1641
1637
1621
1619
1601
1595
1590
1585
1576
1567
1554
1541
1537
1528
1512
1505
1502
1480
1478
1477
1470
1463
1458
1453
1448
1441
1416
1414
1408
1389
1381
1378
1345
1341
1336
1329
1306
1286
1276
1269
1262
1258
1236
1230
1222
1210
1200
1191
1182
1180
1171
1137
1127
1118
1115
1108
1092
1067
1064
1057
1039
1028
1020
1017
1011
1003
998
990
982
976
970
960
958
953
946
939
929
916
908
904
900
880
879
876
869
859
853
841
837
835
827
822
819
817
800
