5.010000000000000000e+02
5.110000000000000000e+02
5.470000000000000000e+02
5.810000000000000000e+02
6.570000000000000000e+02
6.710000000000000000e+02
6.940000000000000000e+02
7.320000000000000000e+02
7.560000000000000000e+02
7.820000000000000000e+02
8.220000000000000000e+02
8.350000000000000000e+02
8.370000000000000000e+02
8.410000000000000000e+02
8.760000000000000000e+02
9.040000000000000000e+02
9.080000000000000000e+02
9.530000000000000000e+02
9.700000000000000000e+02
9.980000000000000000e+02
1.011000000000000000e+03
1.017000000000000000e+03
1.067000000000000000e+03
1.115000000000000000e+03
1.182000000000000000e+03
1.200000000000000000e+03
1.222000000000000000e+03
1.262000000000000000e+03
1.341000000000000000e+03
1.408000000000000000e+03
1.416000000000000000e+03
1.502000000000000000e+03
1.528000000000000000e+03
1.567000000000000000e+03
1.637000000000000000e+03
1.646000000000000000e+03
1.708000000000000000e+03
1.719000000000000000e+03
1.720000000000000000e+03
1.729000000000000000e+03
1.739000000000000000e+03
1.766000000000000000e+03
1.770000000000000000e+03
1.786000000000000000e+03
1.796000000000000000e+03
1.797000000000000000e+03
1.908000000000000000e+03
1.919000000000000000e+03
1.925000000000000000e+03
1.926000000000000000e+03
1.947000000000000000e+03
1.957000000000000000e+03
