1.979000000000000000e+03
1.931000000000000000e+03
1.890000000000000000e+03
1.887000000000000000e+03
1.821000000000000000e+03
1.662000000000000000e+03
1.621000000000000000e+03
1.590000000000000000e+03
1.576000000000000000e+03
1.541000000000000000e+03
1.505000000000000000e+03
1.478000000000000000e+03
1.448000000000000000e+03
1.414000000000000000e+03
1.381000000000000000e+03
1.378000000000000000e+03
1.336000000000000000e+03
1.306000000000000000e+03
1.269000000000000000e+03
1.236000000000000000e+03
1.180000000000000000e+03
1.118000000000000000e+03
1.092000000000000000e+03
1.039000000000000000e+03
9.900000000000000000e+02
9.600000000000000000e+02
8.690000000000000000e+02
8.270000000000000000e+02
8.190000000000000000e+02
7.490000000000000000e+02
7.450000000000000000e+02
7.250000000000000000e+02
7.170000000000000000e+02
7.130000000000000000e+02
6.410000000000000000e+02
6.290000000000000000e+02
5.280000000000000000e+02
4.920000000000000000e+02
4.870000000000000000e+02
4.620000000000000000e+02
3.880000000000000000e+02
3.790000000000000000e+02
3.600000000000000000e+02
3.530000000000000000e+02
2.150000000000000000e+02
2.060000000000000000e+02
1.640000000000000000e+02
1.500000000000000000e+02
1.430000000000000000e+02
1.240000000000000000e+02
1.210000000000000000e+02
1.020000000000000000e+02
9.500000000000000000e+01
5.800000000000000000e+01
3.100000000000000000e+01
4.000000000000000000e+00
-8.000000000000000000e+00
-2.100000000000000000e+01
-1.000000000000000000e+02
-1.390000000000000000e+02
-3.260000000000000000e+02
-3.760000000000000000e+02
