1.957000000000000000e+03
1.947000000000000000e+03
1.926000000000000000e+03
1.925000000000000000e+03
1.919000000000000000e+03
1.912000000000000000e+03
1.908000000000000000e+03
1.875000000000000000e+03
1.873000000000000000e+03
1.856000000000000000e+03
1.853000000000000000e+03
1.846000000000000000e+03
1.823000000000000000e+03
1.797000000000000000e+03
1.796000000000000000e+03
1.786000000000000000e+03
1.783000000000000000e+03
1.770000000000000000e+03
1.766000000000000000e+03
1.756000000000000000e+03
1.739000000000000000e+03
1.729000000000000000e+03
1.725000000000000000e+03
1.721000000000000000e+03
1.720000000000000000e+03
1.719000000000000000e+03
1.708000000000000000e+03
1.667000000000000000e+03
1.654000000000000000e+03
1.646000000000000000e+03
1.637000000000000000e+03
1.619000000000000000e+03
1.567000000000000000e+03
1.537000000000000000e+03
1.528000000000000000e+03
1.502000000000000000e+03
1.480000000000000000e+03
1.477000000000000000e+03
1.470000000000000000e+03
1.463000000000000000e+03
1.441000000000000000e+03
1.416000000000000000e+03
1.408000000000000000e+03
1.341000000000000000e+03
1.329000000000000000e+03
1.262000000000000000e+03
1.222000000000000000e+03
1.210000000000000000e+03
1.200000000000000000e+03
1.182000000000000000e+03
1.137000000000000000e+03
1.115000000000000000e+03
1.067000000000000000e+03
1.064000000000000000e+03
1.057000000000000000e+03
1.020000000000000000e+03
1.017000000000000000e+03
1.011000000000000000e+03
9.980000000000000000e+02
9.820000000000000000e+02
9.700000000000000000e+02
9.580000000000000000e+02
9.530000000000000000e+02
9.460000000000000000e+02
9.390000000000000000e+02
9.080000000000000000e+02
9.040000000000000000e+02
8.800000000000000000e+02
8.790000000000000000e+02
8.760000000000000000e+02
8.410000000000000000e+02
8.370000000000000000e+02
8.350000000000000000e+02
8.220000000000000000e+02
8.170000000000000000e+02
8.000000000000000000e+02
7.820000000000000000e+02
7.770000000000000000e+02
7.560000000000000000e+02
7.500000000000000000e+02
7.320000000000000000e+02
6.940000000000000000e+02
6.710000000000000000e+02
6.570000000000000000e+02
6.320000000000000000e+02
6.260000000000000000e+02
5.950000000000000000e+02
5.810000000000000000e+02
5.710000000000000000e+02
5.470000000000000000e+02
5.360000000000000000e+02
5.210000000000000000e+02
5.110000000000000000e+02
5.010000000000000000e+02
4.690000000000000000e+02
4.670000000000000000e+02
4.520000000000000000e+02
4.260000000000000000e+02
4.230000000000000000e+02
4.180000000000000000e+02
4.110000000000000000e+02
3.690000000000000000e+02
3.660000000000000000e+02
3.580000000000000000e+02
3.100000000000000000e+02
3.070000000000000000e+02
2.990000000000000000e+02
2.810000000000000000e+02
2.300000000000000000e+02
2.260000000000000000e+02
1.920000000000000000e+02
1.720000000000000000e+02
1.600000000000000000e+02
1.140000000000000000e+02
8.700000000000000000e+01
-3.500000000000000000e+01
-4.600000000000000000e+01
-1.050000000000000000e+02
-1.410000000000000000e+02
-1.580000000000000000e+02
-1.610000000000000000e+02
-1.640000000000000000e+02
-1.800000000000000000e+02
-2.170000000000000000e+02
-2.280000000000000000e+02
-2.440000000000000000e+02
-2.550000000000000000e+02
-2.790000000000000000e+02
-2.930000000000000000e+02
-2.990000000000000000e+02
-3.010000000000000000e+02
-3.310000000000000000e+02
-3.390000000000000000e+02
-3.520000000000000000e+02
-3.850000000000000000e+02
-3.960000000000000000e+02
-4.030000000000000000e+02
-4.130000000000000000e+02
-4.180000000000000000e+02
-4.870000000000000000e+02
