1.982000000000000000e+03
1.968000000000000000e+03
1.964000000000000000e+03
1.943000000000000000e+03
1.903000000000000000e+03
1.884000000000000000e+03
1.836000000000000000e+03
1.832000000000000000e+03
1.673000000000000000e+03
1.601000000000000000e+03
1.595000000000000000e+03
1.585000000000000000e+03
1.512000000000000000e+03
1.453000000000000000e+03
1.389000000000000000e+03
1.345000000000000000e+03
1.286000000000000000e+03
1.276000000000000000e+03
1.191000000000000000e+03
1.171000000000000000e+03
1.127000000000000000e+03
1.108000000000000000e+03
1.003000000000000000e+03
9.760000000000000000e+02
9.290000000000000000e+02
9.160000000000000000e+02
8.590000000000000000e+02
8.530000000000000000e+02
6.980000000000000000e+02
6.880000000000000000e+02
6.820000000000000000e+02
6.370000000000000000e+02
5.890000000000000000e+02
4.560000000000000000e+02
4.330000000000000000e+02
3.930000000000000000e+02
3.450000000000000000e+02
3.040000000000000000e+02
2.660000000000000000e+02
2.180000000000000000e+02
-4.400000000000000000e+01
-8.500000000000000000e+01
-1.230000000000000000e+02
-1.680000000000000000e+02
-2.470000000000000000e+02
-3.290000000000000000e+02
-3.460000000000000000e+02
-3.920000000000000000e+02
-4.780000000000000000e+02
-4.910000000000000000e+02
