5.210000000000000000e+02
5.360000000000000000e+02
5.710000000000000000e+02
6.260000000000000000e+02
7.770000000000000000e+02
8.000000000000000000e+02
8.170000000000000000e+02
9.460000000000000000e+02
9.580000000000000000e+02
9.820000000000000000e+02
1.057000000000000000e+03
1.137000000000000000e+03
1.463000000000000000e+03
1.477000000000000000e+03
1.480000000000000000e+03
1.654000000000000000e+03
1.667000000000000000e+03
1.756000000000000000e+03
1.823000000000000000e+03
1.846000000000000000e+03
1.873000000000000000e+03
1.875000000000000000e+03
1.912000000000000000e+03
