-1.341471325310694462e+00
-1.055038729095803429e+00
-1.056278548763713632e+00
-7.594615472633494679e-01
-7.785793482347830308e-01
-4.473035063476060169e-01
-4.964880249653919608e-01
-1.156440319402717992e-01
-2.051399124165929344e-01
2.484069216084345000e-01
1.163526796033856475e-01
6.823440275143365374e-01
5.715316059810037208e-01
1.264250472223022337e+00
1.691434331649096512e+00
2.006965036461267005e+00
2.852257105549752314e+00
2.658553052642890435e+00
3.280151074233975894e+00
3.111274697666007505e+00
3.546823585715736638e+00
3.453976286132175666e+00
3.778760635966184722e+00
3.751882446215528688e+00
4.007065010517708359e+00
4.034382226391994841e+00
4.241735252316733096e+00
4.316072762157407539e+00
4.488867464597531942e+00
4.607925216457370965e+00
4.756024718272654717e+00
4.921196219061410027e+00
5.053146132437138505e+00
5.267478705497081748e+00
5.391764854315930222e+00
5.657045271384808061e+00
5.783960958153733678e+00
6.095929203539445673e+00
6.239578673645634233e+00
6.580506483542023055e+00
6.756553478055124629e+00
7.091467679612319053e+00
7.305968389849874178e+00
7.597321560488929038e+00
7.838192814514703066e+00
8.071093663948726515e+00
8.318299103140368800e+00
8.502661767722791808e+00
8.742113632199318474e+00
8.896177193369339875e+00
9.122385263195285532e+00
9.261927023151063310e+00
9.474606395391303337e+00
9.610488617591176563e+00
9.811162296374018155e+00
9.949837089792577416e+00
1.013986557771521468e+01
1.028436489530607112e+01
1.046417494501422141e+01
1.061507304787923367e+01
1.078410429868811882e+01
1.094035279514547199e+01
1.109731447057181519e+01
1.125690181404598889e+01
1.140010315718179790e+01
1.156054596625830300e+01
1.168821700525866980e+01
1.184692873394333645e+01
1.195751260764556356e+01
1.211206361911127338e+01
1.220442966467239998e+01
1.235264865735758555e+01
1.242619404365511748e+01
1.256618079501421548e+01
1.262112015573465129e+01
1.275169146982650226e+01
1.279039371497145261e+01
1.291277796862604177e+01
1.294267843667665829e+01
1.306289341508478152e+01
1.309845152645224076e+01
1.322650891774155291e+01
1.328512026770577314e+01
1.342892532480072099e+01
1.352281191443727693e+01
1.368316997535694846e+01
1.381598280610721652e+01
1.398772649706182847e+01
1.415667070277802253e+01
1.433245769058754604e+01
1.453104310957872158e+01
1.470412335024077777e+01
1.492368729653131076e+01
1.508908250679751362e+01
1.531969052081736216e+01
1.547428703436795772e+01
1.570556414631011144e+01
1.584760559185974138e+01
1.606951635105340870e+01
1.619793053203185806e+01
1.640136772915197128e+01
1.651519304098484753e+01
1.669214573718780059e+01
1.678962221880827954e+01
1.693201660319422430e+01
1.700711182777605046e+01
1.710183228115205267e+01
1.713205295361134262e+01
1.714915881297977762e+01
1.706648117592451541e+01
1.697084642029648194e+01
1.673039295516123559e+01
1.665747759899091918e+01
1.649840380909234128e+01
1.656499960170087604e+01
1.655497928924667406e+01
1.668606761311299280e+01
1.675997341851256550e+01
1.690977653621537513e+01
1.702861463180254376e+01
1.717895870023176386e+01
1.732338179460744954e+01
1.746635083342095740e+01
1.762603342224247172e+01
1.775879148086873371e+01
1.792870316240934159e+01
1.805266831580644649e+01
1.823202245653823539e+01
1.835284741719944179e+01
1.854398511234422031e+01
1.867039836719257551e+01
1.887626947158457114e+01
1.901757036652977106e+01
1.923870715270339815e+01
1.940249475286231728e+01
1.963540119834850728e+01
1.982641180170037742e+01
2.006396331980602454e+01
2.028312791029415152e+01
2.051648758034545850e+01
2.075968010291376231e+01
2.098118693441543670e+01
2.123901618368069677e+01
2.144497792197984154e+01
2.170525686798317366e+01
2.189707755447814819e+01
2.214909987745657816e+01
2.233228068055663584e+01
2.257002307350358450e+01
2.275205009504651699e+01
2.297457544159824749e+01
2.316271337632635152e+01
2.337240392804690003e+01
2.357191901620413432e+01
2.377228733487899603e+01
2.398549949600468167e+01
2.417985936467309571e+01
2.440609211053292427e+01
2.459724003803902903e+01
2.483329682629290147e+01
2.502369025557148419e+01
2.526448594482478072e+01
2.545642727457517296e+01
2.569571657542067555e+01
2.589131973099005180e+01
2.612268647023626755e+01
2.632362669395925181e+01
2.654181192380831789e+01
2.674899539369296164e+01
2.695124803822197279e+01
2.716453716172063437e+01
2.735124762390531927e+01
2.756922655254987831e+01
2.774323474634392284e+01
2.796296428415167767e+01
2.812782015639144362e+01
2.834473521409709207e+01
2.850293584612380116e+01
2.871108754379413242e+01
2.886310613358238442e+01
2.905579717564069497e+01
2.920020684128513722e+01
2.937129083721904266e+01
2.950641089087429236e+01
2.965303364036286382e+01
2.978055805391134214e+01
2.990706793509396277e+01
3.003551459077198871e+01
3.015409170862672639e+01
3.029610435227011678e+01
3.041986446655807086e+01
3.058368279741634055e+01
3.071918491312671051e+01
3.090436915508889015e+01
3.105146384578655017e+01
3.125143420517408543e+01
3.140694174492981006e+01
3.161281666321750450e+01
3.177317506323830543e+01
3.197628914146924473e+01
3.213867154432885087e+01
3.233219653180537989e+01
3.249501190493462133e+01
3.267515158301517886e+01
3.283829450140578388e+01
3.300474661809776222e+01
3.316927958443386615e+01
3.332441535579211944e+01
3.349143577233395774e+01
3.363844587771494332e+01
3.380778683077524249e+01
3.394906920429595232e+01
3.411894150595627906e+01
3.425579884549232190e+01
3.442371062693431583e+01
3.455727484974963915e+01
3.472160892924118514e+01
3.485414996039397550e+01
3.501544883423206755e+01
3.515106595866902239e+01
3.531214978010741135e+01
3.545611875632091170e+01
3.562079161540032857e+01
3.577786820826860037e+01
3.594918446920567590e+01
3.612221626373497685e+01
3.630167875947326195e+01
3.649146185869082615e+01
3.667946495022673759e+01
3.688553309153020621e+01
3.708241856406414172e+01
3.730402417238546064e+01
3.751118673668728576e+01
3.774806557646817851e+01
3.796889987620487972e+01
3.822165233021048891e+01
3.846206553333379219e+01
3.873180845043476239e+01
3.899918301697437073e+01
3.928564199306428861e+01
3.958381910130002979e+01
3.988154761745711596e+01
4.020192320135100061e+01
4.049872534303734994e+01
4.081907608523607678e+01
4.110284423908777995e+01
4.140263376799308759e+01
4.166923769462134430e+01
4.194152410456908342e+01
4.219328426700905510e+01
4.244106864446005289e+01
4.268162193268594251e+01
4.291064742728934078e+01
4.314245327080153203e+01
4.335772407674851792e+01
4.358181924738811830e+01
4.378690994332635000e+01
4.400341436149533081e+01
4.420080601203014936e+01
4.440952837846880641e+01
4.460117293412083228e+01
4.480213198138491748e+01
4.498995537066590344e+01
4.518371875212051236e+01
4.536991758469726932e+01
4.555768153790666020e+01
4.574477804323379360e+01
4.592822350352634686e+01
4.611901650038675626e+01
4.630013729392437938e+01
4.649790118046096410e+01
4.667923409019344660e+01
4.688911509676962908e+01
4.707592358965560919e+01
4.731228059149361798e+01
4.752907158821295752e+01
4.788517299481809175e+01
4.862188675299773877e+01
5.032616785524077585e+01
5.094372649949514198e+01
5.120852084364290135e+01
5.145207300849823895e+01
5.165575756167329757e+01
5.185470807685967998e+01
5.204670188991544677e+01
5.222929286690878570e+01
5.241621466385091566e+01
5.259030067619433169e+01
5.277435640194224931e+01
5.294422283409828367e+01
5.312720941855220502e+01
5.329643687133532381e+01
5.348031140666568461e+01
5.365226082247862394e+01
5.383895791728834723e+01
5.401665335110532595e+01
5.420780148270347354e+01
5.439380007797731054e+01
5.459064618949157222e+01
5.478712863637764485e+01
5.499076072430058559e+01
5.519982643484890161e+01
5.541162110101918614e+01
5.563560685852274190e+01
5.585773599383694688e+01
5.609921783007278151e+01
5.633487705299286574e+01
5.659573878942426006e+01
5.684835244816714095e+01
5.712723383813507638e+01
5.739773108938273793e+01
5.768684788748128511e+01
5.797019294056198646e+01
5.825634097664643463e+01
5.854236697349891472e+01
5.881472491023395577e+01
5.909458402858445680e+01
5.935110367763041950e+01
5.962182243124581049e+01
5.986787427993618138e+01
6.013161929000239070e+01
6.037605808935623486e+01
6.063823692681355482e+01
6.089224631707208601e+01
6.116187587127068070e+01
6.144186895165766060e+01
6.173589223852596319e+01
6.207084246618128986e+01
6.242277414762542520e+01
6.285383640315171050e+01
6.329551055795171521e+01
6.378654912228693519e+01
6.423134517617238259e+01
6.463155450242339839e+01
6.498462231928266419e+01
6.528237561576700898e+01
6.556539684512738120e+01
6.580887295072186305e+01
6.605295996148070969e+01
6.627061911235492175e+01
6.649317991543419737e+01
6.669905366449486905e+01
6.690960111625489048e+01
6.711102652354709619e+01
6.731510674629070934e+01
6.751607110405424805e+01
6.771702677307786189e+01
6.791959505618103776e+01
6.811945419876110464e+01
6.832451319726992267e+01
6.852455544261633236e+01
6.873229510466551062e+01
6.893346137140588326e+01
6.914371599874910146e+01
6.934690085148741900e+01
6.955939688136967902e+01
6.976562798295219636e+01
6.998015370657232381e+01
7.019061760026741581e+01
7.040708482601580442e+01
7.062292385285113028e+01
7.084128586570651009e+01
7.106315590927046344e+01
7.128321872715486052e+01
7.151075654090155354e+01
7.173198979244891405e+01
7.196346173194112339e+01
7.218490467147537970e+01
7.241727664602365167e+01
7.263756501767301188e+01
7.286700676870145799e+01
7.308446699552409598e+01
7.330703236342166917e+01
7.351977805124647602e+01
7.373197031797332102e+01
7.393802896366194943e+01
7.413719922024019127e+01
7.433480084985488645e+01
7.451956094087030635e+01
7.470771695028341242e+01
7.487853240182747072e+01
7.505781884070978549e+01
7.521756726455529929e+01
7.539054627126138541e+01
7.554428615345817377e+01
7.571473157664485143e+01
7.586809723050869536e+01
7.603903122701407824e+01
7.619599526529341915e+01
7.636792162545269491e+01
7.652950123397631899e+01
7.670011558934591278e+01
7.686463764363728046e+01
7.702994989010059612e+01
7.719436400097303874e+01
7.735057465686605838e+01
7.751225729971027079e+01
7.765785286558860889e+01
7.781633974519090202e+01
7.795343166069604024e+01
7.811080028870834724e+01
7.824418852715309924e+01
7.840308622345563094e+01
7.853718611641170355e+01
7.869810878664723930e+01
7.883457682174646663e+01
7.899524442505411059e+01
7.913333294491062020e+01
7.929054536287270594e+01
7.942928391569083146e+01
7.958148520663992542e+01
7.972175070296036381e+01
7.987048779346793026e+01
8.001543997687495846e+01
8.016464562775162506e+01
8.031806665251909294e+01
8.047164719090028484e+01
8.063555775436330464e+01
8.079532013002173585e+01
8.096888547554718230e+01
8.113418876580466588e+01
8.131430020825946769e+01
8.148292195262774840e+01
8.166541028095103627e+01
8.183454242928985423e+01
8.201517931216915258e+01
8.218212187059931750e+01
8.235731330394041549e+01
8.251999999486680792e+01
8.268735486006261226e+01
8.284482424678245138e+01
8.300356499167502022e+01
8.315618984123062774e+01
8.330711915698601899e+01
8.345628175299100349e+01
8.360109164968068285e+01
8.374827031277055767e+01
8.388842719205679543e+01
8.403416324059378439e+01
8.417001731841833134e+01
8.431343642111102099e+01
8.444414773186193202e+01
8.458344145071089315e+01
8.470791927615631778e+01
8.484175912595402735e+01
8.496037166399318608e+01
8.508975328517898618e+01
8.520597330672767100e+01
8.533525872628037234e+01
8.545568370242187939e+01
8.559133918161465715e+01
8.572327218398937987e+01
8.587084060490467152e+01
8.601950077433502884e+01
8.618179521826728262e+01
8.635001126131110993e+01
8.652819074284629153e+01
8.671882808693720790e+01
8.691564796276844618e+01
8.713606112220570310e+01
8.736154523461433996e+01
8.763148582466644143e+01
8.791415226719627185e+01
8.827541905356309826e+01
8.866499931428283787e+01
8.912396708829633951e+01
8.956443396808506918e+01
8.995546200154029748e+01
9.029633042415251509e+01
9.056807668133684786e+01
9.082319958313132702e+01
9.103495629613733797e+01
9.124850626999425174e+01
9.143700026591723429e+01
9.163258061620601325e+01
9.181415975047859490e+01
9.200260900069848446e+01
9.218394603704452095e+01
9.236971389807784760e+01
9.255289554223551818e+01
9.273735831830107657e+01
9.292243296296476274e+01
9.310574920770733343e+01
9.329214477278287632e+01
9.347435094391458676e+01
9.366169802861406879e+01
9.384336587512022732e+01
9.403197253908555808e+01
9.421458073459650961e+01
9.440564457875022697e+01
9.459167230165454043e+01
9.478718956514865113e+01
9.497985192667709953e+01
9.518217115834968922e+01
9.538476533604328722e+01
9.559585625620930216e+01
9.581080910385011862e+01
9.603142898329916477e+01
9.625919530262305557e+01
9.648815266236151444e+01
9.672623189428840362e+01
9.696005441080015430e+01
9.720278597597798864e+01
9.743629579210364966e+01
9.767625538282209163e+01
9.790426248311752033e+01
9.813503609379763759e+01
9.835434057594731883e+01
9.857290838656471976e+01
9.878326496757047437e+01
9.899042329112282346e+01
9.919396218234638241e+01
9.939294377361773059e+01
9.959268001816013793e+01
9.978723481289003416e+01
9.998567369019455953e+01
1.001787162129662363e+02
1.003771888659256462e+02
1.005703662922030475e+02
1.007691044325507050e+02
1.009630316987444303e+02
1.011616389801815785e+02
1.013563936816013609e+02
1.015543862430401418e+02
1.017499854612625967e+02
1.019472194264796912e+02
1.021439410535292893e+02
1.023408335828092959e+02
1.025393131240487463e+02
1.027368187859238020e+02
1.029379246421974869e+02
1.031373101728354555e+02
1.033418829135599850e+02
1.035444070494498163e+02
1.037529827903732098e+02
1.039595932382933938e+02
1.041722112621604452e+02
1.043833389582089239e+02
1.045994910905039461e+02
1.048149798219317432e+02
1.050337119021619117e+02
1.052528832997250703e+02
1.054730227742383590e+02
1.056948553054404130e+02
1.059153168952116175e+02
1.061387040049235964e+02
1.063588062526226707e+02
1.065828413943146415e+02
1.068025432443290299e+02
1.070267451012402944e+02
1.072466821419597665e+02
1.074710406661018425e+02
1.076922652171035253e+02
1.079170455652058820e+02
1.081405273517512455e+02
1.083659363203351660e+02
1.085920683881682862e+02
1.088179960102580139e+02
1.090463531789931722e+02
1.092723123235980580e+02
1.095017270076224492e+02
1.097269644542344054e+02
1.099558314636136345e+02
1.101795284652144460e+02
1.104062102897805175e+02
1.106277033270297920e+02
1.108509223184120600e+02
1.110698862152603823e+02
1.112890060704249322e+02
1.115055363569381797e+02
1.117206499285321968e+02
1.119351883728495807e+02
1.121469701673386652e+02
1.123600696274699260e+02
1.125694367483916949e+02
1.127814502116760451e+02
1.129891669980150226e+02
1.132000012243340166e+02
1.134063820515300449e+02
1.136154183937066762e+02
1.138202165940007689e+02
1.140264175127866224e+02
1.142289142121624934e+02
1.144310791190799392e+02
1.146303362151461442e+02
1.148274350925119052e+02
1.150226261155184631e+02
1.152141056884037340e+02
1.154047999981987829e+02
1.155907488276381940e+02
1.157770273623005579e+02
1.159581125768497003e+02
1.161404349155924507e+02
1.163175810724811043e+02
1.164964072925879890e+02
1.166702866694592018e+02
1.168455725025978893e+02
1.170160738204103978e+02
1.171868238644181730e+02
1.173526721338545400e+02
1.175166875178683483e+02
1.176753019373563376e+02
1.178291834575753683e+02
1.179768440017942908e+02
1.181164037208447439e+02
1.182490218928388259e+02
1.183705987762439378e+02
1.184857397661122604e+02
1.185890144744653867e+02
1.186892276988943706e+02
1.187803398763042964e+02
1.188747916280826900e+02
1.189651761481560186e+02
1.190652112574764772e+02
1.191647451632641719e+02
1.192768960642525826e+02
1.193890110444729800e+02
1.195134744271833114e+02
1.196367166159738531e+02
1.197707290795993487e+02
1.199026421677696419e+02
1.200438859540092977e+02
1.201835133133443207e+02
1.203315913497283987e+02
1.204799507219915284e+02
1.206360289911029753e+02
1.207950234540398924e+02
1.209603570276786542e+02
1.211310449011408252e+02
1.213054508664334747e+02
1.214867186969938189e+02
1.216678269514362256e+02
1.218560136394868039e+02
1.220394903827426276e+02
1.222289996556891509e+02
1.224096070387044506e+02
1.225944225461046955e+02
1.227677761415551458e+02
1.229436921595398076e+02
1.231083521504754543e+02
1.232750857383128107e+02
1.234337413050722745e+02
1.235951419958138331e+02
1.237532329736337431e+02
1.239146402912849823e+02
1.240769529130382693e+02
1.242418648142247974e+02
1.244101580173670527e+02
1.245790586366456552e+02
1.247522215377423436e+02
1.249235123405798760e+02
1.250990053409127825e+02
1.252704349364877743e+02
1.254456358249397709e+02
1.256153656469370787e+02
1.257884334052998696e+02
1.259556549343692353e+02
1.261259663635049435e+02
1.262911299097648623e+02
1.264593115118981359e+02
1.266239333844426085e+02
1.267914418781104757e+02
1.269574671592417729e+02
1.271257727377229116e+02
1.272946454378174224e+02
1.274642631929697103e+02
1.276359933658975621e+02
1.278056201023842959e+02
1.279779962222496295e+02
1.281437275586685303e+02
1.283114562180380744e+02
1.284656495271276242e+02
1.286188283383614817e+02
1.287479491975076655e+02
1.288696516488999464e+02
1.289525324364820733e+02
1.290215010220836405e+02
1.290436906197378732e+02
1.290683124675163072e+02
1.290738911719834618e+02
1.291257099357549407e+02
1.291893290450014433e+02
1.293107564740186604e+02
1.294433039466096886e+02
1.296205026107869287e+02
1.298034498889837494e+02
1.300160433511743463e+02
1.302349821632396640e+02
1.304685220926434681e+02
1.307129461800720378e+02
1.309558443092195148e+02
1.312138959008452730e+02
1.314564313117020333e+02
1.317154858124677617e+02
1.319524882173240030e+02
1.322043349738042934e+02
1.324359204484621273e+02
1.326783444376311536e+02
1.329067726143131836e+02
1.331405977102230054e+02
1.333672738372889626e+02
1.335935172852964286e+02
1.338181006966246116e+02
1.340369246318708747e+02
1.342576862823288195e+02
1.344684655579756338e+02
1.346830131920360998e+02
1.348848726050150049e+02
1.350910161028267567e+02
1.352836634003122356e+02
1.354804759217624053e+02
1.356652495529647524e+02
1.358541215993883782e+02
1.360347058052292653e+02
1.362195520435599860e+02
1.364013648751646031e+02
1.365872117288085121e+02
1.367753425999489707e+02
1.369660759110524282e+02
1.371633349205058607e+02
1.373604237381662756e+02
1.375669318987656027e+02
1.377697254176517561e+02
1.379837867949530050e+02
1.381905941399245705e+02
1.384099642558023504e+02
1.386193650141112244e+02
1.388430511604878177e+02
1.390570327837211266e+02
1.392933169421823152e+02
1.395492932053805077e+02
1.401392839256861294e+02
1.427051302754706796e+02
1.430379366733206723e+02
1.432604206311467863e+02
1.434636074771375434e+02
1.436467352461654059e+02
1.438304278244637260e+02
1.440007047333639605e+02
1.441751522264384562e+02
1.443402150335520560e+02
1.445111173956881601e+02
1.446762092882416937e+02
1.448476791569364082e+02
1.450160202946415495e+02
1.451900339449093451e+02
1.453624670602884237e+02
1.455388124489410018e+02
1.457141649177088993e+02
1.458910358611700531e+02
1.460668632886717830e+02
1.462416096834693917e+02
1.464149371740506353e+02
1.465847685265773066e+02
1.467528086293426668e+02
1.469155413296994936e+02
1.470765133778167524e+02
1.472314363736812197e+02
1.473854348624699639e+02
1.475340384910270757e+02
1.476834494670716253e+02
1.478293042233507606e+02
1.479780157038410380e+02
1.481253013502525278e+02
1.482767819173915314e+02
1.484282683269535426e+02
1.485838870780743832e+02
1.487398781781014918e+02
1.488986035033170481e+02
1.490572914186305411e+02
1.492165287525463668e+02
1.493750958574235597e+02
1.495319179250013804e+02
1.496877926004316066e+02
1.498401823012757461e+02
1.499921894833135241e+02
1.501399840715272376e+02
1.502888788223168888e+02
1.504336635731826561e+02
1.505811988246854867e+02
1.507244826135220137e+02
1.508708256629311109e+02
1.510108852199108469e+02
1.511510963218660493e+02
1.512789102081701174e+02
1.513978954944864199e+02
1.514899391910409747e+02
1.515524535283488490e+02
1.515593308344315062e+02
1.515115682456156492e+02
1.514110459463874179e+02
1.513219749802599665e+02
1.512766420118802273e+02
1.513005496321441115e+02
1.513692967598672112e+02
1.514777982993259400e+02
1.516053532824971626e+02
1.517501938600637175e+02
1.519014921687787307e+02
1.520591728143904504e+02
1.522182536372772290e+02
1.523785925891270097e+02
1.525389689341851920e+02
1.526987388694465722e+02
1.528592328867168817e+02
1.530192021363160961e+02
1.531814555903538349e+02
1.533440327698726833e+02
1.535102318981253973e+02
1.536773886055960077e+02
1.538485996189993443e+02
1.540207598674199971e+02
1.541964413256079638e+02
1.543725422725451608e+02
1.545510293422196924e+02
1.547292595356254594e+02
1.549086202918595632e+02
1.550872877209331762e+02
1.552661394472205814e+02
1.554444012535017521e+02
1.556225264278719465e+02
1.558008755308500497e+02
1.559795456690757476e+02
1.561599466072526070e+02
1.563418310358890722e+02
1.565273975281392040e+02
1.567160301693341751e+02
1.569103653145534736e+02
1.571094748915119510e+02
1.573161293326432997e+02
1.575293358032831748e+02
1.577517916159129072e+02
1.579828474293690874e+02
1.582248946379000358e+02
1.584779738671691121e+02
1.587436088728063055e+02
1.590223160994494549e+02
1.593134106474904002e+02
1.596165025406799032e+02
1.599269448429477336e+02
1.602420216459939866e+02
1.605541527684149798e+02
1.608601842006049765e+02
1.611545277890042200e+02
1.614364959557524912e+02
1.617048540484340435e+02
1.619607933884119859e+02
1.622058206390211694e+02
1.624413068455402538e+02
1.626696632429162435e+02
1.628917401330900248e+02
1.631099535626310342e+02
1.633246454058405277e+02
1.635379162303773342e+02
1.637498440693788666e+02
1.639621681428651527e+02
1.641750103548874904e+02
1.643898746156272068e+02
1.646073082420915910e+02
1.648289131070814904e+02
1.650562565611068635e+02
1.652917743720714157e+02
1.655392007580761629e+02
1.658034083984146889e+02
1.660924915259038812e+02
1.664160470938714695e+02
1.667860739024224870e+02
1.672062211632461413e+02
1.676606376158058538e+02
1.681091763403054529e+02
1.685159087817590375e+02
1.688701038405430666e+02
1.691788012338123508e+02
1.694538804182809884e+02
1.697051942493228580e+02
1.699401345835359791e+02
1.701636851252221732e+02
1.703792764236142716e+02
1.705892553267122196e+02
1.707951513540992323e+02
1.709980560007564634e+02
1.711986253532206490e+02
1.713973102606294105e+02
1.715943940837080675e+02
1.717899886087307380e+02
1.719842856913644766e+02
1.721772430870486801e+02
1.723691348680260376e+02
1.725598946263565949e+02
1.727499710864041162e+02
1.729393569568480871e+02
1.731286801024582758e+02
1.733180134580053675e+02
1.735080631196678382e+02
1.736989283252437133e+02
1.738912003197591787e+02
1.740849083511273534e+02
1.742803173991705137e+02
1.744773223575083705e+02
1.746757262958638250e+02
1.748753087134686552e+02
1.750753972776803096e+02
1.752757448812117502e+02
1.754752962374163872e+02
1.756738811385575616e+02
1.758702161025011037e+02
1.760642790492580616e+02
1.762547412405758962e+02
1.764417527594747810e+02
1.766241280014900212e+02
1.768021662885934973e+02
1.769749896020867652e+02
1.771429684683302526e+02
1.773056273515105659e+02
1.774632472960691985e+02
1.776157277143443025e+02
1.777629939442773832e+02
1.779051625604129754e+02
1.780414794151833178e+02
1.781720897679057600e+02
1.782953384880643739e+02
1.784113959904558442e+02
1.785178521446181605e+02
1.786153990710712094e+02
1.787017274527030963e+02
1.787793064276211226e+02
1.788474329500945146e+02
1.789115280199508788e+02
1.789727974420858629e+02
1.790381747108529851e+02
1.791081477090421004e+02
1.791878907159430412e+02
1.792751118046699048e+02
1.793724940964342522e+02
1.794759122070184389e+02
1.795869456726855447e+02
1.797013432434431763e+02
1.798207771545022524e+02
1.799420187226498058e+02
1.800674004436326356e+02
1.801953764308549353e+02
1.803289595142462929e+02
1.804684736612579172e+02
1.806170014105373411e+02
1.807765288472231191e+02
1.809492637405155619e+02
1.811388327921370660e+02
1.813458975458991347e+02
1.815760966867533455e+02
1.818277963998042424e+02
1.821075598758641831e+02
1.824085012700348614e+02
1.827320825273583864e+02
1.830625014407902711e+02
1.833926821252240700e+02
1.837080671863333237e+02
1.840035507356170683e+02
1.842774029667931188e+02
1.845287501078753394e+02
1.847632394895469190e+02
1.849799745583655692e+02
1.851860741720422254e+02
1.853797499944588765e+02
1.855676212904318731e+02
1.857475770902313457e+02
1.859251171574340447e+02
1.860982572163551083e+02
1.862710493186732776e+02
1.864418686851535085e+02
1.866131532687050196e+02
1.867838273008897261e+02
1.869547186974474755e+02
1.871255151167659960e+02
1.872955708182017247e+02
1.874655563318190730e+02
1.876335750398323512e+02
1.878014751334128789e+02
1.879664093712212605e+02
1.881315622188086536e+02
1.882935272009062260e+02
1.884568974576819187e+02
1.886181359257371071e+02
1.887830499662621833e+02
1.889482816108290137e+02
1.891201532897461846e+02
1.892956051925896759e+02
1.894802475637506234e+02
1.896714429340644585e+02
1.898725972768337442e+02
1.900818441933585916e+02
1.902989744391266527e+02
1.905234036286728099e+02
1.907505464980822865e+02
1.909816485604839045e+02
1.912085479772047734e+02
1.914347932004505140e+02
1.916510905759864727e+02
1.918631538705888033e+02
1.920630996298996536e+02
1.922576693127479928e+02
1.924416184563657453e+02
1.926211146131127521e+02
1.927934731970777023e+02
1.929629803396232148e+02
1.931288484424491116e+02
1.932928708764271164e+02
1.934555689318342502e+02
1.936163557871451815e+02
1.937767677489163134e+02
1.939343960608242128e+02
1.940916684105175136e+02
1.942450461638717911e+02
1.943977608588055546e+02
1.945458220114820165e+02
1.946931726442918773e+02
1.948359734779519954e+02
1.949787196038253114e+02
1.951181363319689979e+02
1.952589064263473801e+02
1.953984150462364937e+02
1.955409181699858436e+02
1.956843191715204000e+02
1.958318120889381078e+02
1.959817386084910993e+02
1.961358722821948959e+02
1.962931481754002618e+02
1.964538855363935284e+02
1.966179068576755071e+02
1.967842282421505615e+02
1.969538193264631047e+02
1.971246106772235009e+02
1.972988362596836112e+02
1.974735878991415348e+02
1.976522904830660821e+02
1.978314784124789014e+02
1.980154720022684955e+02
1.982005733245256351e+02
1.983914576519367188e+02
1.985845766070809475e+02
1.987841964453980381e+02
1.989873815205019127e+02
1.991971006424102484e+02
1.994115750061603762e+02
1.996316353051048509e+02
1.998571891528428353e+02
2.000863659711873765e+02
2.003210733784670765e+02
2.005567271011252615e+02
2.007971178378047057e+02
2.010356992168371164e+02
2.012775000190770811e+02
2.015154684292807019e+02
2.017547971972120138e+02
2.019896517042820960e+02
2.022241639980507841e+02
2.024550905698358179e+02
2.026844779796389844e+02
2.029122699672688555e+02
2.031378858503431957e+02
2.033642125220854666e+02
2.035881134945992983e+02
2.038145535677697069e+02
2.040384907732718318e+02
2.042657944289113061e+02
2.044905756741151208e+02
2.047184030490377040e+02
2.049437502199249934e+02
2.051708523333296625e+02
2.053956335851252391e+02
2.056202849261688073e+02
2.058429340800479395e+02
2.060634348090336232e+02
2.062824203720429068e+02
2.064975503778368022e+02
2.067117989692125946e+02
2.069211374041078102e+02
2.071303140035125807e+02
2.073343369084674066e+02
2.075388777832086475e+02
2.077387706526367026e+02
2.079396293075670314e+02
2.081368581610254580e+02
2.083350658975127487e+02
2.085308772090207015e+02
2.087271117573056642e+02
2.089221463977160624e+02
2.091164563784059567e+02
2.093105684011872825e+02
2.095022996251646532e+02
2.096945785022923019e+02
2.098824733242075808e+02
2.100714072838805180e+02
2.102537985425525733e+02
2.104374840366411945e+02
2.106124889676407577e+02
2.107887829630080887e+02
2.109543708383200169e+02
2.111207722763239758e+02
2.112742884262788436e+02
2.114266717903147708e+02
2.115619006855041846e+02
2.116877590185301869e+02
2.117780683184141139e+02
2.118107424198653916e+02
2.116459299230057240e+02
2.110167861877893927e+02
2.103728654661741757e+02
2.102741115659208617e+02
2.103099557812364253e+02
2.104426146969549052e+02
2.105834502920076829e+02
2.107651269027157639e+02
2.109430344367669647e+02
2.111484087864246817e+02
2.113512952984476669e+02
2.115761215086740492e+02
2.118059386526412311e+02
2.120562298254476445e+02
2.123292772235390657e+02
2.126291511146678772e+02
2.129928935624000985e+02
2.134048594416804576e+02
2.139252091046380713e+02
2.144439236349279270e+02
2.149348187279520914e+02
2.153292380484576825e+02
2.156467764065557446e+02
2.159208013708312990e+02
2.161467045152580511e+02
2.163619985335909632e+02
2.165467435361104265e+02
2.167332605620414938e+02
2.168998883069508281e+02
2.170729735820424651e+02
2.172335039505645113e+02
2.174014405291188723e+02
2.175617804696560427e+02
2.177281337629131031e+02
2.178900536639743279e+02
2.180552554296708649e+02
2.182180512987341388e+02
2.183809553974539313e+02
2.185429561520748223e+02
2.187022088505687520e+02
2.188620472597816047e+02
2.190172302355925353e+02
2.191748467044349979e+02
2.193272422276696147e+02
2.194843214440513179e+02
2.196368790716164483e+02
2.197963263868520869e+02
2.199526481967481573e+02
2.201172957820078295e+02
2.202802459355706048e+02
2.204516908380860798e+02
2.206225865962144894e+02
2.208009008897817296e+02
2.209796314719049519e+02
2.211638684863884521e+02
2.213495551603629963e+02
2.215385248505198490e+02
2.217302139428764463e+02
2.219231157406322552e+02
2.221202210085913862e+02
2.223169459881524403e+02
2.225193464347534302e+02
2.227204113351724288e+02
2.229282420905677498e+02
2.231344293154403999e+02
2.233476947404540454e+02
2.235595486837961232e+02
2.237777383234144395e+02
2.239951144384946531e+02
2.242170018845282584e+02
2.244388448744195728e+02
2.246625583063392355e+02
2.248869744210443571e+02
2.251102845038373914e+02
2.253348449495201749e+02
2.255555351504201838e+02
2.257776896016910086e+02
2.259938897045137480e+02
2.262113731516376163e+02
2.264217908944000897e+02
2.266329354551435529e+02
2.268369589844560608e+02
2.270408441100777850e+02
2.272384883992619677e+02
2.274348761693970573e+02
2.276265441188535874e+02
2.278155775994073622e+02
2.280016308473946935e+02
2.281833197983619641e+02
2.283634943181215533e+02
2.285370570760649400e+02
2.287098009368299927e+02
2.288729727283335649e+02
2.290348383311010991e+02
2.291833411614737770e+02
2.293287375690447050e+02
2.294564531647748993e+02
2.295787084604664301e+02
2.296801386816460422e+02
2.297760790248399587e+02
2.298533513851784562e+02
2.299317060151372516e+02
2.300014782467102066e+02
2.300834749641337282e+02
2.301681581597818251e+02
2.302711196523907233e+02
2.303815338738644130e+02
2.305084434369885855e+02
2.306427741134633607e+02
2.307884260947478197e+02
2.309407737412732899e+02
2.310992698661169982e+02
2.312648011758143127e+02
2.314324727042595384e+02
2.316087477568535178e+02
2.317845356434530117e+02
2.319712463578857466e+02
2.321561283679342296e+02
2.323541957152644386e+02
2.325501599596904612e+02
2.327605378449708553e+02
2.329693724381912716e+02
2.331919073708684493e+02
2.334140976501510067e+02
2.336467999323117795e+02
2.338807701293225421e+02
2.341197416221128549e+02
2.343616621122377524e+02
2.346017802149284819e+02
2.348461730162045455e+02
2.350823591351864366e+02
2.353234497559144245e+02
2.355519914313787808e+02
2.357852509437629180e+02
2.360046230819978348e+02
2.362278249532675147e+02
2.364388359400417130e+02
2.366523161001755398e+02
2.368576974405021076e+02
2.370638804220813824e+02
2.372674904247975576e+02
2.374699660662525673e+02
2.376758742402473956e+02
2.378785080602027051e+02
2.380904022756794234e+02
2.382970319021823684e+02
2.385183530444945745e+02
2.387334387733163794e+02
2.389684198820596066e+02
2.391988888799229755e+02
2.394546003477250338e+02
2.397131863980489470e+02
2.400021617528774982e+02
2.403102521700369039e+02
2.406471312014446085e+02
2.410188383239836583e+02
2.413877380582125340e+02
2.417736258092909907e+02
2.421067962371952831e+02
2.424297264913051322e+02
2.426970294101855359e+02
2.429505749671361059e+02
2.431713384727437699e+02
2.433809701855773540e+02
2.435768732965515824e+02
2.437628367057780281e+02
2.439465401555065398e+02
2.441199285672589383e+02
2.442969622136438659e+02
2.444624839020409865e+02
2.446340062709614926e+02
2.447926869751140941e+02
2.449576371668019021e+02
2.451088658965360878e+02
2.452656376084920566e+02
2.454088094932592981e+02
2.455567061176280959e+02
2.456926370361709075e+02
2.458330371033066513e+02
2.459648039514642903e+02
2.461013997350712543e+02
2.462338603318827381e+02
2.463714061180279487e+02
2.465093667803638198e+02
2.466516484176864026e+02
2.467980412186166177e+02
2.469466678377692972e+02
2.471020536555965919e+02
2.472567008946946032e+02
2.474199845294173485e+02
2.475794296715094731e+02
2.477489204127006701e+02
2.479120625727377387e+02
2.480862929134698334e+02
2.482527920566170394e+02
2.484309214798414018e+02
2.486013564997124377e+02
2.487831205379680455e+02
2.489586110498954383e+02
2.491438284204901663e+02
2.493252092278606540e+02
2.495130868372539510e+02
2.497000336454896967e+02
2.498887156653075010e+02
2.500793118177694225e+02
2.502659603240762465e+02
2.504569092927938811e+02
2.506382638844003736e+02
2.508256449453701578e+02
2.509988719792093832e+02
2.511792480274713455e+02
2.513429508700851329e+02
2.515146256445030417e+02
2.516698204932435488e+02
2.518338032293040101e+02
2.519842757793328190e+02
2.521441681121935403e+02
2.522955000666043475e+02
2.524559509690745642e+02
2.526134862164180390e+02
2.527782213656991814e+02
2.529454372554500594e+02
2.531163690677477973e+02
2.532946718431448971e+02
2.534724008037738940e+02
2.536619492661274080e+02
2.538468550505858730e+02
2.540474786658552091e+02
2.542405680812361766e+02
2.544521590726381817e+02
2.546551959077811205e+02
2.548773733559197865e+02
2.550921088999276378e+02
2.553233760602410314e+02
2.555501391815621730e+02
2.557872724211356399e+02
2.560238455124994061e+02
2.562623641284362179e+02
2.565042175613904192e+02
2.567398508306563940e+02
2.569817005728679646e+02
2.572116608568898641e+02
2.574490849030861455e+02
2.576722830457663349e+02
2.579024269897624322e+02
2.581189450310181428e+02
2.583404443630727201e+02
2.585509800365878732e+02
2.587636613712406870e+02
2.589692780714922833e+02
2.591739563178823573e+02
2.593760657499826152e+02
2.595744236196649695e+02
2.597747816154191582e+02
2.599691957262654682e+02
2.601697565624070307e+02
2.603629936091338664e+02
2.605656027723837269e+02
2.607604143367807978e+02
2.609664345403408561e+02
2.611651672937430817e+02
2.613752027086636076e+02
2.615795618863338063e+02
2.617934139821693407e+02
2.620044246054662835e+02
2.622212899509814861e+02
2.624393788717035818e+02
2.626582156912395476e+02
2.628833212568659974e+02
2.631033282541961853e+02
2.633350189266250254e+02
2.635561887966620702e+02
2.637938207219180526e+02
2.640174585038049599e+02
2.642603752563134663e+02
2.644893486627244101e+02
2.647370717792603045e+02
2.649755143011962559e+02
2.652278651285146793e+02
2.654801642556528805e+02
2.657372960756210887e+02
2.660064077612721576e+02
2.662687076976703793e+02
2.665541129165879397e+02
2.668218150812469958e+02
2.671179751759732994e+02
2.673903469370172274e+02
2.676872073831663101e+02
2.679617203812056800e+02
2.682482094984401328e+02
2.685207114692990444e+02
2.687893373562030774e+02
2.690555218233494656e+02
2.693046059060854986e+02
2.695616615770551334e+02
2.697943792710764797e+02
2.700417170541255132e+02
2.702638362737902185e+02
2.705028082574979749e+02
2.707207132069987097e+02
2.709537886815467118e+02
2.711731651012905786e+02
2.714030626501324264e+02
2.716281675218247642e+02
2.718572981738692533e+02
2.720907001724440306e+02
2.723210189766808753e+02
2.725636223702904317e+02
2.727967261573073188e+02
2.730478467664090658e+02
2.732850457951452654e+02
2.735424067020545067e+02
2.737845192491171815e+02
2.740442558240946482e+02
2.742910549405667098e+02
2.745481011414834711e+02
2.747977516936638835e+02
2.750469937588395624e+02
2.752961538003683586e+02
2.755340906644328243e+02
2.757789512693181564e+02
2.760047706458252605e+02
2.762423049247207132e+02
2.764575296936276345e+02
2.766859817077468051e+02
2.768930838479268459e+02
2.771115983766644035e+02
2.773126263098421873e+02
2.775206036038510433e+02
2.777164353227796028e+02
2.779130891982961202e+02
2.781033177767517373e+02
2.782875938991920748e+02
2.784708768602337159e+02
2.786417699043624907e+02
2.788165645367902812e+02
2.789738428717947727e+02
2.791394496111125818e+02
2.792845949659131293e+02
2.794421139720307679e+02
2.795788021818468110e+02
2.797311436609812176e+02
2.798643736797268389e+02
2.800147815878690380e+02
2.801487705763904614e+02
2.802987988532323698e+02
2.804352087591217924e+02
2.805838170551205621e+02
2.807215707610519644e+02
2.808658276477667641e+02
2.810023075306387454e+02
2.811390571062075310e+02
2.812719411300222987e+02
2.813997296091931730e+02
2.815287827394751048e+02
2.816492145566411409e+02
2.817769672962647860e+02
2.818942834601874097e+02
2.820246168109296150e+02
2.821433079699985456e+02
2.822788594385455099e+02
2.824013028905945930e+02
2.825420444914112750e+02
2.826680672249161148e+02
2.828118734869956370e+02
2.829399023761722560e+02
2.830840358973873094e+02
2.832125583757841127e+02
2.833550072427436817e+02
2.834836191950723787e+02
2.836238420405730949e+02
2.837535963823602856e+02
2.838924630440845931e+02
2.840253797315915563e+02
2.841643108331466578e+02
2.843022556879734566e+02
2.844420036582940270e+02
2.845855447679658141e+02
2.847252638072333184e+02
2.848730388852717965e+02
2.850099469531594423e+02
2.851585856436173572e+02
2.852880420359057325e+02
2.854323558690187497e+02
2.855480857900090541e+02
2.856814249866515638e+02
2.857761281785878964e+02
2.858915899830540184e+02
2.859592577137840408e+02
2.860533938296416068e+02
2.860949912075387829e+02
2.861738126865831191e+02
2.862026866363145814e+02
2.862819166287669077e+02
2.863182345733844727e+02
2.864123769317042161e+02
2.864708654147023594e+02
2.865858031560692325e+02
2.866734601997791856e+02
2.868096159233459161e+02
2.869294698573973506e+02
2.870851197174661706e+02
2.872367959341696633e+02
2.874082266000776826e+02
2.875870053250339993e+02
2.877689089745045408e+02
2.879667030538556105e+02
2.881537265035876771e+02
2.883615536773042436e+02
2.885495875736284574e+02
2.887596852091375013e+02
2.889461762142249768e+02
2.891529437441818118e+02
2.893366131528874803e+02
2.895366583887506522e+02
2.897171600462447714e+02
2.899089824426351356e+02
2.900866986744285896e+02
2.902703120742468741e+02
2.904462212330709576e+02
2.906227649192139779e+02
2.907982453496322819e+02
2.909695384231629305e+02
2.911460387165992643e+02
2.913140745525672628e+02
2.914926960818455086e+02
2.916591660144268872e+02
2.918402913721108689e+02
2.920062648119308619e+02
2.921893509562189593e+02
2.923551788237621736e+02
2.925387407857005542e+02
2.927041561910480141e+02
2.928858856898456224e+02
2.930502305355808517e+02
2.932271729411349384e+02
2.933896836855886363e+02
2.935583808878927812e+02
2.937184244995507356e+02
2.938747838375285255e+02
2.940317031558429903e+02
2.941698635900348222e+02
2.943213973534545858e+02
2.944294038875133310e+02
2.945652910402649809e+02
2.946100874143218675e+02
2.946869659553471479e+02
2.945677272027087383e+02
2.944477801227461100e+02
2.941336020689270754e+02
2.939951966778484689e+02
2.939411525793054807e+02
2.940213618612717710e+02
2.941240777833395441e+02
2.943063831671684056e+02
2.944608265010549530e+02
2.946910790504632587e+02
2.948673379806627963e+02
2.951221376253872108e+02
2.953115700897892566e+02
2.955765590758919075e+02
2.957777239596326808e+02
2.960420312542520946e+02
2.962565219077371808e+02
2.965118370363412623e+02
2.967425838405546301e+02
2.969836939286091706e+02
2.972340339503529663e+02
2.974598507120837212e+02
2.977327672139645642e+02
2.979475364492062681e+02
2.982445434287075727e+02
2.984590972095034545e+02
2.987782168648850529e+02
2.990106915756597914e+02
2.993435269252773878e+02
2.996171255550834189e+02
2.999472547923859906e+02
3.002800173438478168e+02
3.005887459802594890e+02
3.009762077066369557e+02
3.012581811679446560e+02
3.016688869625735947e+02
3.019411845629074378e+02
3.023365953251916949e+02
3.026267523677605027e+02
3.029818498926210850e+02
3.033102228506741653e+02
3.036190029777146151e+02
3.039887546018065336e+02
3.042615252623747324e+02
3.046544874589835672e+02
3.049116821151302474e+02
3.052927180296599659e+02
3.055533699638638154e+02
3.058884354817164422e+02
3.061593676580525880e+02
3.064350114814691892e+02
3.067118557996711843e+02
3.069366179404163404e+02
3.072121857744194244e+02
3.074044362286250589e+02
3.076736527610540293e+02
3.078514055701390930e+02
3.081115111919497735e+02
3.082885648801365051e+02
3.085378936814830695e+02
3.087237901985549797e+02
3.089610450265190025e+02
3.091623697509716635e+02
3.093866508392650303e+02
3.096083731491689264e+02
3.098198234572228102e+02
3.100660316526183919e+02
3.102671303941011729e+02
3.105403721776519319e+02
3.107376665128517175e+02
3.110354894136132202e+02
3.112399385299806340e+02
3.115488034364065584e+02
3.117707483070582271e+02
3.120657337556128823e+02
3.123059095617147705e+02
3.125662137535923080e+02
3.128154540313234975e+02
3.130389110137874695e+02
3.132870981795495595e+02
3.134843061855144697e+02
3.137251574256364961e+02
3.139076923571600446e+02
3.141380768930779936e+02
3.143138709013073822e+02
3.145324005476976481e+02
3.147060636741034045e+02
3.149124373585900116e+02
3.150866649549644194e+02
3.152815189550557875e+02
3.154582134685861661e+02
3.156431273151701475e+02
3.158240027085063275e+02
3.160014200365450847e+02
3.161881047442952877e+02
3.163610602187026757e+02
3.165548175671900708e+02
3.167265259322670090e+02
3.169278069629878587e+02
3.171012619502768644e+02
3.173093165800536894e+02
3.174870040815236507e+02
3.176997012832303540e+02
3.178834186779671995e+02
3.180973449701783693e+02
3.182880440034940648e+02
3.184989127200116172e+02
3.186965190580991134e+02
3.188999056521333841e+02
3.191032007765674052e+02
3.192955321044532866e+02
3.195022841524980208e+02
3.196818211787829682e+02
3.198892590163711702e+02
3.200566482951931562e+02
3.202620782122830292e+02
3.204201173812933234e+02
3.206212817074103327e+02
3.207739306732120781e+02
3.209689141977003146e+02
3.211200536326778092e+02
3.213069844864169795e+02
3.214595673636744095e+02
3.216365320485646180e+02
3.217924592773887866e+02
3.219578383208427681e+02
3.221184642004958505e+02
3.222716295315778439e+02
3.224385750037491221e+02
3.225807209956500401e+02
3.227565441416037970e+02
3.228912509174313641e+02
3.230794009374340590e+02
3.232124859705661493e+02
3.234161591091624928e+02
3.235548138868141450e+02
3.237750290631233270e+02
3.239267921477301684e+02
3.241605492819845153e+02
3.243323368868819898e+02
3.245716966470643001e+02
3.247681779869225238e+02
3.250012053064146471e+02
3.252221521420156591e+02
3.254366239567858656e+02
3.256752374984570793e+02
3.258638681248219768e+02
3.261089105146629663e+02
3.262721113952023302e+02
3.265127171570757127e+02
3.266568901194580690e+02
3.268858897236897860e+02
3.270196656796496200e+02
3.272337138739633815e+02
3.273649930185366088e+02
3.275629286812135206e+02
3.276975330395446804e+02
3.278787583578280191e+02
3.280203602431132595e+02
3.281840050450082913e+02
3.283348273241002175e+02
3.284796804523676315e+02
3.286416205121554981e+02
3.287665808650172607e+02
3.289426095643290751e+02
3.290474473148476022e+02
3.292433000535102678e+02
3.293296812076000037e+02
3.295561331896044521e+02
3.296295711516273172e+02
3.299064305652076996e+02
3.299834363649920306e+02
3.303477333863792182e+02
3.304913612417427657e+02
3.309935807057501052e+02
3.314267767398703199e+02
3.319026686909011801e+02
3.325222756611617569e+02
3.327025439669989169e+02
3.331467285750553629e+02
3.332491384970368813e+02
3.335638877542726277e+02
3.336688137306340423e+02
3.339119763937740686e+02
3.340343744677033442e+02
3.342339917667473514e+02
3.343769665793281547e+02
3.345470755701786629e+02
3.347118813894920777e+02
3.348600873757669660e+02
3.350481354587160467e+02
3.351785637745194322e+02
3.353920535087193002e+02
3.355065157462150296e+02
3.357493091397255398e+02
3.358477198081903339e+02
3.361278265141387465e+02
3.362079921447717084e+02
3.365469234734906081e+02
3.366010698134822974e+02
3.370928816727398498e+02
