0.837489573111642
0.8591254442258848
0.8771295317246749
1.9557004921543204
1.9629047278681893
1.9684578466836977
1.972482020124305
1.976889969149612
1.9776959960698712
1.980903014443996
1.9783172500426696
1.9801523608647142
1.9740127253860142
1.974286618273154
1.9645022178557467
1.9630381328264146
1.9496473326801056
1.9297423524782782
1.8629447961168235
1.850907768443997
1.8516485983044284
1.8472778813822055
1.8498809384903887
1.8510230813200796
1.8544124683510195
1.86021672280487
1.8634086957410039
1.8726846101146832
1.8749526759424877
1.886283400668726
1.88714438362114
1.8989846934537868
1.8980896827517202
1.9088608367344286
1.9058721701925037
1.9140446991694728
1.908554387386437
1.9126913072729363
1.9041148271755592
1.9027246706912324
1.8898015286133332
1.4844932789327707
1.4752285607094688
1.4700252607754816
1.4591128566608236
1.456965681314545
1.4453265824954262
1.4463341608349156
1.4354426388052215
1.4399848230584995
1.4315915739479088
1.4399614227516648
1.4356597495942536
1.4476173251669702
1.463077595201223
2.1100435246149187
2.1244567028102823
2.126950998710439
2.134187882255699
2.134899195764638
2.1382958182557106
2.1370529269698793
2.136346940768528
2.1335504569574186
2.129639218416022
2.126807624326955
2.121833828672263
2.1211504232527045
2.1173727722716054
2.1202897602205333
2.118849936060101
2.1253661497095013
2.126229373534802
2.1352661849753467
2.1377958392106735
2.1478123891960226
2.1512200426876307
2.160657020320858
2.164241741679787
2.171841607850357
2.17513386118849
2.1801783411914495
2.1830155308498074
2.1854106480379185
2.187885869493637
2.188012374032812
2.1902715304428844
2.188660706922318
2.190672256475329
2.1877288733283224
2.1892159747373645
2.1851656642574824
2.1857548308184573
2.1807976364981694
2.1802765537758892
2.174802390180287
2.1733267532272453
2.1680264663568805
2.166132836576197
2.16188740287333
2.160273391721887
2.1578702403456895
2.157098949340911
2.156993481956734
2.157344262460955
2.159620003578264
2.1611400267355734
2.1656229046855935
2.1682842415308965
2.1746994648366402
2.1785785656430785
2.186692498958297
2.192145262998266
2.201870194196396
2.3877743352716037
2.3957310997492427
2.4018433108735358
2.4096620919601985
2.4146983864491975
2.4224231154510862
2.4269085981250216
2.4344204467647206
2.438708024845258
2.4458838175583715
2.450287801917933
2.4571130351646944
2.462007004460709
2.46863355241845
2.474496427309436
2.4812453725363386
2.4886644964527647
2.4959988845178938
4.588590337327696
4.594808366357619
4.601635760320574
4.607307698339614
4.613006541237128
4.618395369134131
4.6232003478532935
4.628392819335635
4.632443640026199
4.637424448287444
4.6408253016515255
4.645518523998222
4.648372436599743
4.652666441182354
4.655095321551765
4.65886537877322
4.661019573143136
4.6641538317743825
4.666204417472344
4.668630771699725
4.670737407061614
4.672446736217802
4.67470560469171
4.675762376577328
4.678151617468009
4.678677184052742
4.681024813932787
4.681147766372802
4.6831403174556
4.682929428814455
4.684156342919138
4.683565831173995
4.683579733827166
4.6824357052988645
4.680820616122546
4.678868041472659
4.675329483935984
4.672346280415203
4.6668365110618195
4.662789240860628
4.65562743329313
4.650771889950568
4.642636940803427
4.637427485408509
4.629129102083521
4.623935838846676
4.6160800791140915
4.610932304690856
4.60372926987072
4.598285590544428
4.5915931735547115
4.585324085017569
4.578843611153179
4.571318599732647
4.564853642005787
4.556046806054434
4.549739806468212
4.540203108812611
4.534556246100247
4.525229962151931
4.520763508464458
4.512460092871234
4.509273339652561
4.502294620577646
4.499981987286925
4.494189985668721
4.492162803260602
4.487348424494359
4.485265821582604
4.481493358443039
4.479503039226867
4.477180791492775
4.47579858728991
4.475405911630817
4.47512044795882
4.476821901124659
4.4777618693459775
4.481239849128146
4.483131372428267
4.48769986679578
4.4900286942013965
4.49485290519863
4.497045958551303
4.501318419837859
4.502860325621359
4.505903770713903
4.506398214950744
4.507716478659865
4.506906380651511
4.506175902836698
4.503890208927067
4.5008402652331165
4.496804991671323
4.4909314132124765
4.484408504924471
4.185723810930657
4.183131767275223
4.183405570499552
4.186469745260006
4.192584060900296
4.839694826405295
4.846810255544153
4.852935535000227
4.8588474902686585
4.863554903344177
4.868401985887796
4.871949453822793
4.8759335546976965
4.878664811879429
4.8820484511671065
4.884358339115176
4.887393424465454
4.889618713491871
4.892416951516308
4.8946741171581785
4.8970621199740085
4.899085920954161
4.900522796629311
4.90162291246878
4.901328339052385
4.900681078230216
4.89814892523499
4.895519916798122
4.891237107637709
4.887556039735473
4.883085231330339
4.879991128752156
4.877069940788451
4.875916416222981
4.875664663552775
4.87716531472208
4.880056615225841
4.884482651258691
4.890585757608872
4.897938513133987
6.288077236024625
6.292100717554145
6.292395333985579
6.291999158025645
6.289050950121735
6.286490731607503
6.282233370947173
6.278845729612092
6.274074975232293
6.270115120865297
6.2647966719125225
6.260005097326313
6.253889786617077
6.2480086058219735
6.240987294528827
6.233947056009865
6.226076212903893
6.217900343465475
5.9712438369240814
5.964444278176171
5.958798340002494
5.953930972305646
5.950151947916256
5.946653770951085
5.944082762800176
5.941343115262749
5.939349480790232
5.9368581561732015
5.934961690904198
5.932399430193934
5.930338617622105
5.927617891777927
5.925363071908507
5.922607690393645
5.92030466200149
5.917757524728992
5.915603591162846
5.913481073174023
5.9115681994098255
5.9099044319908804
5.9080695116723545
5.906575207437039
5.904256479321904
5.902162177388472
5.8981983384516
5.893993782616282
5.886267225542196
5.724428030530972
5.7290360439820525
6.492874627158778
6.499426387269782
6.506579019062751
6.511436189787437
6.516899844007994
6.520742882531715
6.525207147582709
6.528949843832885
6.533248278698393
6.537728227949514
6.542504562297357
6.548201149203989
6.553735221305176
6.5607333169496185
6.567015923048827
6.575172156804575
6.5821050915887245
6.591282386554393
7.58176637027953
7.587932774726248
7.592174167934069
7.596717477616213
7.600191884415758
7.6040055906490664
7.607126669746692
7.610352569399648
7.613074689341669
7.615589348336711
7.617722540352971
7.619357630494105
7.620737781854748
7.62142502920402
7.622050574075608
7.621953449640154
7.622108009107396
7.621716091579306
7.622009159665104
7.622093420083988
7.623313242454003
7.624680009034126
7.627489832037302
7.630680002898378
7.635391645800819
7.640573567506123
7.647175794294903
7.654283483801266
7.662647738732528
7.943303334451107
7.804527310238575
7.800367957432577
7.798477090127406
7.797101537635122
7.796545270859581
7.795870973466313
7.795328844399051
7.794533601835921
7.793615709234826
7.7925990752613785
7.7914813677535575
7.790558321877207
7.789680552715524
7.789276243552094
7.789051154862363
7.789460802806444
7.790107367465217
7.7914177001587905
7.792960837610043
7.795113236510824
7.797485661716498
7.800398968990643
7.803568831418304
7.80726393711732
7.8113512369893705
7.8160576550890095
7.821430631604073
7.827671671904949
7.835020367917942
8.537322959737029
8.544960784499226
8.552318004826986
8.559400766896939
8.566476269077803
8.573625353127834
8.58112890408987
8.589237562998953
8.906378096507757
8.911214151506078
8.913966257755678
8.915246332574286
8.915514469343892
8.915120330091222
8.914357582910903
8.913454838078781
8.912617043997237
8.911998776909531
8.911739692077797
8.911935210151533
8.912668517754206
8.913984958238274
8.915918549155759
8.91847536583706
8.921650150303247
8.925424915035842
8.929769795506965
8.934661309846769
8.940060625979372
8.945952939465288
8.952297289578828
8.959089325332272
8.966278675170502
8.973862985545265
8.981765663881827
8.989977499063356
8.998376993635244
9.03242358941429
9.040645735842183
9.048576434054679
9.056566260796133
9.064704064946577
9.366206136591975
9.363132853878652
9.356474009197303
9.22423485242913
9.217536511884086
9.2113324926855
9.20576026927178
9.2004081967308
9.195531567034466
9.191018528538704
9.1872486193651
9.184415872896686
9.182923141913433
9.183213552894948
9.185558336535806
9.190627560169377
9.198452113182071
9.438919762010695
9.444036822475384
9.446841735189395
9.448489992514824
9.448545527237009
9.447964281625751
9.44633313404004
9.444333395461996
9.441615025869874
9.438530505238793
9.434820054790158
9.430466787269676
9.425311636771173
9.418912071491853
9.411159709552804
9.027930663041705
9.027422058382532
9.029875878572218
9.034843728661746
9.041374149412333
9.049424489089631
9.057675001099819
9.066483278849864
9.074462184266158
9.08233171610722
9.089001867249225
9.095380338842801
9.100849167427324
9.106261278041826
9.11144385077702
9.116996122714923
9.123067302642546
9.12990130508104
9.137841992688807
9.33481323126925
9.343203550927125
9.351396594562784
9.359545976227057
9.367314041637334
9.37507080580317
9.382316611370074
9.389649286501612
9.396451100233866
9.403516855385284
9.410154523000859
9.417285583588523
9.424195408536074
9.431824398010356
9.439500936194483
9.44804579954842
9.71071909380874
9.718203889876348
9.723475400507812
9.727740472491096
9.728984883187865
9.729385042175936
9.726859074338812
9.724723143964079
9.72118312500014
9.719651150968842
9.718497750656374
9.71969133528974
9.721952806777669
9.725554094754841
9.730062220316418
9.73464553148016
9.739823704347346
9.74423407850836
9.749077387153996
9.752832299244886
9.75698369154303
9.760093498083272
9.763566070500897
9.76622478339338
9.769116559133176
9.771464860301538
9.77377544310558
9.775774408752703
9.777326989362548
9.778726510846147
9.779171896271306
9.779546501056354
9.778419328026494
9.777236811230463
9.774020792261416
9.770682796868751
9.76478962510297
9.758477130720621
9.24303254651042
9.239085590173817
9.234568580315942
9.233107092864532
9.232411852858862
9.234619346487912
9.240556453697229
9.48071443493091
9.481533427043631
9.481279376605523
9.476477492763028
9.4726064437464
9.465886530010435
9.460830452394323
9.454108662162646
9.449154993773707
9.443356259462163
9.439039051920158
9.43442986649037
9.430802305407298
9.427276353227084
9.424179612152495
9.421518717414989
9.41881868201173
9.416911215921276
9.414690092648097
9.413693374026987
9.412361366139946
9.412746884140901
9.412991357032478
9.415393320693667
9.417920865583
9.422809724213428
9.427985207260956
9.435345395455142
9.442954423630153
9.748436852230858
9.756454821316245
9.76335993093407
9.77025110168812
9.776229925949114
9.781994673841929
9.787111778929914
9.791754502149633
9.7960011304172
9.79942105847605
9.802591462242887
9.804444597012708
9.80600183373767
9.8055766935562
9.804573918442877
9.800788185303237
9.796018468578579
9.787808611271887
9.686163646275295
9.679471035394755
9.674343114504255
9.669777564730909
9.665986737918214
9.66290020338963
9.659969390564994
9.658090112709674
9.655948526993013
9.655324540678956
9.654208785763496
9.655060017611952
9.655350905607138
9.657880625523818
9.659913468514679
9.66412966091209
9.668020000501237
9.673619446141071
9.679138840102343
9.685489917401613
9.69202413036057
9.698260623375386
9.704883019402153
9.710075541110585
9.715718879593032
9.719026244212719
9.722644009788002
9.723324287455744
9.723882651650714
9.721054050661724
9.717168097650124
9.709121583559359
9.441451629553416
9.44383424966326
9.44868673599458
9.656030998602013
9.660356971435558
9.662341661058065
9.663040108720436
9.66320128457304
9.6618674624818
9.660948833390874
9.658172101409058
9.656231047106465
9.652032569886059
9.648786394499583
9.642952440093964
9.63804649799425
9.630398188874297
9.623640539869525
9.614272269991108
9.52850950215036
9.521529915931879
9.51441628729029
9.509280925216043
9.503384309820431
9.499970435889315
9.495286614637507
9.493418160128703
9.489994712858923
9.489507197058302
9.487453840319452
9.488180961585
9.487592776752944
9.489282988746336
9.490105253941321
9.492329709016396
9.494249877548011
9.496393910256016
9.498848831705732
9.500231568526242
9.502545429602606
9.502622059160254
9.504209155440739
9.502756175176811
9.503295312284397
9.500497471490847
9.500021127850287
9.496444628069332
9.495330866169626
9.491800240137522
9.490652041993402
9.488034389116919
9.487451948457206
9.486407179561548
9.486775949721283
9.487624493315115
9.489073643919125
9.49185550522095
9.494382081548913
9.499013999014169
9.50264751438236
9.50905087810527
9.513956644094543
9.52209013356546
9.528561258151196
9.5383453009618
9.719893455181651
9.72773004666783
9.73596552779778
9.74388297253996
9.751852037556773
9.760316719534519
10.634751891067587
10.650632861010031
10.65740886298149
10.666094110291052
10.673730454489126
10.682240008553503
10.902436291189375
10.908429420154874
10.915341578734305
10.919207111287466
10.922710610095548
10.921804212525355
10.481695529697843
10.480228420233999
10.47501201899988
10.473879826428702
10.46854419716137
10.467183239178503
10.461912714795758
10.460447616712989
10.455643736288362
10.454119678392855
10.449919472178697
10.448081006103347
10.444296479053234
10.44169741450933
10.438012048399242
10.43429303417485
10.430564693963666
10.425770319006645
10.422321573010873
10.417116607089937
10.414831550653341
10.41040663899326
10.410446263849865
10.408030303583633
10.411228892111035
10.411418613308438
10.417623692439488
10.419788277719315
10.427379380132528
10.42945468378084
10.43548618249506
10.434627910710164
10.43576901941291
10.429420796304454
9.906713064083775
9.899249606769416
9.897532429486239
9.894986079558167
9.895764515848217
9.89734644678289
9.899713013915777
9.904158127593165
9.90724972055234
9.913187845109737
9.916370704197371
9.922640232276667
9.925540879248123
9.931321148671294
9.93376880593152
9.938577922848669
9.940545204460541
9.94418872260938
9.945761891905015
9.948278717099685
9.949644341994306
9.951254141527029
9.952676934812143
9.953718028383689
9.955495062100715
9.956348769541934
9.95874421459683
9.959757088702622
9.962936691987887
9.964359751511095
9.96834389555298
9.970300437759965
9.974941647341609
9.977422007158006
9.982401588316247
9.985278652960673
9.990117700045513
9.993182371728228
9.997263992830662
10.0002747027646
10.002848321571573
10.005544255268473
10.005593489701674
10.007497201578202
10.00310856291843
10.002561137919185
9.988587811834465
9.758789925243313
10.690949228229682
10.692099864934564
10.686119450364966
10.567264172446828
10.58132701443439
10.594446207795771
10.604076292623356
10.607568915329248
10.619551442471627
10.617985346973922
10.629933057382308
10.62528719271377
10.635662518209488
10.629490320614877
10.63706274126692
10.630315980257908
10.633857461360686
10.627020040603067
10.625206398688409
10.6185382738871
10.610161901400474
10.565203673595853
10.546088564895127
10.537085749900092
10.54135044176132
10.536694814365228
10.538487376365753
10.539398080113639
10.537660610037547
10.541512089918077
10.537295615996934
10.542155987673867
10.536876237511828
10.54154861398282
10.536232141608979
10.540023125925151
10.535313347799324
10.537888922167284
10.534228168597238
10.535549670079911
10.53331929658398
10.533605788229728
10.533182306587234
10.532856450209737
10.534582616238106
10.534179799970877
10.538271158641045
10.53832446495817
10.544755359585125
10.545692331532287
10.554114204728632
10.556198805012816
10.565929950400863
10.569257699599358
10.579355379666188
10.583878186266002
10.593275956863058
10.598820889362454
10.606501337657553
10.612771402919844
10.617945374071715
10.624529718872033
10.626788836332937
10.63321592103802
10.63261098121958
10.638431804715536
10.63543258017308
10.640275583244938
10.635615480206988
10.639176884252647
10.63365498647662
10.635656834490728
10.629994320135955
10.630172485257509
10.624973418148453
10.623126458286988
10.618928074118978
10.615017455405393
10.612380692809285
10.606646750336791
10.606218533499108
10.599250365174054
10.601712378782441
10.594407149673817
10.600260869817864
10.593682532161752
10.602932799866204
10.598167022256408
10.610045212093773
10.60808349160425
10.620930690166796
10.633884987245278
10.638855111198147
10.646326779184559
10.65370931278571
10.65526036253054
10.66329897200758
10.65787069986353
10.664763211345553
10.651852394077277
10.635548381795356
10.516902339846748
10.515923576206184
10.508225180665056
10.517594720510434
10.510224071764247
10.528454359571239
10.547147094319762
10.57382037559203
10.950176364991693
10.962293332073324
10.960796642027487
10.969291642706496
10.969678618157188
10.974130815573133
10.97652142224587
10.978361196975804
10.98279371499371
10.982927953986366
10.989394853478816
10.988430926047933
10.996845472099276
10.99522690470424
11.005326187131903
11.003502703719644
11.014456112006915
