SASMI
-0.292036904723
0.273480308071
-0.0845076523213
0.174903913181
-0.530695544985
0.252727382831
-0.255719285553
-0.245342822933
-1.29336554756
-1.8848239169
-1.3660007859
-0.707095409526
-0.442495612714
0.242350920211
-0.126013502802
0.0451981304297
0.532891873573
-0.126013502802
-0.224589897692
-0.0637547270812
-1.2622361597
0.237162688901
0.0192569738795
0.0763275182899
0.916820990516
0.916820990516
-0.748601260006
-1.09621275778
-0.385425068304
0.356492009032
0.942762147066
-1.27780085363
0.984267997547
0.678162350254
0.413562553442
-0.0741311897012
1.85589085763
-0.0170606452908
0.330550852482
0.190468607111
-0.406177993544
0.294233233312
1.1658560934
-0.375048605683
0.854562214796
-1.15328330219
-1.02876575075
0.636656499774
0.12302160008
1.4252676589
1.05690323589
0.361680240342
-0.317978061273
2.146431811
0.283856770691
0.672974118944
0.937573915756
-0.717471872146
0.397997859512
0.896068065276
0.231974457591
-2.15461194503
0.584774186674
0.164527450561
1.26443248829
1.46158527807
0.984267997547
1.90777317073
0.558833030123
-0.157142890662
1.45639704676
1.71580861226
0.221597994971
1.17104432471
1.43564412152
-0.0896958836314
0.444691941303
0.174903913181
0.667785887634
0.439503709993
0.595150649294
-0.758977722626
-1.90038861083
0.813056364315
0.704103506805
0.185280375801
1.13991493685
0.595150649294
1.27480895091
0.382433165582
-0.214213435072
-0.478813231884
0.833809289556
1.20736194388
1.06727969851
-0.162331121972
0.678162350254
0.522515410953
1.44083235283
0.11783336877
0.449880172613
0.180092144491
1.78325561929
0.475821329163
-0.266095748173
-0.151954659352
-0.0741311897012
-0.577389626775
-1.40231840507
-1.20516561529
-0.546260238915
-1.08064806385
-0.769354185246
-0.795295341797
-0.893871736687
-0.0118724139808
0.0296334364995
-1.07027160123
-0.183084047212
0.615903574534
-0.774542416556
-0.805671804417
-0.992448131578
0.278668539381
0.159339219251
-0.364672143063
-0.976883437648
-0.224589897692
-0.561824932845
-0.592954320705
-0.556636701535
-0.826424729657
-0.997636362888
-0.779730647866
-1.43344779293
-0.312789829963
-0.873118811447
-0.624083708565
-0.904248199307
-0.141578196732
-0.733036566076
-0.826424729657
0.216409763661
-0.0793194210113
0.00888051125938
-1.0547069073
-0.229778129002
-0.266095748173
0.314986158552
0.314986158552
-0.292036904723
-0.940565818478
-0.0689429583912
-0.188272278522
-1.417883099
-1.84850629773
-0.484001463194
0.304609695932
0.434315478683
0.195656838421
1.05690323589
-0.354295680443
1.21255017519
-0.670777790356
0.309797927242
0.09708044353
2.4577256896
-0.748601260006
0.216409763661
-0.629271939875
0.984267997547
1.23849133174
0.273480308071
-1.72398874629
-0.198648741142
-0.655213096426
-1.55796534437
-0.250531054243
-0.748601260006
-0.105260577561
0.0192569738795
0.724856432045
-0.234966360312
-0.245342822933
-2.68381153865
1.05171500458
-1.68248289581
-1.34524786066
0.672974118944
-0.925001124548
0.745609357285
0.330550852482
-0.266095748173
-0.266095748173
0.159339219251
-0.188272278522
0.813056364315
0.719668200735
-0.354295680443
-0.141578196732
-0.722660103456
-1.18960092136
-0.400989762234
-1.14290683957
0.13858629401
0.698915275495
0.579585955364
0.688538812874
-2.20649425813
-1.19997738398
-1.5216477252
-0.556636701535
-2.59042337507
-0.587766089395
0.652221193704
-1.12734214564
-0.328354523893
-0.229778129002
0.180092144491
-1.94708269263
-0.281660442103
-0.888683505377
-0.193460509832
-0.670777790356
-0.681154252976
1.67430276178
0.532891873573
-0.395801530924
-0.805671804417
-0.245342822933
-0.613707245945
0.195656838421
0.11783336877
0.195656838421
1.02058561672
0.932385684446
0.09189221222
0.859750446106
0.361680240342
0.833809289556
1.13991493685
0.423939016062
-0.639648402495
-0.110448808872
-1.2622361597
-1.58909473223
-0.779730647866
0.730044663355
1.00502092279
0.761174051215
-0.209025203762
0.180092144491
-2.12348255717
1.2177384065
0.787115207765
1.72099684357
0.527703642263
1.3215030327
1.65354983654
0.00369227994934
-0.634460171185
2.75345487427
-0.141578196732
1.59647929213
1.09840908637
-0.126013502802
0.916820990516
1.8403261637
0.335739083792
1.91814963335
0.273480308071
1.14510316816
-1.5216477252
1.01539738541
0.325362621172
1.24367956305
0.0451981304297
0.771550513835
0.200845069731
0.283856770691
-0.525507313675
-0.971695206338
-0.198648741142
-0.105260577561
1.67430276178
0.870126908726
1.2177384065
0.838997520866
1.18142078733
0.755985819905
0.714479969425
-0.857554117517
-0.131201734112
-1.33487139804
-0.639648402495
-0.478813231884
0.206033301041
-0.857554117517
-0.701907178216
-0.380236836994
-2.26356480254
-0.675966021666
0.807868133005
-0.582577858085
0.0555745930497
1.03096207934
-0.209025203762
-1.23629500315
-0.281660442103
-1.48014187472
-0.670777790356
0.730044663355
1.17104432471
0.688538812874
1.13472670554
0.0607628243598
0.968703303617
0.766362282525
0.647032962394
1.20736194388
-1.18960092136
0.273480308071
1.8922084768
1.78325561929
-0.349107449133
-1.11696568302
0.366868471652
0.273480308071
1.05171500458
0.200845069731
1.64836160523
0.0815157495999
0.973891534927
1.35782065187
0.579585955364
0.340927315102
-0.151954659352
1.00502092279
1.3733853458
0.870126908726
0.527703642263
1.99078487169
-0.909436430617
0.766362282525
0.584774186674
1.23849133174
0.968703303617
1.29037364484
0.927197453136
0.984267997547
0.366868471652
-0.0689429583912
1.44602058414
1.32669126401
0.621091805844
-0.561824932845
-0.0741311897012
-0.354295680443
-1.96783561787
-1.38675371114
-0.660401327736
-0.0533782644611
0.221597994971
0.968703303617
1.1658560934
0.12820983139
0.750797588595
1.65354983654
0.709291738115
-0.276472210793
0.719668200735
-2.77719970223
0.252727382831
-0.790107110487
0.916820990516
0.781926976455
-0.634460171185
0.984267997547
1.06727969851
0.0555745930497
0.12302160008
0.174903913181
1.67430276178
1.46677350938
0.802679901695
-0.779730647866
-1.08064806385
-0.473625000574
0.273480308071
-0.0326253392209
-0.758977722626
-0.105260577561
0.683350581564
-1.51127126258
-0.250531054243
-1.2103538466
-0.317978061273
0.709291738115
-1.0028245942
-0.255719285553
0.538080104883
-1.47495364341
-1.6254123514
0.0400098991196
-1.37637724852
-0.551448470225
-0.219401666382
-0.504754388434
-1.60465942616
-0.909436430617
0.377244934272
-0.867930580137
1.19179724995
0.174903913181
0.994644460167
0.564021261434
2.11011419183
0.418750784752
1.31112657008
-1.6254123514
0.942762147066
2.02710249086
0.844185752176
0.340927315102
1.34744418925
2.19312589279
0.449880172613
1.13991493685
1.69505568702
-1.11696568302
0.0815157495999
0.678162350254
-0.867930580137
1.26443248829
0.621091805844
-0.359483911753
0.444691941303
-0.234966360312
0.522515410953
0.382433165582
-0.234966360312
-1.37118901721
-0.157142890662
-1.74474167153
-3.17150528179
-0.421742687474
-0.110448808872
-1.16884799612
-0.707095409526
-1.02357751944
-0.255719285553
-0.489189694504
-0.950942281098
-0.847177654897
-0.873118811447
-1.37637724852
-0.930189355858
-0.167519353282
-0.546260238915
0.698915275495
-0.266095748173
0.605527111914
0.221597994971
0.963515072306
0.506950717023
0.932385684446
1.6327969113
1.64317337392
0.382433165582
-0.748601260006
-1.35043609197
0.605527111914
-0.0845076523213
0.771550513835
0.802679901695
-0.266095748173
-0.852365886207
0.278668539381
0.252727382831
-1.13253037695
-0.712283640836
1.39413827104
0.289045002001
0.0815157495999
0.434315478683
-0.214213435072
0.486197791783
1.40451473366
1.13991493685
0.532891873573
-0.281660442103
0.963515072306
-0.432119150094
-0.0118724139808
0.937573915756
-0.753789491316
-0.312789829963
-0.525507313675
0.200845069731
-0.468436769264
0.294233233312
-0.810860035727
0.257915614141
-1.417883099
0.564021261434
0.0607628243598
0.0503863617397
1.02058561672
0.984267997547
1.49790289724
-0.0896958836314
-0.343919217823
0.418750784752
1.16066786209
0.283856770691
-0.598142552015
0.294233233312
-0.317978061273
-0.323166292583
-2.1390472511
-0.489189694504
-1.2622361597
-0.805671804417
-0.883495274067
0.11783336877
0.875315140036
-0.0170606452908
0.833809289556
-0.899059967997
-1.16884799612
-1.22073030922
-0.701907178216
0.0815157495999
-0.463248537954
-0.375048605683
-0.909436430617
-2.15461194503
-0.717471872146
-1.74474167153
-0.364672143063
-0.484001463194
-1.13771860826
-0.613707245945
-0.665589559046
-1.66691820188
-0.369860374373
-0.883495274067
-1.65135350795
-0.613707245945
-0.484001463194
-1.41269486769
-1.44901248686
0.434315478683
-1.53202418782
-1.34005962935
-2.61636453162
-1.96783561787
-1.37637724852
-0.561824932845
-1.84850629773
-0.743413028696
-0.0896958836314
0.730044663355
-0.292036904723
-0.504754388434
-0.712283640836
-2.087164938
-0.826424729657
-2.04565908752
-0.867930580137
-1.43863602424
-1.7291769776
-1.67210643319
-1.97302384918
-2.05603555014
-0.956130512408
-2.71494092651
-0.821236498347
-1.33487139804
-0.546260238915
-3.1248112
-1.5735300383
0.470633097853
1.57053813558
-1.45938894948
-0.784918879177
-1.77068282808
0.932385684446
0.174903913181
1.66911453047
0.434315478683
-1.66172997057
-3.82522242686
-0.494377925814
-0.867930580137
-2.43996466708
-1.59947119485
-2.06122378145
-0.115637040182
-0.416554456164
0.999832691477
1.03096207934
0.164527450561
0.0711392869798
1.4252676589
0.299421464622
1.68986745571
0.818244595625
-0.400989762234
-0.598142552015
-1.05989513861
-0.292036904723
0.475821329163
-0.297225136033
-0.764165953936
-1.84850629773
-0.260907516863
0.320174389862
1.35782065187
-0.535883776295
0.221597994971
0.968703303617
0.652221193704
0.09189221222
-0.795295341797
0.543268336193
-0.146766428042
-1.07027160123
-1.30893024149
0.320174389862
1.29037364484
1.15029139947
0.10745690615
0.527703642263
1.67430276178
1.20217371257
0.984267997547
1.5290322851
-0.463248537954
-1.33487139804
-1.24148323446
-0.727848334766
-0.400989762234
0.185280375801
0.922009221826
0.532891873573
1.09322085506
1.07246792982
-0.489189694504
0.206033301041
1.85589085763
2.43178453305
0.257915614141
0.922009221826
-0.561824932845
1.49790289724
1.54459697903
1.09322085506
-1.07545983254
0.372056702962
-0.650024865116
0.724856432045
1.4252676589
0.314986158552
-0.048190033151
-1.45938894948
-0.577389626775
-0.0689429583912
-0.214213435072
-1.23110677184
-0.930189355858
-1.00801282551
0.423939016062
0.0815157495999
1.18142078733
1.38895003973
2.42659630174
1.78325561929
1.59129106082
1.13991493685
0.730044663355
-1.12734214564
0.190468607111
0.506950717023
-0.587766089395
0.169715681871
-0.473625000574
-0.00668418267073
-0.567013164155
1.56534990427
-0.338730986513
-0.00149595136069
1.77287915667
-0.432119150094
-0.385425068304
0.216409763661
1.48233820331
1.58610282951
0.875315140036
1.19179724995
-1.80700044725
-0.577389626775
-1.94708269263
-1.34524786066
0.455068403923
2.37471398864
1.66392629916
0.506950717023
0.247539151521
1.03615031065
1.8403261637
1.14510316816
1.3733853458
0.730044663355
0.429127247373
0.683350581564
1.56534990427
-0.810860035727
0.849373983486
0.548456567503
-0.535883776295
-0.966506975028
0.704103506805
0.413562553442
1.02058561672
1.44083235283
1.42007942759
0.335739083792
-0.214213435072
-0.0637547270812
0.382433165582
1.23849133174
-0.411366224854
0.0348216678096
-0.800483573107
-0.618895477255
1.7365615375
1.24367956305
0.491386023093
-0.873118811447
0.0296334364995
-0.312789829963
0.906444527896
0.397997859512
0.320174389862
-0.691530715596
-1.43344779293
-1.53202418782
-0.364672143063
-0.0118724139808
-0.375048605683
-1.60465942616
-0.587766089395
-1.43863602424
0.387621396892
-0.613707245945
-1.11177745171
0.911632759206
1.86626732025
0.0761861210714
-0.564781310903
-0.15542395939
2.14990428334
-0.898730729242
0.248547111182
-0.198514206918
0.313182482474
0.523247439171
0.410135539411
-1.32424692358
0.496316034466
0.156980335186
-0.618644120312
1.29887189467
0.690222148341
0.620200496108
-0.0692434643345
0.0277095926028
0.0869586829533
1.0133990048
-0.0423120596297
-1.04954659559
0.275478515887
1.32041701843
1.29348561373
1.49277800854
0.00616446883895
-0.246990735386
0.119276368599
0.437066944116
0.727926114928
0.706380991164
0.442453225057
-0.440896849261
-1.10879568594
-0.720983458191
-0.613257839371
0.345500168119
0.167752897068
-1.02261519088
-0.726369739132
-1.21113502382
-0.532463625257
-0.855640481715
1.07264809515
0.0977312448353
0.399362977529
0.975695038212
-0.392420320792
-0.677893210663
0.297023639651
0.00616446883895
0.167752897068
-0.629416682194
0.706380991164
1.3688935469
1.00262644292
0.0384821544847
0.620200496108
-0.160810240331
0.377817853765
-0.931048414888
-0.764073705718
-0.914889572065
0.604041653286
-0.758687424777
-0.209286768799
-0.327784949501
-0.360102635146
-0.354716354205
2.27378874498
0.550178843876
0.814106609983
1.3688935469
0.636359338931
2.09065519299
0.771016362455
0.340113887178
1.64359387489
0.0438684354257
0.668677024577
1.26655420902
0.808720329042
1.32041701843
0.523247439171
0.695608429282
0.216229425536
-0.607871558431
-1.37810973299
-0.123106273744
0.679449586459
0.657904462695
1.15344230926
2.28456130687
1.86443139347
0.442453225057
1.39043867067
0.6848358674
-0.543236187139
-0.446283130202
0.130048930481
-0.527077344316
0.609427934226
-0.747914862895
0.275478515887
0.216229425536
0.862583138452
1.26655420902
0.248547111182
0.12466264954
-1.20574874288
1.03494412856
0.916445947861
-0.166196521272
0.29163735871
1.06187553327
0.803334048101
-0.279308421032
0.40474925847
-0.0423120596297
1.11573834268
-0.451669411143
-0.521691063375
-1.20574874288
0.700994710223
2.58619303956
-0.300853544796
0.388590415647
0.577110248581
0.367045291883
-0.699438334427
0.17852545895
-1.56662956592
-1.03877403371
0.151594054245
0.2377745493
0.383204134706
0.830265452806
0.921832228802
0.835651733747
2.18760824993
1.58973106548
0.776402643396
-0.0746297452755
0.496316034466
1.07264809515
1.29348561373
0.609427934226
-0.607871558431
0.480157191643
1.24500908526
-0.0854023071574
0.227001987418
1.33118958032
-0.726369739132
0.921832228802
-0.914889572065
-0.882571886419
-0.71559717725
0.830265452806
1.39043867067
-1.94905551273
0.544792562935
0.00616446883895
-1.00645634806
-0.0961748690393
0.507088596348
-0.182355364095
-0.537849906198
-0.0746297452755
0.981081319153
-0.225445611622
0.167752897068
-1.62587865627
-0.489373377729
0.151594054245
0.323955044356
0.135435211422
-0.392420320792
-0.144651397508
1.42814263725
0.140821492363
-0.564781310903
-0.483987096788
0.485543472584
-0.144651397508
0.302409920592
1.18037371397
1.29887189467
0.2377745493
-0.570167591844
-0.220059330681
-0.462441973025
-0.0854023071574
0.367045291883
0.0277095926028
0.614814215167
0.480157191643
0.12466264954
-0.397806601733
-0.198514206918
1.34734842314
1.19114627585
1.30425817561
-1.51815303745
-0.737142301014
-0.0854023071574
-0.823322796069
-0.850254200774
-1.194976181
0.29163735871
1.97215701229
0.905673385979
-0.575553872785
1.23962280432
1.98292957417
0.0707998401305
-3.09094707221
0.523247439171
1.9344530457
1.58434478454
0.227001987418
1.21807768055
1.72977436995
-0.209286768799
-1.72283171321
1.37966610878
1.63820759395
0.550178843876
-0.564781310903
1.70284296524
-0.139265116567
0.862583138452
2.35996924004
2.1445180024
-0.257763297268
0.264705954005
-0.300853544796
-0.117719992803
-0.559395029962
-1.00107006712
-0.801777672305
-2.18066559319
-0.71559717725
0.399362977529
-1.88980642238
-1.01722890994
-0.279308421032
1.09419321891
1.09957949985
0.74408495775
-0.866413043597
-0.230831892563
-0.139265116567
-1.22729386664
-1.63126493721
0.507088596348
1.41198379443
-1.011842629
-0.144651397508
-1.85748873673
0.307796201533
-0.230831892563
-1.28115667605
-0.0476983405707
-1.06570543841
-1.20574874288
0.889514543156
-0.742528581955
-0.349330073264
-0.483987096788
-1.49122163275
-0.117719992803
0.781788924337
0.582496529522
-0.0638571833935
0.620200496108
-0.123106273744
1.01878528574
-0.570167591844
-0.440896849261
-2.02984972684
-0.106947430921
0.700994710223
0.663290743636
-0.252377016327
0.560951405758
0.674063305518
0.943377352566
0.221615706477
0.367045291883
0.555565124817
-0.106947430921
-0.403192882674
0.17852545895
0.900287105038
0.889514543156
-0.66173436784
0.183911739891
-0.263149578209
0.760243800573
0.40474925847
-0.861026762656
-0.230831892563
0.733312395869
-1.72283171321
-2.471524764
-1.53969816122
-2.01369088402
-1.46429022804
-0.0476983405707
0.221615706477
-1.103409405
0.0654135591895
-0.160810240331
0.507088596348
-1.53431188028
-0.780232548541
-0.510918501493
-2.20221071695
-1.15188593347
-0.273922140091
-1.59356097063
-1.59356097063
-0.855640481715
-0.527077344316
-1.29731551887
-3.55955351408
-0.704824615368
-0.554008749021
-0.575553872785
-1.95444179367
-2.73545253011
-1.09263684312
0.280864796828
-1.72283171321
-0.925662133947
-1.5774021278
-2.00291832214
0.210843144595
-0.225445611622
-0.645575525017
-1.25961155229
