0
0
0
-5.41
0
0
0
0
0
-2.62
0
0
0
0
0
0
0
0
0
-0.54
0
0
0
0
0
0
-1.56
0
0
-2.01
-0.98
0
0
0
0
0
0
0
0
0
0
0
0
0
0
0
0
0
0
0
-2.72
0
0
0
-2.56
0
0
0
-0.71
0
0
0
0
0
0
0
-5.94
0
0
0
0
0
0
0
0
0
0
0
0
-2.95
0
0
0
0
0
0
0
0
0
-10.12
0
0
0
0
0
0
-1.38
0
0
0
0
0
0
-0.96
0
0
0
0
-0.6
0
-1.6
0
0
0
0
0
0
0
0
0
-1.36
0
0
0
0
0
-4.64
0
0
0
0
0
-1.22
0
0
0
0
0
0
0
-0.23
0
0
0
0
0
0
0
-0.75
0
0
0
0
-3.81
0
0
0
0
0
0
0
-1.28
0
0
0
0
0
-0.48
0
0
-1.6
0
0
0
0
0
0
0
-4.92
0
0
0
0
0
0
0
0
0
0
-2.19
0
0
0
0
0
0
0
0
0
0
0
0
0
0
0
0
0
-0.57
0
0
0
0
0
0
-0.68
0
0
-0.58
0
0
0
0
0
0
0
0
0
0
0
0
0
0
0
0
0
0
0
0
0
0
0
0
-0.24
0
0
0
0
0
0
0
0
0
0
0
0
0
0
0
-11.99
0
0
0
0
0
0
-0.78
0
0
-0.33
0
0
0
0
0
0
0
0
-4.44
0
0
0
0
0
0
0
0
0
-1.28
0
0
0
0
0
0
0
0
0
0
0
0
0
0
0
0
0
0
0
0
0
0
0
0
0
0
0
0
0
0
0
0
0
-11.3
0
0
0
0
0
0
0
0
-0.31
0
-5.57
0
0
0
0
0
0
0
0
-5.86
0
0
0
0
0
0
0
0
-1.54
0
0
0
0
0
0
0
0
0
-4.17
0
0
0
0
0
0
0
0
0
0
0
-0.94
0
0
0
0
0
0
0
-15.9
0
0
0
0
0
-0.39
0
0
0
0
0
0
0
0
0
0
0
0
0
0
0
0
0
0
0
0
0
-32.79
0
0
0
-0.41
0
0
0
0
0
0
-3.35
0
0
0
0
0
0
-7.71
0
0
0
0
0
0
0
0
0
-9.69
0
0
0
0
0
0
0
0
0
0
0
0
0
0
0
0
0
0
0
-0.77
0
0
0
0
0
0
0
0
0
0
0
0
0
0
0
0
0
0
0
0
0
0
-2.92
0
0
0
0
0
0
-0.7
0
0
0
0
-0.88
0
0
0
-9.4
0
0
0
0
0
0
0
0
0
0
0
0
0
0
0
0
0
0
0
0
0
0
0
0
0
0
0
0
0
0
0
0
-0.98
0
0
-1.04
0
0
0
0
0
0
0
-2.91
0
0
0
0
0
0
0
0
0
0
0
0
0
0
0
0
0
0
-0.5
0
0
0
0
0
-0.35
0
-0.74
0
0
0
0
0
0
0
0
0
0
0
0
0
0
0
0
0
0
0
0
0
0
0
0
-0.82
0
0
0
0
0
0
-0.78
0
0
0
0
-5.99
0
0
0
0
-20.55
0
0
0
0
-0.47
0
0
0
0
0
0
-1.08
0
0
0
0
0
0
-3.08
-1.24
0
-1.11
0
0
0
0
0
0
0
0
0
0
0
0
0
0
0
0
0
0
0
0
0
-0.74
0
0
-0.93
0
0
0
0
0
0
-3.56
0
0
0
0
0
0
0
0
0
0
0
0
0
0
0
-1.31
0
0
0
0
0
0
0
0
-0.59
0
0
0
-1.01
0
0
0
0
0
0
0
0
0
0
0
0
-1.66
0
0
0
0
0
0
0
0
0
0
0
0
-1.58
0
0
0
0
0
0
0
0
-0.43
0
0
0
0
0
0
0
0
-4.34
0
0
0
0
-0.53
0
0
0
0
-5.75
0
0
0
0
0
-11.58
0
0
0
0
0
0
0
0
0
0
0
0
0
0
0
0
0
-0.48
0
-1.73
0
0
0
0
0
0
0
0
0
0
0
0
0
0
0
-1
0
0
0
-11.84
0
0
0
0
-1.91
0
0
0
0
0
0
0
-1.48
0
0
0
0
0
0
0
-0.81
0
0
0
0
-2.33
0
0
0
0
0
-3.11
0
0
0
0
0
0
0
0
0
0
0
0
0
0
0
0
0
0
0
-1.38
0
-10.24
0
0
0
0
0
0
0
0
0
0
0
0
-0.8
0
0
0
0
0
0
0
0
0
0
-0.41
-0.66
-0.84
0
0
0
-0.51
0
0
0
-3.17
0
0
0
0
0
0
0
0
0
-2.36
0
0
0
0
0
0
0
0
0
0
0
0
0
0
0
0
-0.89
0
0
0
0
0
-3.52
0
0
0
-1.41
0
0
0
-0.63
0
0
0
0
0
0
0
0
0
0
0
0
-15.49
0
0
-0.88
0
0
0
0
0
0
0
0
0
-0.63
-0.72
0
0
0
0
0
0
0
0
0
0
0
-12.01
0
0
0
0
0
-17.2
0
0
0
0
0
-0.59
0
-0.87
0
0
0
0
0
0
0
0
-6.46
0
0
0
-6.57
0
0
0
0
0
0
0
0
0
-1.12
0
0
0
0
