6.250000000000000000e+02,0.000000000000000000e+00,3.183480648238694588e+00
6.260000000000000000e+02,1.000000000000000000e+00,2.967699199109505859e+00
6.270000000000000000e+02,0.000000000000000000e+00,2.562003595371493692e+00
6.280000000000000000e+02,0.000000000000000000e+00,2.002922718756329434e+00
6.290000000000000000e+02,0.000000000000000000e+00,1.470796712620647595e+00
6.300000000000000000e+02,0.000000000000000000e+00,8.634794221779312773e-01
6.310000000000000000e+02,0.000000000000000000e+00,4.434921298719614324e-02
6.320000000000000000e+02,0.000000000000000000e+00,-7.356520027163109265e-01
6.330000000000000000e+02,0.000000000000000000e+00,-9.140674941413559074e-01
6.340000000000000000e+02,0.000000000000000000e+00,-7.626902564878753621e-01
6.350000000000000000e+02,0.000000000000000000e+00,-3.571927293183371765e-01
6.360000000000000000e+02,0.000000000000000000e+00,2.354309652815291531e-01
6.370000000000000000e+02,0.000000000000000000e+00,6.668310689515566381e-01
6.380000000000000000e+02,0.000000000000000000e+00,8.509505415183291621e-01
6.390000000000000000e+02,0.000000000000000000e+00,9.259106286517422291e-01
6.400000000000000000e+02,0.000000000000000000e+00,8.452194818910795382e-01
6.410000000000000000e+02,0.000000000000000000e+00,7.531784706612051350e-01
6.420000000000000000e+02,0.000000000000000000e+00,8.415948034744197281e-01
6.430000000000000000e+02,0.000000000000000000e+00,1.113548201066193233e+00
6.440000000000000000e+02,0.000000000000000000e+00,1.367401753677795373e+00
6.450000000000000000e+02,0.000000000000000000e+00,1.302655780718323886e+00
6.460000000000000000e+02,0.000000000000000000e+00,9.025997118983671852e-01
6.470000000000000000e+02,0.000000000000000000e+00,3.244944401377007903e-01
6.480000000000000000e+02,0.000000000000000000e+00,-6.153909779519672885e-01
6.490000000000000000e+02,0.000000000000000000e+00,-1.524900969580797572e+00
6.500000000000000000e+02,0.000000000000000000e+00,-1.542587095374539086e+00
6.510000000000000000e+02,0.000000000000000000e+00,-1.476914411341009536e+00
6.520000000000000000e+02,0.000000000000000000e+00,-1.225366491418831583e+00
6.530000000000000000e+02,0.000000000000000000e+00,-1.061708235150636614e+00
6.540000000000000000e+02,0.000000000000000000e+00,-1.122400692060882665e+00
6.550000000000000000e+02,0.000000000000000000e+00,-1.159543604316197296e+00
6.560000000000000000e+02,0.000000000000000000e+00,-1.207726890554741139e+00
6.570000000000000000e+02,0.000000000000000000e+00,-1.248883812616441658e+00
6.580000000000000000e+02,0.000000000000000000e+00,-1.332336823298578166e+00
6.590000000000000000e+02,0.000000000000000000e+00,-1.212763922428622854e+00
6.600000000000000000e+02,0.000000000000000000e+00,-8.167262909366815871e-01
6.610000000000000000e+02,0.000000000000000000e+00,-2.052612471577437980e-01
6.620000000000000000e+02,0.000000000000000000e+00,-4.001814824830459139e-01
6.630000000000000000e+02,0.000000000000000000e+00,-4.366778436880559555e-01
6.640000000000000000e+02,0.000000000000000000e+00,-4.036425909183256611e-01
6.650000000000000000e+02,0.000000000000000000e+00,-2.878967846121499030e-01
6.660000000000000000e+02,0.000000000000000000e+00,1.133879024463126384e-01
6.670000000000000000e+02,0.000000000000000000e+00,3.223447059341499332e-01
6.680000000000000000e+02,0.000000000000000000e+00,4.226514939780066649e-01
6.690000000000000000e+02,0.000000000000000000e+00,6.023073156827479790e-01
6.700000000000000000e+02,0.000000000000000000e+00,8.170455582918442206e-01
6.710000000000000000e+02,0.000000000000000000e+00,7.120233733100675977e-01
6.720000000000000000e+02,0.000000000000000000e+00,4.109183128048283229e-01
6.730000000000000000e+02,0.000000000000000000e+00,1.740566773022935998e-01
6.740000000000000000e+02,0.000000000000000000e+00,1.353807222923982534e-01
6.750000000000000000e+02,0.000000000000000000e+00,5.928409124021287446e-02
6.760000000000000000e+02,0.000000000000000000e+00,-1.416701254858105177e-02
6.770000000000000000e+02,0.000000000000000000e+00,-9.363626020254194049e-03
6.780000000000000000e+02,0.000000000000000000e+00,-1.767699560129154523e-01
6.790000000000000000e+02,0.000000000000000000e+00,-1.015809198769617588e-01
6.800000000000000000e+02,0.000000000000000000e+00,3.561118897628259838e-02
6.810000000000000000e+02,0.000000000000000000e+00,2.041605887189363033e-01
6.820000000000000000e+02,1.000000000000000000e+00,3.579022806520281152e-01
6.830000000000000000e+02,0.000000000000000000e+00,5.762495415457903336e-01
6.840000000000000000e+02,0.000000000000000000e+00,7.450247367382626384e-01
6.850000000000000000e+02,0.000000000000000000e+00,8.914157986823229018e-01
6.860000000000000000e+02,0.000000000000000000e+00,8.325811491283117149e-01
6.870000000000000000e+02,0.000000000000000000e+00,8.201002308311831079e-01
6.880000000000000000e+02,0.000000000000000000e+00,7.430448476386901646e-01
6.890000000000000000e+02,0.000000000000000000e+00,6.833582225889214268e-01
6.900000000000000000e+02,0.000000000000000000e+00,4.992811889952188942e-01
6.910000000000000000e+02,0.000000000000000000e+00,1.858618706858120861e-01
6.920000000000000000e+02,0.000000000000000000e+00,6.002639791981323990e-03
6.930000000000000000e+02,0.000000000000000000e+00,-2.637480271460391212e-01
6.940000000000000000e+02,0.000000000000000000e+00,-5.652881644329714739e-01
6.950000000000000000e+02,0.000000000000000000e+00,-6.788597730509585704e-01
6.960000000000000000e+02,0.000000000000000000e+00,-8.763136728837775946e-01
6.970000000000000000e+02,0.000000000000000000e+00,-1.029651664477456041e+00
6.980000000000000000e+02,0.000000000000000000e+00,-9.641908547164007581e-01
6.990000000000000000e+02,0.000000000000000000e+00,-1.057712782228984016e+00
7.000000000000000000e+02,0.000000000000000000e+00,-1.026261116540528651e+00
7.010000000000000000e+02,0.000000000000000000e+00,-1.044459521492734577e+00
7.020000000000000000e+02,0.000000000000000000e+00,-8.733015143442368622e-01
7.030000000000000000e+02,0.000000000000000000e+00,-5.641796692661121826e-01
7.040000000000000000e+02,0.000000000000000000e+00,-2.855993787319823785e-01
7.050000000000000000e+02,0.000000000000000000e+00,1.475995236262872823e-01
7.060000000000000000e+02,0.000000000000000000e+00,5.789223277099804221e-01
7.070000000000000000e+02,0.000000000000000000e+00,7.848495245761915040e-01
7.080000000000000000e+02,0.000000000000000000e+00,1.191608098418196482e+00
7.090000000000000000e+02,0.000000000000000000e+00,1.389205531822949036e+00
7.100000000000000000e+02,0.000000000000000000e+00,1.500734665308635085e+00
7.110000000000000000e+02,0.000000000000000000e+00,1.736650079053464690e+00
7.120000000000000000e+02,0.000000000000000000e+00,1.938556583083184348e+00
7.130000000000000000e+02,0.000000000000000000e+00,2.183845728146812881e+00
7.140000000000000000e+02,0.000000000000000000e+00,2.351813009225715678e+00
7.150000000000000000e+02,0.000000000000000000e+00,2.302885544660478789e+00
7.160000000000000000e+02,0.000000000000000000e+00,2.200200127554022167e+00
7.170000000000000000e+02,0.000000000000000000e+00,1.806344126577639209e+00
7.180000000000000000e+02,0.000000000000000000e+00,1.387563718842094840e+00
7.190000000000000000e+02,0.000000000000000000e+00,9.058205923814074412e-01
7.200000000000000000e+02,0.000000000000000000e+00,4.619315135963168450e-01
7.210000000000000000e+02,0.000000000000000000e+00,2.540218696201362869e-01
7.220000000000000000e+02,0.000000000000000000e+00,-1.445298268151649634e-01
7.230000000000000000e+02,0.000000000000000000e+00,-4.992082197323418624e-01
7.240000000000000000e+02,0.000000000000000000e+00,-7.677539782874917007e-01
7.250000000000000000e+02,0.000000000000000000e+00,-1.103654710666695182e+00
7.260000000000000000e+02,0.000000000000000000e+00,-1.471838774196100541e+00
7.270000000000000000e+02,0.000000000000000000e+00,-1.763243838952775366e+00
7.280000000000000000e+02,0.000000000000000000e+00,-1.873568508476663341e+00
7.290000000000000000e+02,0.000000000000000000e+00,-1.609781147711961014e+00
7.300000000000000000e+02,0.000000000000000000e+00,-1.307900170199170820e+00
7.310000000000000000e+02,0.000000000000000000e+00,-1.025816062234631287e+00
7.320000000000000000e+02,0.000000000000000000e+00,-8.586670935854399112e-01
7.330000000000000000e+02,0.000000000000000000e+00,-7.181107807413507071e-01
7.340000000000000000e+02,0.000000000000000000e+00,-3.217334174387374013e-01
7.350000000000000000e+02,0.000000000000000000e+00,-1.367197278113742032e-01
7.360000000000000000e+02,0.000000000000000000e+00,-7.122260363847576770e-02
7.370000000000000000e+02,0.000000000000000000e+00,6.971074580163852397e-02
7.380000000000000000e+02,0.000000000000000000e+00,2.674002138434407594e-01
7.390000000000000000e+02,0.000000000000000000e+00,3.745651318508466665e-01
7.400000000000000000e+02,0.000000000000000000e+00,2.050209235365171856e-01
7.410000000000000000e+02,0.000000000000000000e+00,7.802227461879757131e-02
7.420000000000000000e+02,0.000000000000000000e+00,-4.518032522121735554e-03
7.430000000000000000e+02,0.000000000000000000e+00,-3.584293255936948919e-02
7.440000000000000000e+02,0.000000000000000000e+00,-7.396540481389973776e-02
7.450000000000000000e+02,0.000000000000000000e+00,-1.529402936002406121e-01
7.460000000000000000e+02,0.000000000000000000e+00,-3.191942206820268524e-01
7.470000000000000000e+02,0.000000000000000000e+00,-2.135669009181658806e-01
7.480000000000000000e+02,0.000000000000000000e+00,-9.577508199942072475e-02
7.490000000000000000e+02,0.000000000000000000e+00,-8.360485426332089909e-02
7.500000000000000000e+02,1.000000000000000000e+00,1.650732750815685906e-02
7.510000000000000000e+02,0.000000000000000000e+00,4.946320657743309007e-02
7.520000000000000000e+02,0.000000000000000000e+00,2.377785015043097638e-01
7.530000000000000000e+02,0.000000000000000000e+00,2.908853282617801517e-01
7.540000000000000000e+02,0.000000000000000000e+00,3.246622672443366664e-01
7.550000000000000000e+02,0.000000000000000000e+00,2.243649795662494839e-01
7.560000000000000000e+02,0.000000000000000000e+00,2.868372427424193405e-01
7.570000000000000000e+02,0.000000000000000000e+00,2.383870202422879447e-01
7.580000000000000000e+02,0.000000000000000000e+00,2.347656339605684039e-01
7.590000000000000000e+02,0.000000000000000000e+00,1.140832785361925103e-02
7.600000000000000000e+02,0.000000000000000000e+00,-5.422197890795396047e-01
7.610000000000000000e+02,0.000000000000000000e+00,-7.053586712433724815e-01
7.620000000000000000e+02,0.000000000000000000e+00,-7.675521315531418365e-01
7.630000000000000000e+02,0.000000000000000000e+00,-6.672791517419554008e-01
7.640000000000000000e+02,1.000000000000000000e+00,-6.662203160228282739e-01
7.650000000000000000e+02,0.000000000000000000e+00,-7.096005802026357223e-01
7.660000000000000000e+02,0.000000000000000000e+00,-7.686931835051979967e-01
7.670000000000000000e+02,0.000000000000000000e+00,-6.533914278610897242e-01
7.680000000000000000e+02,0.000000000000000000e+00,-6.590964523885444182e-01
7.690000000000000000e+02,0.000000000000000000e+00,-5.496473913074705342e-01
7.700000000000000000e+02,0.000000000000000000e+00,-4.085355852003474952e-01
7.710000000000000000e+02,0.000000000000000000e+00,-3.318129646443876424e-01
7.720000000000000000e+02,0.000000000000000000e+00,8.072309798697321903e-02
7.730000000000000000e+02,0.000000000000000000e+00,2.088659448823468878e-01
7.740000000000000000e+02,0.000000000000000000e+00,1.488418898420783010e-01
7.750000000000000000e+02,0.000000000000000000e+00,-6.352665167321099038e-02
7.760000000000000000e+02,0.000000000000000000e+00,-1.638412872725727165e-01
7.770000000000000000e+02,0.000000000000000000e+00,-1.837469178597455899e-01
7.780000000000000000e+02,0.000000000000000000e+00,-2.154375994181187137e-01
7.790000000000000000e+02,0.000000000000000000e+00,-3.698198315130251101e-01
7.800000000000000000e+02,0.000000000000000000e+00,-5.626160409399696416e-01
7.810000000000000000e+02,0.000000000000000000e+00,-5.737081862392601206e-01
7.820000000000000000e+02,0.000000000000000000e+00,-6.255728916372549353e-01
7.830000000000000000e+02,0.000000000000000000e+00,-5.896350085766510762e-01
7.840000000000000000e+02,0.000000000000000000e+00,-5.611466861121099381e-01
7.850000000000000000e+02,0.000000000000000000e+00,-5.106219840636505580e-01
7.860000000000000000e+02,0.000000000000000000e+00,-4.372550201325985930e-01
7.870000000000000000e+02,0.000000000000000000e+00,-2.853193290273482452e-01
7.880000000000000000e+02,0.000000000000000000e+00,-2.065840553832711812e-01
7.890000000000000000e+02,0.000000000000000000e+00,-1.897482286290739506e-01
7.900000000000000000e+02,0.000000000000000000e+00,-6.546155938284170528e-02
7.910000000000000000e+02,0.000000000000000000e+00,-7.908264221174644837e-02
7.920000000000000000e+02,0.000000000000000000e+00,-2.829665518291463872e-03
7.930000000000000000e+02,0.000000000000000000e+00,-7.151266384667884224e-02
7.940000000000000000e+02,0.000000000000000000e+00,-8.390573495860877140e-02
7.950000000000000000e+02,0.000000000000000000e+00,4.212032856729923391e-02
7.960000000000000000e+02,0.000000000000000000e+00,1.468601323139647197e-01
7.970000000000000000e+02,0.000000000000000000e+00,1.616782693257907688e-01
7.980000000000000000e+02,0.000000000000000000e+00,1.648682236231129306e-01
7.990000000000000000e+02,0.000000000000000000e+00,2.377365334475834147e-01
8.000000000000000000e+02,0.000000000000000000e+00,3.039714822776832803e-01
8.010000000000000000e+02,0.000000000000000000e+00,2.926407382915066080e-01
8.020000000000000000e+02,0.000000000000000000e+00,1.106154530846678447e-01
8.030000000000000000e+02,0.000000000000000000e+00,3.952798027875724096e-01
8.040000000000000000e+02,0.000000000000000000e+00,5.922484457088305065e-01
8.050000000000000000e+02,0.000000000000000000e+00,6.747017599581595082e-01
8.060000000000000000e+02,0.000000000000000000e+00,6.797400389025278766e-01
8.070000000000000000e+02,0.000000000000000000e+00,5.367960697419642546e-01
8.080000000000000000e+02,0.000000000000000000e+00,6.488207325485914057e-01
8.090000000000000000e+02,0.000000000000000000e+00,7.106931804423397558e-01
8.100000000000000000e+02,0.000000000000000000e+00,7.042261233919850927e-01
8.110000000000000000e+02,0.000000000000000000e+00,7.047866920122053402e-01
8.120000000000000000e+02,0.000000000000000000e+00,7.642332078143762031e-01
8.130000000000000000e+02,0.000000000000000000e+00,8.400823088974342934e-01
8.140000000000000000e+02,0.000000000000000000e+00,8.396891599255450478e-01
8.150000000000000000e+02,0.000000000000000000e+00,7.003456365997252631e-01
8.160000000000000000e+02,0.000000000000000000e+00,6.045133599395029478e-01
8.170000000000000000e+02,1.000000000000000000e+00,4.865628936291583884e-01
8.180000000000000000e+02,0.000000000000000000e+00,3.551764887828818829e-01
8.190000000000000000e+02,0.000000000000000000e+00,3.387757705795431118e-01
8.200000000000000000e+02,0.000000000000000000e+00,1.309590201250293851e-01
8.210000000000000000e+02,0.000000000000000000e+00,-8.089555441466370067e-02
8.220000000000000000e+02,0.000000000000000000e+00,-4.547246313620563196e-01
8.230000000000000000e+02,0.000000000000000000e+00,-5.262878355220802495e-01
8.240000000000000000e+02,0.000000000000000000e+00,-5.859829742647315598e-01
8.250000000000000000e+02,0.000000000000000000e+00,-7.112315609425620133e-01
8.260000000000000000e+02,0.000000000000000000e+00,-4.658647726003407041e-01
8.270000000000000000e+02,0.000000000000000000e+00,-3.653604228871102921e-01
8.280000000000000000e+02,0.000000000000000000e+00,-4.079996503696248777e-01
8.290000000000000000e+02,0.000000000000000000e+00,-2.719628283366893329e-01
8.300000000000000000e+02,0.000000000000000000e+00,-1.862699892099183296e-01
8.310000000000000000e+02,0.000000000000000000e+00,-8.266315103301748179e-02
8.320000000000000000e+02,0.000000000000000000e+00,-4.778056363247921295e-02
8.330000000000000000e+02,0.000000000000000000e+00,-4.531046325472499192e-01
8.340000000000000000e+02,0.000000000000000000e+00,-1.387773393778435338e-01
8.350000000000000000e+02,0.000000000000000000e+00,-1.767083628668784240e-02
8.360000000000000000e+02,0.000000000000000000e+00,2.083687289412418098e-01
8.370000000000000000e+02,0.000000000000000000e+00,5.772586575994920199e-01
8.380000000000000000e+02,0.000000000000000000e+00,6.279898338829041915e-01
8.390000000000000000e+02,0.000000000000000000e+00,5.765121266790821375e-01
8.400000000000000000e+02,0.000000000000000000e+00,6.272012541721847523e-01
8.410000000000000000e+02,0.000000000000000000e+00,5.653715669155384704e-01
8.420000000000000000e+02,0.000000000000000000e+00,8.439059341186794239e-01
8.430000000000000000e+02,0.000000000000000000e+00,7.067903215284894181e-01
8.440000000000000000e+02,0.000000000000000000e+00,6.132718709372637633e-01
8.450000000000000000e+02,0.000000000000000000e+00,9.887165504467319010e-01
8.460000000000000000e+02,0.000000000000000000e+00,9.364730398440727077e-01
8.470000000000000000e+02,0.000000000000000000e+00,8.026623744620847711e-01
8.480000000000000000e+02,0.000000000000000000e+00,5.503024279143796660e-01
8.490000000000000000e+02,0.000000000000000000e+00,3.354860405611096441e-01
8.500000000000000000e+02,0.000000000000000000e+00,-1.913547350506241695e-01
8.510000000000000000e+02,0.000000000000000000e+00,-3.815727991739787384e-01
8.520000000000000000e+02,0.000000000000000000e+00,-4.387819600801551867e-01
8.530000000000000000e+02,1.000000000000000000e+00,-6.445613107401724218e-01
8.540000000000000000e+02,0.000000000000000000e+00,-9.590978428967270597e-01
8.550000000000000000e+02,0.000000000000000000e+00,-8.605917075507162339e-01
8.560000000000000000e+02,0.000000000000000000e+00,-7.702673304305822644e-01
8.570000000000000000e+02,0.000000000000000000e+00,-6.827201621485372574e-01
8.580000000000000000e+02,0.000000000000000000e+00,-5.409874530679096294e-01
8.590000000000000000e+02,0.000000000000000000e+00,-3.235064525653505441e-01
8.600000000000000000e+02,0.000000000000000000e+00,-3.502570502038748756e-01
8.610000000000000000e+02,0.000000000000000000e+00,-4.244615838720420253e-01
8.620000000000000000e+02,0.000000000000000000e+00,-1.853753275191326877e-01
8.630000000000000000e+02,0.000000000000000000e+00,7.598353045429342978e-02
8.640000000000000000e+02,0.000000000000000000e+00,1.802976132587636726e-01
8.650000000000000000e+02,0.000000000000000000e+00,4.588487727672546646e-01
8.660000000000000000e+02,0.000000000000000000e+00,4.697951646206110499e-01
8.670000000000000000e+02,0.000000000000000000e+00,3.395320711397044611e-01
8.680000000000000000e+02,0.000000000000000000e+00,1.991476662442084322e-01
8.690000000000000000e+02,0.000000000000000000e+00,1.798358134871591851e-01
8.700000000000000000e+02,0.000000000000000000e+00,-1.082687058962433641e-01
8.710000000000000000e+02,0.000000000000000000e+00,-3.028847197750851872e-01
8.720000000000000000e+02,0.000000000000000000e+00,-2.075987020018540408e-01
8.730000000000000000e+02,0.000000000000000000e+00,-7.073072405595109968e-02
8.740000000000000000e+02,0.000000000000000000e+00,-9.486741877174345236e-04
8.750000000000000000e+02,0.000000000000000000e+00,-5.987561873177198180e-02
8.760000000000000000e+02,0.000000000000000000e+00,-4.595466484873371449e-02
8.770000000000000000e+02,0.000000000000000000e+00,-1.702966317414676134e-01
8.780000000000000000e+02,0.000000000000000000e+00,-1.872886639327773772e-01
8.790000000000000000e+02,0.000000000000000000e+00,-4.247978360036103185e-01
8.800000000000000000e+02,0.000000000000000000e+00,-3.035007774762379928e-01
8.810000000000000000e+02,0.000000000000000000e+00,-2.966297361621609840e-01
8.820000000000000000e+02,0.000000000000000000e+00,-1.232799641877471292e-01
8.830000000000000000e+02,0.000000000000000000e+00,-3.562197303946722238e-02
8.840000000000000000e+02,0.000000000000000000e+00,-1.890106446060807743e-01
8.850000000000000000e+02,0.000000000000000000e+00,-4.024370756732523202e-01
8.860000000000000000e+02,0.000000000000000000e+00,-3.289674514988623066e-01
8.870000000000000000e+02,0.000000000000000000e+00,-3.142064106471723628e-01
8.880000000000000000e+02,0.000000000000000000e+00,-3.263683850671687536e-01
8.890000000000000000e+02,0.000000000000000000e+00,-2.325739775228063966e-01
8.900000000000000000e+02,0.000000000000000000e+00,-2.129769575628535083e-01
8.910000000000000000e+02,0.000000000000000000e+00,-6.158507737482742106e-02
8.920000000000000000e+02,0.000000000000000000e+00,-7.254772258155317566e-02
8.930000000000000000e+02,0.000000000000000000e+00,-8.226541254939789827e-02
8.940000000000000000e+02,0.000000000000000000e+00,-9.240381873475012053e-02
8.950000000000000000e+02,0.000000000000000000e+00,-1.692916102096596190e-03
8.960000000000000000e+02,0.000000000000000000e+00,-3.150534312628316264e-02
8.970000000000000000e+02,0.000000000000000000e+00,-2.312336741866232726e-01
8.980000000000000000e+02,0.000000000000000000e+00,-3.174423661431395871e-01
8.990000000000000000e+02,0.000000000000000000e+00,-3.625549640087576408e-01
9.000000000000000000e+02,0.000000000000000000e+00,-5.104487083045995410e-01
9.010000000000000000e+02,0.000000000000000000e+00,-6.110650751409859582e-01
9.020000000000000000e+02,0.000000000000000000e+00,-6.689643880031487244e-01
9.030000000000000000e+02,0.000000000000000000e+00,-5.399905070175029520e-01
9.040000000000000000e+02,0.000000000000000000e+00,-6.180707541736034649e-01
9.050000000000000000e+02,0.000000000000000000e+00,-5.672224590843943925e-01
9.060000000000000000e+02,0.000000000000000000e+00,-5.911882089332711754e-01
9.070000000000000000e+02,0.000000000000000000e+00,-8.932835367895497480e-01
9.080000000000000000e+02,0.000000000000000000e+00,-7.624434428981577971e-01
9.090000000000000000e+02,0.000000000000000000e+00,-5.317474485510894633e-01
9.100000000000000000e+02,0.000000000000000000e+00,-4.653419173791679686e-01
9.110000000000000000e+02,0.000000000000000000e+00,-5.310797910458946447e-01
9.120000000000000000e+02,0.000000000000000000e+00,-4.246098848691370886e-01
9.130000000000000000e+02,0.000000000000000000e+00,-4.038736493372180325e-01
9.140000000000000000e+02,0.000000000000000000e+00,-4.004671866186674256e-01
9.150000000000000000e+02,0.000000000000000000e+00,-4.049112373938107412e-01
9.160000000000000000e+02,1.000000000000000000e+00,-3.460339491539730084e-01
9.170000000000000000e+02,0.000000000000000000e+00,-3.933363050190796240e-01
9.180000000000000000e+02,0.000000000000000000e+00,-3.305594870616352376e-01
9.190000000000000000e+02,0.000000000000000000e+00,-1.612478910300208512e-01
9.200000000000000000e+02,0.000000000000000000e+00,-1.247754144494611361e-01
9.210000000000000000e+02,0.000000000000000000e+00,4.184735849628328647e-02
9.220000000000000000e+02,0.000000000000000000e+00,3.177328186291406703e-02
9.230000000000000000e+02,0.000000000000000000e+00,1.132843467081368766e-01
9.240000000000000000e+02,0.000000000000000000e+00,7.029767071107170806e-02
9.250000000000000000e+02,0.000000000000000000e+00,1.601116310721080738e-01
9.260000000000000000e+02,0.000000000000000000e+00,2.941503302156752153e-01
9.270000000000000000e+02,0.000000000000000000e+00,3.710383790343649291e-01
9.280000000000000000e+02,0.000000000000000000e+00,4.446417433608789160e-01
9.290000000000000000e+02,0.000000000000000000e+00,4.091800711073979580e-01
9.300000000000000000e+02,0.000000000000000000e+00,4.269445022700479320e-01
9.310000000000000000e+02,0.000000000000000000e+00,3.394478006053858743e-01
9.320000000000000000e+02,0.000000000000000000e+00,3.305795313132997015e-01
9.330000000000000000e+02,0.000000000000000000e+00,3.891076881783571417e-02
9.340000000000000000e+02,0.000000000000000000e+00,-2.177145941779614485e-02
9.350000000000000000e+02,0.000000000000000000e+00,-2.313999202922369935e-01
9.360000000000000000e+02,0.000000000000000000e+00,-3.356171514725515559e-01
9.370000000000000000e+02,0.000000000000000000e+00,-5.016095992154431249e-01
9.380000000000000000e+02,0.000000000000000000e+00,-6.398951500704586071e-01
9.390000000000000000e+02,1.000000000000000000e+00,-4.810009157168878557e-01
9.400000000000000000e+02,0.000000000000000000e+00,-1.419515846994404140e-01
9.410000000000000000e+02,0.000000000000000000e+00,2.718772967541163710e-02
9.420000000000000000e+02,0.000000000000000000e+00,2.746692365637236066e-01
9.430000000000000000e+02,0.000000000000000000e+00,1.887828366074601749e-01
9.440000000000000000e+02,0.000000000000000000e+00,-9.613489996345983557e-02
9.450000000000000000e+02,0.000000000000000000e+00,1.076710047789756867e-02
9.460000000000000000e+02,0.000000000000000000e+00,5.110096963807243126e-02
9.470000000000000000e+02,0.000000000000000000e+00,2.431956786481250243e-01
9.480000000000000000e+02,0.000000000000000000e+00,2.704329935804436480e-01
9.490000000000000000e+02,0.000000000000000000e+00,3.599033012865102688e-01
9.500000000000000000e+02,0.000000000000000000e+00,5.321617354094081431e-01
9.510000000000000000e+02,0.000000000000000000e+00,4.493419498066014706e-01
9.520000000000000000e+02,0.000000000000000000e+00,2.542161198789316123e-01
9.530000000000000000e+02,0.000000000000000000e+00,3.063985554396110311e-01
9.540000000000000000e+02,0.000000000000000000e+00,6.523203742386123050e-02
9.550000000000000000e+02,0.000000000000000000e+00,2.693884803353250867e-01
9.560000000000000000e+02,0.000000000000000000e+00,6.016897060699493149e-01
9.570000000000000000e+02,0.000000000000000000e+00,7.313008367377048513e-01
9.580000000000000000e+02,0.000000000000000000e+00,8.229954047350976909e-01
9.590000000000000000e+02,0.000000000000000000e+00,8.415162531266915380e-01
9.600000000000000000e+02,0.000000000000000000e+00,8.779168808224514509e-01
9.610000000000000000e+02,0.000000000000000000e+00,7.720556366972551876e-01
9.620000000000000000e+02,0.000000000000000000e+00,6.193422204125198505e-01
9.630000000000000000e+02,0.000000000000000000e+00,4.976235141293265385e-01
9.640000000000000000e+02,0.000000000000000000e+00,3.315593419285937093e-01
9.650000000000000000e+02,0.000000000000000000e+00,8.153224681112379579e-02
9.660000000000000000e+02,0.000000000000000000e+00,5.948968044835429431e-02
9.670000000000000000e+02,0.000000000000000000e+00,-1.322784337127548560e-03
9.680000000000000000e+02,0.000000000000000000e+00,-3.524460362034180505e-02
9.690000000000000000e+02,0.000000000000000000e+00,-1.535600220330868848e-01
9.700000000000000000e+02,0.000000000000000000e+00,-4.289689566703831503e-01
9.710000000000000000e+02,0.000000000000000000e+00,-4.672082573999518096e-01
9.720000000000000000e+02,0.000000000000000000e+00,-4.331920234416848925e-01
9.730000000000000000e+02,0.000000000000000000e+00,-2.557703002295831363e-01
9.740000000000000000e+02,0.000000000000000000e+00,-1.845321155158247128e-01
9.750000000000000000e+02,0.000000000000000000e+00,-1.813496297341986307e-01
9.760000000000000000e+02,1.000000000000000000e+00,-2.204782098060876216e-01
9.770000000000000000e+02,0.000000000000000000e+00,-1.329279904872661122e-01
9.780000000000000000e+02,0.000000000000000000e+00,-1.135423786051928396e-01
9.790000000000000000e+02,0.000000000000000000e+00,-1.005128889711893597e-01
9.800000000000000000e+02,0.000000000000000000e+00,-1.658730874744271666e-01
9.810000000000000000e+02,0.000000000000000000e+00,-1.124973344695576610e-01
9.820000000000000000e+02,0.000000000000000000e+00,1.804272624248247081e-01
9.830000000000000000e+02,0.000000000000000000e+00,2.661709657625886405e-01
9.840000000000000000e+02,0.000000000000000000e+00,4.172824695064054623e-01
9.850000000000000000e+02,0.000000000000000000e+00,5.007486613730700586e-01
9.860000000000000000e+02,0.000000000000000000e+00,6.937607530915336218e-01
9.870000000000000000e+02,0.000000000000000000e+00,9.195139103283959114e-01
9.880000000000000000e+02,0.000000000000000000e+00,1.022530113491145309e+00
9.890000000000000000e+02,0.000000000000000000e+00,1.040761242100203043e+00
9.900000000000000000e+02,0.000000000000000000e+00,9.722611197053125931e-01
9.910000000000000000e+02,0.000000000000000000e+00,9.601729459877061945e-01
9.920000000000000000e+02,0.000000000000000000e+00,8.204135758567961956e-01
9.930000000000000000e+02,0.000000000000000000e+00,8.327957428790747629e-01
9.940000000000000000e+02,0.000000000000000000e+00,8.865424141430532368e-01
9.950000000000000000e+02,0.000000000000000000e+00,7.572302676628561713e-01
9.960000000000000000e+02,0.000000000000000000e+00,6.464290294308565610e-01
9.970000000000000000e+02,0.000000000000000000e+00,2.885201447023209576e-01
9.980000000000000000e+02,0.000000000000000000e+00,2.327241200211087324e-01
9.990000000000000000e+02,0.000000000000000000e+00,-3.338720270691331645e-03
1.000000000000000000e+03,0.000000000000000000e+00,-1.099998707280346738e-01
1.001000000000000000e+03,0.000000000000000000e+00,-1.177757321022028653e-01
1.002000000000000000e+03,0.000000000000000000e+00,-1.154814543946233590e-01
1.003000000000000000e+03,1.000000000000000000e+00,-1.177261161983122195e-01
1.004000000000000000e+03,0.000000000000000000e+00,-8.569563479275438267e-02
1.005000000000000000e+03,0.000000000000000000e+00,-1.995150669368782881e-01
1.006000000000000000e+03,0.000000000000000000e+00,-5.223264641375992001e-01
1.007000000000000000e+03,0.000000000000000000e+00,-5.752124898521175922e-01
1.008000000000000000e+03,0.000000000000000000e+00,-2.878031888837259133e-01
1.009000000000000000e+03,0.000000000000000000e+00,-3.841281562369124047e-02
1.010000000000000000e+03,0.000000000000000000e+00,-4.291580059484700893e-01
1.011000000000000000e+03,0.000000000000000000e+00,-3.100861270783786816e-01
1.012000000000000000e+03,0.000000000000000000e+00,-2.275231973389705287e-01
1.013000000000000000e+03,0.000000000000000000e+00,1.883634826612557225e-02
1.014000000000000000e+03,0.000000000000000000e+00,4.253071493872295772e-01
1.015000000000000000e+03,0.000000000000000000e+00,8.968527223791898928e-01
1.016000000000000000e+03,0.000000000000000000e+00,1.206834872374278778e+00
1.017000000000000000e+03,0.000000000000000000e+00,1.476594876570132442e+00
1.018000000000000000e+03,0.000000000000000000e+00,1.687847711930911210e+00
1.019000000000000000e+03,0.000000000000000000e+00,1.768943918011311567e+00
1.020000000000000000e+03,0.000000000000000000e+00,1.286340979047450706e+00
1.021000000000000000e+03,0.000000000000000000e+00,1.118202660063582154e+00
1.022000000000000000e+03,0.000000000000000000e+00,1.239439223734672746e+00
1.023000000000000000e+03,0.000000000000000000e+00,9.870262356257071268e-01
1.024000000000000000e+03,0.000000000000000000e+00,7.027967542233746201e-01
1.025000000000000000e+03,0.000000000000000000e+00,2.255011770187048958e-01
1.026000000000000000e+03,0.000000000000000000e+00,-3.925713090404064909e-01
1.027000000000000000e+03,0.000000000000000000e+00,-1.142583032191429870e+00
1.028000000000000000e+03,1.000000000000000000e+00,-1.630022864705200414e+00
1.029000000000000000e+03,0.000000000000000000e+00,-2.047647830848241313e+00
1.030000000000000000e+03,0.000000000000000000e+00,-2.241766720374274158e+00
1.031000000000000000e+03,0.000000000000000000e+00,-2.413700164345802257e+00
1.032000000000000000e+03,0.000000000000000000e+00,-2.324148191488662807e+00
1.033000000000000000e+03,0.000000000000000000e+00,-2.361882614324674723e+00
1.034000000000000000e+03,0.000000000000000000e+00,-2.383077642706014743e+00
1.035000000000000000e+03,0.000000000000000000e+00,-2.292337828279045198e+00
1.036000000000000000e+03,0.000000000000000000e+00,-2.172416598109633945e+00
1.037000000000000000e+03,0.000000000000000000e+00,-1.924362515478456492e+00
1.038000000000000000e+03,0.000000000000000000e+00,-1.473598112014470773e+00
1.039000000000000000e+03,0.000000000000000000e+00,-9.757289919341869400e-01
1.040000000000000000e+03,0.000000000000000000e+00,-4.670246014013029745e-01
1.041000000000000000e+03,0.000000000000000000e+00,-1.287052004482038547e-01
1.042000000000000000e+03,0.000000000000000000e+00,1.983204214904639717e-01
1.043000000000000000e+03,0.000000000000000000e+00,6.514215773782517926e-01
1.044000000000000000e+03,0.000000000000000000e+00,9.312554253192287801e-01
1.045000000000000000e+03,0.000000000000000000e+00,1.303976468086547547e+00
1.046000000000000000e+03,0.000000000000000000e+00,1.449012093181576644e+00
1.047000000000000000e+03,0.000000000000000000e+00,1.554338239426853230e+00
1.048000000000000000e+03,0.000000000000000000e+00,1.569341706896412614e+00
1.049000000000000000e+03,0.000000000000000000e+00,1.400240172206748124e+00
1.050000000000000000e+03,0.000000000000000000e+00,1.015169935781297106e+00
1.051000000000000000e+03,0.000000000000000000e+00,6.492733042337318627e-01
1.052000000000000000e+03,0.000000000000000000e+00,4.202423331768146975e-01
1.053000000000000000e+03,0.000000000000000000e+00,2.209692353937099396e-01
1.054000000000000000e+03,0.000000000000000000e+00,-9.487850556134276581e-02
1.055000000000000000e+03,0.000000000000000000e+00,-5.826419243865980091e-01
1.056000000000000000e+03,0.000000000000000000e+00,-9.038748811301141606e-01
1.057000000000000000e+03,0.000000000000000000e+00,-1.366431978038015860e+00
1.058000000000000000e+03,0.000000000000000000e+00,-1.574232911149882730e+00
1.059000000000000000e+03,0.000000000000000000e+00,-1.826968792234274108e+00
1.060000000000000000e+03,0.000000000000000000e+00,-1.888206854440690474e+00
1.061000000000000000e+03,0.000000000000000000e+00,-1.829539262370477815e+00
1.062000000000000000e+03,0.000000000000000000e+00,-1.719885877018995091e+00
1.063000000000000000e+03,0.000000000000000000e+00,-1.631116562442443962e+00
1.064000000000000000e+03,0.000000000000000000e+00,-1.538067891115342922e+00
1.065000000000000000e+03,0.000000000000000000e+00,-1.359979256909937595e+00
1.066000000000000000e+03,0.000000000000000000e+00,-1.117130145773072680e+00
1.067000000000000000e+03,0.000000000000000000e+00,-9.023242924766338158e-01
1.068000000000000000e+03,0.000000000000000000e+00,-8.029967690623157628e-01
1.069000000000000000e+03,0.000000000000000000e+00,-7.037329128548190926e-01
1.070000000000000000e+03,0.000000000000000000e+00,-5.975314438894647751e-01
1.071000000000000000e+03,0.000000000000000000e+00,-4.865870635964127389e-01
1.072000000000000000e+03,0.000000000000000000e+00,-3.664495330346141388e-01
1.073000000000000000e+03,0.000000000000000000e+00,-3.106059535475478861e-01
1.074000000000000000e+03,0.000000000000000000e+00,-3.027184289512296900e-01
1.075000000000000000e+03,0.000000000000000000e+00,-2.929967985181659018e-01
1.076000000000000000e+03,0.000000000000000000e+00,-1.724818019392043711e-01
1.077000000000000000e+03,0.000000000000000000e+00,2.186797427082277923e-02
1.078000000000000000e+03,0.000000000000000000e+00,5.521122534164356332e-02
1.079000000000000000e+03,0.000000000000000000e+00,1.390030141739512781e-01
1.080000000000000000e+03,0.000000000000000000e+00,1.747955872275900047e-01
1.081000000000000000e+03,0.000000000000000000e+00,3.534715554536294602e-01
1.082000000000000000e+03,0.000000000000000000e+00,6.356611131032657847e-01
1.083000000000000000e+03,0.000000000000000000e+00,7.900530164899971508e-01
1.084000000000000000e+03,0.000000000000000000e+00,1.032203801321444958e+00
1.085000000000000000e+03,0.000000000000000000e+00,1.203601851754024787e+00
1.086000000000000000e+03,0.000000000000000000e+00,1.370095187744887699e+00
1.087000000000000000e+03,0.000000000000000000e+00,1.682060866055212989e+00
1.088000000000000000e+03,0.000000000000000000e+00,1.683740519715815509e+00
1.089000000000000000e+03,0.000000000000000000e+00,1.438999722437646511e+00
1.090000000000000000e+03,0.000000000000000000e+00,1.593683667286690309e+00
1.091000000000000000e+03,0.000000000000000000e+00,1.758112553165642522e+00
1.092000000000000000e+03,0.000000000000000000e+00,1.918659421567082024e+00
1.093000000000000000e+03,0.000000000000000000e+00,2.041372637671568846e+00
1.094000000000000000e+03,0.000000000000000000e+00,1.932304119120597630e+00
1.095000000000000000e+03,0.000000000000000000e+00,1.949269033299577458e+00
1.096000000000000000e+03,0.000000000000000000e+00,1.955669749697031889e+00
1.097000000000000000e+03,0.000000000000000000e+00,1.818636222750154241e+00
1.098000000000000000e+03,0.000000000000000000e+00,1.626694376447615165e+00
1.099000000000000000e+03,0.000000000000000000e+00,1.212740232877996149e+00
1.100000000000000000e+03,0.000000000000000000e+00,8.695922302996781372e-01
1.101000000000000000e+03,0.000000000000000000e+00,6.019044073607854317e-01
1.102000000000000000e+03,0.000000000000000000e+00,8.990812261565646335e-02
1.103000000000000000e+03,0.000000000000000000e+00,-3.595274392501616179e-01
1.104000000000000000e+03,0.000000000000000000e+00,-8.214539286577983157e-01
1.105000000000000000e+03,0.000000000000000000e+00,-1.302604486268263084e+00
1.106000000000000000e+03,0.000000000000000000e+00,-1.635263054239869396e+00
1.107000000000000000e+03,0.000000000000000000e+00,-1.929947602170676291e+00
1.108000000000000000e+03,1.000000000000000000e+00,-2.378446984753306737e+00
1.109000000000000000e+03,0.000000000000000000e+00,-2.653596542161663407e+00
1.110000000000000000e+03,0.000000000000000000e+00,-2.652289257953430290e+00
1.111000000000000000e+03,0.000000000000000000e+00,-2.590300313184138226e+00
1.112000000000000000e+03,0.000000000000000000e+00,-2.270613205359024001e+00
1.113000000000000000e+03,0.000000000000000000e+00,-1.850570528728484820e+00
1.114000000000000000e+03,0.000000000000000000e+00,-1.363092056800722318e+00
1.115000000000000000e+03,0.000000000000000000e+00,-9.127303973663840608e-01
1.116000000000000000e+03,0.000000000000000000e+00,-4.494588744458028473e-01
1.117000000000000000e+03,0.000000000000000000e+00,1.543367670330825225e-01
1.118000000000000000e+03,0.000000000000000000e+00,5.123780882504843648e-01
1.119000000000000000e+03,0.000000000000000000e+00,1.104528908108404428e+00
1.120000000000000000e+03,0.000000000000000000e+00,1.637489736309497568e+00
1.121000000000000000e+03,0.000000000000000000e+00,2.305556751878766519e+00
1.122000000000000000e+03,0.000000000000000000e+00,2.574491533088091533e+00
1.123000000000000000e+03,0.000000000000000000e+00,2.731831288646171529e+00
1.124000000000000000e+03,0.000000000000000000e+00,2.471860838387229808e+00
1.125000000000000000e+03,0.000000000000000000e+00,2.318926073781807151e+00
1.126000000000000000e+03,0.000000000000000000e+00,1.892185121698543027e+00
1.127000000000000000e+03,1.000000000000000000e+00,1.465424141700056637e+00
1.128000000000000000e+03,0.000000000000000000e+00,1.040110471838977535e+00
1.129000000000000000e+03,0.000000000000000000e+00,5.488478072766102001e-01
1.130000000000000000e+03,0.000000000000000000e+00,1.265075963810906035e-01
1.131000000000000000e+03,0.000000000000000000e+00,-4.467583748050399373e-01
1.132000000000000000e+03,0.000000000000000000e+00,-9.440439861003259159e-01
1.133000000000000000e+03,0.000000000000000000e+00,-1.443030115252876611e+00
1.134000000000000000e+03,0.000000000000000000e+00,-1.715729588503468905e+00
1.135000000000000000e+03,0.000000000000000000e+00,-1.765255554561227846e+00
1.136000000000000000e+03,0.000000000000000000e+00,-1.735434701445144334e+00
1.137000000000000000e+03,0.000000000000000000e+00,-1.839925187030525988e+00
1.138000000000000000e+03,0.000000000000000000e+00,-1.670748204057766584e+00
1.139000000000000000e+03,0.000000000000000000e+00,-1.433746941676001585e+00
1.140000000000000000e+03,0.000000000000000000e+00,-1.160500134803554850e+00
1.141000000000000000e+03,0.000000000000000000e+00,-9.260131396925737057e-01
1.142000000000000000e+03,0.000000000000000000e+00,-6.004862445888848876e-01
1.143000000000000000e+03,0.000000000000000000e+00,-4.096294988956132310e-01
1.144000000000000000e+03,0.000000000000000000e+00,-2.448595504791438171e-01
1.145000000000000000e+03,0.000000000000000000e+00,-1.051774930876712699e-01
1.146000000000000000e+03,0.000000000000000000e+00,1.911251528221729256e-03
1.147000000000000000e+03,0.000000000000000000e+00,-2.657296017610652830e-02
1.148000000000000000e+03,0.000000000000000000e+00,-5.991961097802224467e-02
1.149000000000000000e+03,0.000000000000000000e+00,-4.998486514714767237e-02
1.150000000000000000e+03,0.000000000000000000e+00,-7.722173363292599013e-02
1.151000000000000000e+03,0.000000000000000000e+00,-1.089794424040185783e-01
1.152000000000000000e+03,0.000000000000000000e+00,-7.504684664609516387e-02
1.153000000000000000e+03,0.000000000000000000e+00,-9.675696254079986514e-02
1.154000000000000000e+03,0.000000000000000000e+00,-1.087798664335344473e-01
1.155000000000000000e+03,0.000000000000000000e+00,-1.009498874995557460e-01
1.156000000000000000e+03,0.000000000000000000e+00,-7.530558046483976087e-02
1.157000000000000000e+03,0.000000000000000000e+00,-3.946568815390421453e-02
1.158000000000000000e+03,0.000000000000000000e+00,1.234068263339532258e-04
1.159000000000000000e+03,0.000000000000000000e+00,2.863129237064354973e-02
1.160000000000000000e+03,0.000000000000000000e+00,1.295199030661998985e-01
1.161000000000000000e+03,0.000000000000000000e+00,2.121588158425661008e-01
1.162000000000000000e+03,0.000000000000000000e+00,3.513645195097101492e-01
1.163000000000000000e+03,0.000000000000000000e+00,4.995805282900586120e-01
1.164000000000000000e+03,0.000000000000000000e+00,5.352021851645132333e-01
1.165000000000000000e+03,0.000000000000000000e+00,6.852254800166319715e-01
1.166000000000000000e+03,0.000000000000000000e+00,7.513342129476333620e-01
1.167000000000000000e+03,0.000000000000000000e+00,1.010280393861776371e+00
1.168000000000000000e+03,0.000000000000000000e+00,1.180249268286409414e+00
1.169000000000000000e+03,0.000000000000000000e+00,1.266533240191093368e+00
1.170000000000000000e+03,0.000000000000000000e+00,1.343797627417202323e+00
1.171000000000000000e+03,1.000000000000000000e+00,1.411824954417675748e+00
1.172000000000000000e+03,0.000000000000000000e+00,1.612715062555754031e+00
1.173000000000000000e+03,0.000000000000000000e+00,1.733370536084675617e+00
1.174000000000000000e+03,0.000000000000000000e+00,1.650770643687178296e+00
1.175000000000000000e+03,0.000000000000000000e+00,1.502491383186451257e+00
1.176000000000000000e+03,0.000000000000000000e+00,1.358751483685484152e+00
1.177000000000000000e+03,0.000000000000000000e+00,1.172904727157401350e+00
1.178000000000000000e+03,0.000000000000000000e+00,1.175111275402658029e+00
1.179000000000000000e+03,0.000000000000000000e+00,6.584758983370293528e-01
1.180000000000000000e+03,0.000000000000000000e+00,3.714300601946941005e-01
1.181000000000000000e+03,0.000000000000000000e+00,1.372003292021931574e-02
1.182000000000000000e+03,1.000000000000000000e+00,-4.530661248456117896e-02
1.183000000000000000e+03,0.000000000000000000e+00,-1.468719425375841214e-01
1.184000000000000000e+03,0.000000000000000000e+00,-3.966802985791951786e-01
1.185000000000000000e+03,0.000000000000000000e+00,-7.036084199190035804e-01
1.186000000000000000e+03,0.000000000000000000e+00,-9.260738398996339882e-01
1.187000000000000000e+03,0.000000000000000000e+00,-1.013735321597913908e+00
1.188000000000000000e+03,0.000000000000000000e+00,-1.053715311958905998e+00
1.189000000000000000e+03,0.000000000000000000e+00,-1.152369534601514367e+00
1.190000000000000000e+03,0.000000000000000000e+00,-1.419411949773717874e+00
1.191000000000000000e+03,1.000000000000000000e+00,-1.351404758954458885e+00
1.192000000000000000e+03,0.000000000000000000e+00,-1.461805155431338266e+00
1.193000000000000000e+03,0.000000000000000000e+00,-1.320869071959446250e+00
1.194000000000000000e+03,0.000000000000000000e+00,-1.550576767359640229e+00
1.195000000000000000e+03,0.000000000000000000e+00,-1.435514924321861230e+00
1.196000000000000000e+03,0.000000000000000000e+00,-1.308123505391798336e+00
1.197000000000000000e+03,0.000000000000000000e+00,-1.168230096786476047e+00
1.198000000000000000e+03,0.000000000000000000e+00,-1.078457554527348039e+00
1.199000000000000000e+03,0.000000000000000000e+00,-9.880069421681728636e-01
1.200000000000000000e+03,0.000000000000000000e+00,-9.985660891186886046e-01
1.201000000000000000e+03,0.000000000000000000e+00,-1.012290280701448664e+00
1.202000000000000000e+03,0.000000000000000000e+00,-8.959032322617230815e-01
1.203000000000000000e+03,0.000000000000000000e+00,-7.234787509793711990e-01
1.204000000000000000e+03,0.000000000000000000e+00,-4.356462048190342107e-01
1.205000000000000000e+03,0.000000000000000000e+00,-3.365379209356889612e-01
1.206000000000000000e+03,0.000000000000000000e+00,-1.203947423398381428e-01
1.207000000000000000e+03,0.000000000000000000e+00,-1.228243246358977081e-01
1.208000000000000000e+03,0.000000000000000000e+00,-1.285574691549820348e-01
1.209000000000000000e+03,0.000000000000000000e+00,-7.515915865178769695e-02
1.210000000000000000e+03,1.000000000000000000e+00,7.321664186673837449e-02
1.211000000000000000e+03,0.000000000000000000e+00,2.426560927971513348e-01
1.212000000000000000e+03,0.000000000000000000e+00,5.587269343980266756e-01
1.213000000000000000e+03,0.000000000000000000e+00,8.298814719209454127e-01
1.214000000000000000e+03,0.000000000000000000e+00,9.584803204045923009e-01
1.215000000000000000e+03,0.000000000000000000e+00,1.054502228490425519e+00
1.216000000000000000e+03,0.000000000000000000e+00,9.541225976900362671e-01
1.217000000000000000e+03,0.000000000000000000e+00,7.313411259982285362e-01
1.218000000000000000e+03,0.000000000000000000e+00,5.658997226649954415e-01
1.219000000000000000e+03,0.000000000000000000e+00,4.459174545872435780e-01
1.220000000000000000e+03,0.000000000000000000e+00,3.873949026852169242e-01
1.221000000000000000e+03,0.000000000000000000e+00,4.066761777086431162e-01
1.222000000000000000e+03,0.000000000000000000e+00,3.986102800450221362e-01
1.223000000000000000e+03,0.000000000000000000e+00,2.543169620109154705e-01
1.224000000000000000e+03,0.000000000000000000e+00,9.907354875744428524e-02
1.225000000000000000e+03,0.000000000000000000e+00,-7.021073565939642269e-02
1.226000000000000000e+03,0.000000000000000000e+00,-1.555179471734841889e-01
1.227000000000000000e+03,0.000000000000000000e+00,-2.073044397167801423e-01
1.228000000000000000e+03,0.000000000000000000e+00,-2.098321109782892713e-01
1.229000000000000000e+03,0.000000000000000000e+00,-1.897028951433379074e-01
1.230000000000000000e+03,1.000000000000000000e+00,-3.342937593153425535e-01
1.231000000000000000e+03,0.000000000000000000e+00,-6.472908506202319501e-01
1.232000000000000000e+03,0.000000000000000000e+00,-8.159503586644590856e-01
1.233000000000000000e+03,0.000000000000000000e+00,-1.147071135172456069e+00
1.234000000000000000e+03,0.000000000000000000e+00,-1.340528827032212655e+00
1.235000000000000000e+03,0.000000000000000000e+00,-1.421479171366100802e+00
1.236000000000000000e+03,0.000000000000000000e+00,-1.501729050554398093e+00
1.237000000000000000e+03,0.000000000000000000e+00,-1.261861651284136743e+00
1.238000000000000000e+03,0.000000000000000000e+00,-9.774461298940287923e-01
1.239000000000000000e+03,0.000000000000000000e+00,-7.588848253690425594e-01
1.240000000000000000e+03,0.000000000000000000e+00,-3.762845370704260839e-01
1.241000000000000000e+03,0.000000000000000000e+00,1.787665132090804909e-01
1.242000000000000000e+03,0.000000000000000000e+00,9.259796517353138245e-01
1.243000000000000000e+03,0.000000000000000000e+00,1.627678041574063483e+00
1.244000000000000000e+03,0.000000000000000000e+00,1.970148561118540753e+00
1.245000000000000000e+03,0.000000000000000000e+00,2.252982766732172237e+00
1.246000000000000000e+03,0.000000000000000000e+00,2.817997372883130236e+00
1.247000000000000000e+03,0.000000000000000000e+00,2.917086335996825319e+00
1.248000000000000000e+03,0.000000000000000000e+00,3.015240363948302083e+00
1.249000000000000000e+03,0.000000000000000000e+00,2.828334870812930557e+00
1.250000000000000000e+03,0.000000000000000000e+00,2.632573229783831792e+00
1.251000000000000000e+03,0.000000000000000000e+00,2.452574204203557429e+00
1.252000000000000000e+03,0.000000000000000000e+00,2.236646588470334152e+00
1.253000000000000000e+03,0.000000000000000000e+00,2.030378629270377822e+00
1.254000000000000000e+03,0.000000000000000000e+00,1.507280215849989835e+00
1.255000000000000000e+03,0.000000000000000000e+00,1.164913935485603513e+00
1.256000000000000000e+03,0.000000000000000000e+00,7.982992963871209380e-01
1.257000000000000000e+03,0.000000000000000000e+00,7.689834455256259194e-01
1.258000000000000000e+03,1.000000000000000000e+00,2.572754471672140664e-01
1.259000000000000000e+03,0.000000000000000000e+00,1.115746353926320572e-01
1.260000000000000000e+03,0.000000000000000000e+00,-9.731167875799127953e-02
1.261000000000000000e+03,0.000000000000000000e+00,-2.201890311279368073e-01
1.262000000000000000e+03,0.000000000000000000e+00,-3.648431205884987705e-01
1.263000000000000000e+03,0.000000000000000000e+00,-6.426225815967372412e-01
1.264000000000000000e+03,0.000000000000000000e+00,-9.835281155533623920e-01
1.265000000000000000e+03,0.000000000000000000e+00,-1.342133178372064028e+00
1.266000000000000000e+03,0.000000000000000000e+00,-1.425849143786038553e+00
1.267000000000000000e+03,0.000000000000000000e+00,-1.573962651004622293e+00
1.268000000000000000e+03,0.000000000000000000e+00,-1.233033678189473958e+00
1.269000000000000000e+03,0.000000000000000000e+00,-1.023846801383577754e+00
1.270000000000000000e+03,0.000000000000000000e+00,-8.028673663106629110e-01
1.271000000000000000e+03,0.000000000000000000e+00,-4.723205673371227986e-01
1.272000000000000000e+03,0.000000000000000000e+00,-9.004374754922073176e-02
1.273000000000000000e+03,0.000000000000000000e+00,-1.003149771241987342e-02
1.274000000000000000e+03,0.000000000000000000e+00,-3.256701487123653260e-02
1.275000000000000000e+03,0.000000000000000000e+00,-1.458643356022545357e-01
1.276000000000000000e+03,1.000000000000000000e+00,-3.104877947389935167e-01
1.277000000000000000e+03,0.000000000000000000e+00,-5.970345475246334743e-01
1.278000000000000000e+03,0.000000000000000000e+00,-5.001036298050023365e-01
1.279000000000000000e+03,0.000000000000000000e+00,-6.474190363285849958e-01
1.280000000000000000e+03,0.000000000000000000e+00,-1.016261401588955282e+00
1.281000000000000000e+03,0.000000000000000000e+00,-1.453046627163658178e+00
1.282000000000000000e+03,0.000000000000000000e+00,-1.912199011427717421e+00
1.283000000000000000e+03,0.000000000000000000e+00,-2.399048737579760893e+00
1.284000000000000000e+03,0.000000000000000000e+00,-2.890653897698168606e+00
1.285000000000000000e+03,0.000000000000000000e+00,-2.975846018328598408e+00
1.286000000000000000e+03,1.000000000000000000e+00,-3.114152041344846467e+00
1.287000000000000000e+03,0.000000000000000000e+00,-2.929582332601334382e+00
1.288000000000000000e+03,0.000000000000000000e+00,-2.689955686058257633e+00
1.289000000000000000e+03,0.000000000000000000e+00,-2.189027794187835774e+00
1.290000000000000000e+03,0.000000000000000000e+00,-2.252395809846531094e+00
1.291000000000000000e+03,0.000000000000000000e+00,-1.933832705670707641e+00
1.292000000000000000e+03,0.000000000000000000e+00,-1.627167057831921282e+00
1.293000000000000000e+03,0.000000000000000000e+00,-1.246128397025948908e+00
1.294000000000000000e+03,0.000000000000000000e+00,-5.648864137898931270e-01
1.295000000000000000e+03,0.000000000000000000e+00,-5.399623270807003134e-02
1.296000000000000000e+03,0.000000000000000000e+00,5.242019842465088786e-01
1.297000000000000000e+03,0.000000000000000000e+00,7.989752499013934584e-01
1.298000000000000000e+03,0.000000000000000000e+00,1.292890277599701987e+00
1.299000000000000000e+03,0.000000000000000000e+00,1.530052667232138841e+00
1.300000000000000000e+03,0.000000000000000000e+00,1.753361578470340243e+00
1.301000000000000000e+03,0.000000000000000000e+00,1.839520116755022361e+00
1.302000000000000000e+03,0.000000000000000000e+00,1.969831946145805146e+00
1.303000000000000000e+03,0.000000000000000000e+00,2.068962224414216511e+00
1.304000000000000000e+03,0.000000000000000000e+00,1.974970211838239953e+00
1.305000000000000000e+03,0.000000000000000000e+00,1.896138941630108210e+00
1.306000000000000000e+03,0.000000000000000000e+00,1.573785440436167971e+00
1.307000000000000000e+03,0.000000000000000000e+00,1.238268750162449860e+00
1.308000000000000000e+03,0.000000000000000000e+00,9.677046684405402610e-01
1.309000000000000000e+03,0.000000000000000000e+00,8.329602270796399033e-01
1.310000000000000000e+03,0.000000000000000000e+00,4.913787181328745368e-01
1.311000000000000000e+03,0.000000000000000000e+00,4.185783848714564326e-01
1.312000000000000000e+03,0.000000000000000000e+00,4.242496057833868850e-01
1.313000000000000000e+03,0.000000000000000000e+00,2.047059137239216897e-01
1.314000000000000000e+03,0.000000000000000000e+00,1.249448747677377874e-01
1.315000000000000000e+03,0.000000000000000000e+00,1.832180657881433417e-01
1.316000000000000000e+03,0.000000000000000000e+00,4.902987526760971271e-01
1.317000000000000000e+03,0.000000000000000000e+00,6.419471435977155416e-01
1.318000000000000000e+03,0.000000000000000000e+00,8.427903183305650581e-01
1.319000000000000000e+03,0.000000000000000000e+00,1.009955918135439168e+00
1.320000000000000000e+03,0.000000000000000000e+00,9.658315609343489649e-01
1.321000000000000000e+03,0.000000000000000000e+00,9.730155470448494937e-01
1.322000000000000000e+03,0.000000000000000000e+00,9.750391707572194644e-01
1.323000000000000000e+03,0.000000000000000000e+00,9.233147680803018842e-01
1.324000000000000000e+03,0.000000000000000000e+00,8.300194997255457841e-01
1.325000000000000000e+03,0.000000000000000000e+00,8.450654833383552944e-01
1.326000000000000000e+03,0.000000000000000000e+00,1.208077966695926264e+00
1.327000000000000000e+03,0.000000000000000000e+00,9.553695966905241255e-01
1.328000000000000000e+03,0.000000000000000000e+00,5.404909332405090083e-01
1.329000000000000000e+03,0.000000000000000000e+00,3.735224558474689593e-01
1.330000000000000000e+03,0.000000000000000000e+00,1.508569006311387406e-01
1.331000000000000000e+03,0.000000000000000000e+00,4.511622713621422920e-02
1.332000000000000000e+03,0.000000000000000000e+00,-5.465865865609313007e-02
1.333000000000000000e+03,0.000000000000000000e+00,-1.571563631805392158e-01
1.334000000000000000e+03,0.000000000000000000e+00,4.447380517844155834e-02
1.335000000000000000e+03,0.000000000000000000e+00,1.834169639086349890e-01
1.336000000000000000e+03,0.000000000000000000e+00,2.272599403060663048e-01
1.337000000000000000e+03,0.000000000000000000e+00,3.862916714170936960e-01
1.338000000000000000e+03,0.000000000000000000e+00,1.001426521571933959e-01
1.339000000000000000e+03,0.000000000000000000e+00,2.846896572901775335e-01
1.340000000000000000e+03,0.000000000000000000e+00,4.382601349979550753e-01
1.341000000000000000e+03,0.000000000000000000e+00,4.933492711306203260e-01
1.342000000000000000e+03,0.000000000000000000e+00,6.226835120180023164e-01
1.343000000000000000e+03,0.000000000000000000e+00,6.065745397061664823e-01
1.344000000000000000e+03,0.000000000000000000e+00,6.235820501624675938e-01
1.345000000000000000e+03,1.000000000000000000e+00,6.151303667241266870e-01
1.346000000000000000e+03,0.000000000000000000e+00,5.369427083548028445e-01
1.347000000000000000e+03,0.000000000000000000e+00,4.064137550071031946e-01
1.348000000000000000e+03,0.000000000000000000e+00,2.175321649548688230e-01
1.349000000000000000e+03,0.000000000000000000e+00,6.119010600319662457e-02
1.350000000000000000e+03,0.000000000000000000e+00,-5.189719948734394794e-02
1.351000000000000000e+03,0.000000000000000000e+00,-3.056303759701481937e-01
1.352000000000000000e+03,0.000000000000000000e+00,-6.517946738020660158e-01
1.353000000000000000e+03,0.000000000000000000e+00,-9.803461458400575257e-01
1.354000000000000000e+03,0.000000000000000000e+00,-1.396411456401102535e+00
1.355000000000000000e+03,0.000000000000000000e+00,-1.569870031295288459e+00
1.356000000000000000e+03,0.000000000000000000e+00,-1.641543123978996821e+00
1.357000000000000000e+03,0.000000000000000000e+00,-1.754342821780027206e+00
1.358000000000000000e+03,0.000000000000000000e+00,-2.050471986569354144e+00
1.359000000000000000e+03,0.000000000000000000e+00,-2.271281385332542868e+00
1.360000000000000000e+03,0.000000000000000000e+00,-2.336139173784755663e+00
1.361000000000000000e+03,0.000000000000000000e+00,-2.465077809377238971e+00
1.362000000000000000e+03,0.000000000000000000e+00,-2.431488422479666234e+00
1.363000000000000000e+03,0.000000000000000000e+00,-2.563900550793282385e+00
1.364000000000000000e+03,0.000000000000000000e+00,-2.272679122812025998e+00
1.365000000000000000e+03,0.000000000000000000e+00,-2.150632162839679395e+00
1.366000000000000000e+03,0.000000000000000000e+00,-1.987010351430640753e+00
1.367000000000000000e+03,0.000000000000000000e+00,-1.713390016471929123e+00
1.368000000000000000e+03,0.000000000000000000e+00,-1.774263948093935950e+00
1.369000000000000000e+03,0.000000000000000000e+00,-1.678628360274384335e+00
1.370000000000000000e+03,0.000000000000000000e+00,-1.344311408123020968e+00
1.371000000000000000e+03,0.000000000000000000e+00,-7.852031399593691896e-01
1.372000000000000000e+03,0.000000000000000000e+00,-5.148162668126473607e-01
1.373000000000000000e+03,0.000000000000000000e+00,-2.760765899669532786e-01
1.374000000000000000e+03,0.000000000000000000e+00,-7.170729312613059736e-02
1.375000000000000000e+03,0.000000000000000000e+00,4.602865189940357760e-01
1.376000000000000000e+03,0.000000000000000000e+00,7.054203346028116162e-01
1.377000000000000000e+03,0.000000000000000000e+00,1.071865521587244352e+00
1.378000000000000000e+03,0.000000000000000000e+00,1.287696410089969490e+00
1.379000000000000000e+03,0.000000000000000000e+00,1.288180253450633250e+00
1.380000000000000000e+03,0.000000000000000000e+00,1.411701284648732235e+00
1.381000000000000000e+03,0.000000000000000000e+00,1.487497866689706294e+00
1.382000000000000000e+03,0.000000000000000000e+00,1.404490090454503681e+00
1.383000000000000000e+03,0.000000000000000000e+00,1.080724434027322101e+00
1.384000000000000000e+03,0.000000000000000000e+00,8.461474553137229293e-01
1.385000000000000000e+03,0.000000000000000000e+00,5.679026177737059866e-01
1.386000000000000000e+03,0.000000000000000000e+00,3.026183902657191838e-01
1.387000000000000000e+03,0.000000000000000000e+00,-3.147288103181965918e-02
1.388000000000000000e+03,0.000000000000000000e+00,-3.802162316467474490e-01
1.389000000000000000e+03,0.000000000000000000e+00,-7.937238024602448760e-01
1.390000000000000000e+03,0.000000000000000000e+00,-9.927148947594349737e-01
1.391000000000000000e+03,0.000000000000000000e+00,-9.134873673822920814e-01
1.392000000000000000e+03,0.000000000000000000e+00,-8.730021594903989435e-01
1.393000000000000000e+03,0.000000000000000000e+00,-7.048510755964005892e-01
1.394000000000000000e+03,0.000000000000000000e+00,-5.769398027243266558e-01
1.395000000000000000e+03,0.000000000000000000e+00,-2.913935486490958349e-01
1.396000000000000000e+03,0.000000000000000000e+00,-2.287065156469900995e-01
1.397000000000000000e+03,0.000000000000000000e+00,-3.591264390622946751e-02
1.398000000000000000e+03,0.000000000000000000e+00,2.866271262425278410e-01
1.399000000000000000e+03,0.000000000000000000e+00,4.652909874376216504e-01
1.400000000000000000e+03,0.000000000000000000e+00,6.652434716317502383e-01
1.401000000000000000e+03,0.000000000000000000e+00,7.426151435488933528e-01
1.402000000000000000e+03,0.000000000000000000e+00,6.957888527810596191e-01
1.403000000000000000e+03,0.000000000000000000e+00,4.139610744850011903e-01
1.404000000000000000e+03,0.000000000000000000e+00,3.333043692234194388e-01
1.405000000000000000e+03,0.000000000000000000e+00,-1.649393734106225085e-01
1.406000000000000000e+03,0.000000000000000000e+00,-4.006425539587157858e-01
1.407000000000000000e+03,0.000000000000000000e+00,-9.376446707781135315e-01
1.408000000000000000e+03,0.000000000000000000e+00,-8.654227686587020463e-01
1.409000000000000000e+03,0.000000000000000000e+00,-6.801583474417083330e-01
1.410000000000000000e+03,0.000000000000000000e+00,-8.813068028562132117e-01
1.411000000000000000e+03,0.000000000000000000e+00,-8.880163430602139307e-01
1.412000000000000000e+03,0.000000000000000000e+00,-9.391882424450117561e-01
1.413000000000000000e+03,0.000000000000000000e+00,-7.297790148471134941e-01
1.414000000000000000e+03,0.000000000000000000e+00,-3.059412616828023346e-01
1.415000000000000000e+03,0.000000000000000000e+00,1.402187075745079704e-02
1.416000000000000000e+03,0.000000000000000000e+00,5.023022187267450755e-01
1.417000000000000000e+03,0.000000000000000000e+00,1.089872939888952175e+00
1.418000000000000000e+03,0.000000000000000000e+00,1.648048074253138484e+00
1.419000000000000000e+03,0.000000000000000000e+00,2.381132002019264782e+00
1.420000000000000000e+03,0.000000000000000000e+00,2.686345996309692286e+00
1.421000000000000000e+03,0.000000000000000000e+00,2.542565595204901552e+00
1.422000000000000000e+03,0.000000000000000000e+00,2.347897318714455839e+00
1.423000000000000000e+03,0.000000000000000000e+00,2.041974519098609608e+00
1.424000000000000000e+03,0.000000000000000000e+00,1.610377014042900790e+00
1.425000000000000000e+03,0.000000000000000000e+00,1.051877163159582240e+00
1.426000000000000000e+03,0.000000000000000000e+00,4.588146025299604802e-01
1.427000000000000000e+03,0.000000000000000000e+00,3.334916679947030199e-02
1.428000000000000000e+03,0.000000000000000000e+00,-4.800590637448900466e-01
1.429000000000000000e+03,0.000000000000000000e+00,-8.168050573724590091e-01
1.430000000000000000e+03,0.000000000000000000e+00,-1.416142379860165779e+00
1.431000000000000000e+03,0.000000000000000000e+00,-2.013651813423114501e+00
1.432000000000000000e+03,0.000000000000000000e+00,-2.335612750481881772e+00
1.433000000000000000e+03,0.000000000000000000e+00,-2.432209362132125463e+00
1.434000000000000000e+03,0.000000000000000000e+00,-2.227682313262532965e+00
1.435000000000000000e+03,0.000000000000000000e+00,-1.991532226844898501e+00
1.436000000000000000e+03,0.000000000000000000e+00,-1.128183097777916144e+00
1.437000000000000000e+03,0.000000000000000000e+00,-4.297836656093231289e-01
1.438000000000000000e+03,0.000000000000000000e+00,4.102773703915735259e-02
1.439000000000000000e+03,0.000000000000000000e+00,3.828392017950697501e-01
1.440000000000000000e+03,0.000000000000000000e+00,5.824058945642347496e-01
1.441000000000000000e+03,0.000000000000000000e+00,7.261538090294411552e-01
1.442000000000000000e+03,0.000000000000000000e+00,8.455290796818588639e-01
1.443000000000000000e+03,0.000000000000000000e+00,9.055970500482519725e-01
1.444000000000000000e+03,0.000000000000000000e+00,9.390675215756011385e-01
1.445000000000000000e+03,0.000000000000000000e+00,1.069483284206679485e+00
1.446000000000000000e+03,0.000000000000000000e+00,1.104852406756470895e+00
1.447000000000000000e+03,0.000000000000000000e+00,1.107164167808232458e+00
1.448000000000000000e+03,0.000000000000000000e+00,6.685531566962531480e-01
1.449000000000000000e+03,0.000000000000000000e+00,4.645871713785424961e-01
1.450000000000000000e+03,0.000000000000000000e+00,3.394213989683332322e-01
1.451000000000000000e+03,0.000000000000000000e+00,2.349919728357218462e-01
1.452000000000000000e+03,0.000000000000000000e+00,1.029902831722499940e-01
1.453000000000000000e+03,1.000000000000000000e+00,-8.531261104033494025e-02
1.454000000000000000e+03,0.000000000000000000e+00,-5.309513192041605267e-02
1.455000000000000000e+03,0.000000000000000000e+00,-1.499559375521087590e-01
1.456000000000000000e+03,0.000000000000000000e+00,-3.491213670036039107e-01
1.457000000000000000e+03,0.000000000000000000e+00,-4.015030389521533349e-01
1.458000000000000000e+03,1.000000000000000000e+00,-5.746334567011729400e-01
1.459000000000000000e+03,0.000000000000000000e+00,-5.931644699473876958e-01
1.460000000000000000e+03,0.000000000000000000e+00,-6.438004558793788412e-01
1.461000000000000000e+03,0.000000000000000000e+00,-7.149628745313700851e-01
1.462000000000000000e+03,0.000000000000000000e+00,-8.442365705356109640e-01
1.463000000000000000e+03,0.000000000000000000e+00,-9.452180016980900046e-01
1.464000000000000000e+03,0.000000000000000000e+00,-9.378892838198956694e-01
1.465000000000000000e+03,0.000000000000000000e+00,-8.230334846234604873e-01
1.466000000000000000e+03,0.000000000000000000e+00,-7.827167288203915607e-01
1.467000000000000000e+03,0.000000000000000000e+00,-6.257227667484250855e-01
1.468000000000000000e+03,0.000000000000000000e+00,-5.118256160522077769e-01
1.469000000000000000e+03,0.000000000000000000e+00,-4.805334358820227969e-01
1.470000000000000000e+03,0.000000000000000000e+00,-2.685343194060055838e-01
1.471000000000000000e+03,0.000000000000000000e+00,-1.864332243834831981e-01
1.472000000000000000e+03,0.000000000000000000e+00,-2.353539252674836657e-01
1.473000000000000000e+03,0.000000000000000000e+00,-2.841353581034638531e-01
1.474000000000000000e+03,0.000000000000000000e+00,-1.544654607500141608e-01
1.475000000000000000e+03,0.000000000000000000e+00,5.584433044290388476e-02
1.476000000000000000e+03,0.000000000000000000e+00,3.915867893930600196e-01
1.477000000000000000e+03,0.000000000000000000e+00,5.683351605320349220e-01
1.478000000000000000e+03,0.000000000000000000e+00,5.005684772952152528e-01
1.479000000000000000e+03,0.000000000000000000e+00,4.347225827591046365e-01
1.480000000000000000e+03,0.000000000000000000e+00,5.171434645523852458e-01
1.481000000000000000e+03,0.000000000000000000e+00,4.917991601400245605e-01
1.482000000000000000e+03,0.000000000000000000e+00,3.694934428037636165e-01
1.483000000000000000e+03,0.000000000000000000e+00,3.707555416135837612e-01
1.484000000000000000e+03,0.000000000000000000e+00,5.751315153782522449e-01
1.485000000000000000e+03,0.000000000000000000e+00,7.337880384636988884e-01
1.486000000000000000e+03,0.000000000000000000e+00,7.871113452128765120e-01
1.487000000000000000e+03,0.000000000000000000e+00,7.573687957302945861e-01
1.488000000000000000e+03,0.000000000000000000e+00,6.086406963360961875e-01
1.489000000000000000e+03,0.000000000000000000e+00,6.286676610280020894e-01
1.490000000000000000e+03,0.000000000000000000e+00,8.300644341871665777e-01
1.491000000000000000e+03,0.000000000000000000e+00,1.003591335411214258e+00
1.492000000000000000e+03,0.000000000000000000e+00,9.833777868088955376e-01
1.493000000000000000e+03,0.000000000000000000e+00,1.040459468137532761e+00
1.494000000000000000e+03,0.000000000000000000e+00,1.138645022730568668e+00
1.495000000000000000e+03,0.000000000000000000e+00,1.069766978850683170e+00
1.496000000000000000e+03,0.000000000000000000e+00,7.760839707041915503e-01
1.497000000000000000e+03,0.000000000000000000e+00,4.489929014595849255e-01
1.498000000000000000e+03,0.000000000000000000e+00,2.946385931862964824e-01
1.499000000000000000e+03,0.000000000000000000e+00,2.449261905545421503e-01
1.500000000000000000e+03,0.000000000000000000e+00,1.301657645050461609e-01
1.501000000000000000e+03,0.000000000000000000e+00,-8.970737315731801276e-02
1.502000000000000000e+03,0.000000000000000000e+00,-1.311441316454781125e-01
1.503000000000000000e+03,0.000000000000000000e+00,-2.867302606859422065e-01
1.504000000000000000e+03,0.000000000000000000e+00,-2.655906058655613800e-01
1.505000000000000000e+03,0.000000000000000000e+00,-2.832131371537695008e-01
1.506000000000000000e+03,0.000000000000000000e+00,-4.685799495137346615e-01
1.507000000000000000e+03,0.000000000000000000e+00,-4.469224456987049843e-01
1.508000000000000000e+03,0.000000000000000000e+00,-2.379186369064344997e-01
1.509000000000000000e+03,0.000000000000000000e+00,8.448478283561598745e-02
1.510000000000000000e+03,0.000000000000000000e+00,2.394723796287133166e-01
1.511000000000000000e+03,0.000000000000000000e+00,2.721218567858018633e-01
1.512000000000000000e+03,0.000000000000000000e+00,3.053461062702746975e-01
1.513000000000000000e+03,0.000000000000000000e+00,3.706636729989812307e-01
1.514000000000000000e+03,0.000000000000000000e+00,2.445428040485948529e-01
1.515000000000000000e+03,0.000000000000000000e+00,2.728323825171060091e-01
1.516000000000000000e+03,0.000000000000000000e+00,3.038314525996440585e-01
1.517000000000000000e+03,0.000000000000000000e+00,1.983630496511527286e-01
1.518000000000000000e+03,0.000000000000000000e+00,2.311749823157087935e-01
1.519000000000000000e+03,0.000000000000000000e+00,1.626755133780262152e-01
1.520000000000000000e+03,0.000000000000000000e+00,1.210610809266204208e-01
1.521000000000000000e+03,0.000000000000000000e+00,-4.157951931628522946e-02
1.522000000000000000e+03,0.000000000000000000e+00,-1.968403950921084888e-01
1.523000000000000000e+03,0.000000000000000000e+00,-3.139082523517437440e-01
1.524000000000000000e+03,0.000000000000000000e+00,-3.747163122384055134e-01
1.525000000000000000e+03,0.000000000000000000e+00,-3.626376863161576147e-01
1.526000000000000000e+03,0.000000000000000000e+00,-3.169546584735542516e-01
1.527000000000000000e+03,0.000000000000000000e+00,-3.652376902804742587e-01
1.528000000000000000e+03,0.000000000000000000e+00,-5.412673598074297932e-01
1.529000000000000000e+03,0.000000000000000000e+00,-5.557509992161717705e-01
1.530000000000000000e+03,0.000000000000000000e+00,-5.260669970516501648e-01
1.531000000000000000e+03,0.000000000000000000e+00,-5.420600983624142000e-01
1.532000000000000000e+03,0.000000000000000000e+00,-6.476017590145245473e-01
1.533000000000000000e+03,0.000000000000000000e+00,-6.218776216904390308e-01
1.534000000000000000e+03,0.000000000000000000e+00,-6.651254271254049000e-01
1.535000000000000000e+03,0.000000000000000000e+00,-7.498776993102058697e-01
1.536000000000000000e+03,0.000000000000000000e+00,-7.618873132465231457e-01
1.537000000000000000e+03,0.000000000000000000e+00,-7.144047718265700286e-01
1.538000000000000000e+03,0.000000000000000000e+00,-5.678069513219706765e-01
1.539000000000000000e+03,0.000000000000000000e+00,-5.111619151944980510e-01
1.540000000000000000e+03,0.000000000000000000e+00,-4.478643021388820644e-01
1.541000000000000000e+03,0.000000000000000000e+00,-2.796475273332979516e-01
1.542000000000000000e+03,0.000000000000000000e+00,-9.217828236152421362e-02
1.543000000000000000e+03,0.000000000000000000e+00,-2.177479408366915330e-03
1.544000000000000000e+03,0.000000000000000000e+00,1.295550298795606070e-01
1.545000000000000000e+03,0.000000000000000000e+00,2.600333349508545666e-01
1.546000000000000000e+03,0.000000000000000000e+00,5.011043168328653818e-01
1.547000000000000000e+03,0.000000000000000000e+00,6.321199521485920680e-01
1.548000000000000000e+03,0.000000000000000000e+00,6.812612570875039575e-01
1.549000000000000000e+03,0.000000000000000000e+00,6.054448840092742090e-01
1.550000000000000000e+03,0.000000000000000000e+00,3.738940419856630060e-01
1.551000000000000000e+03,0.000000000000000000e+00,4.238534911649812775e-01
1.552000000000000000e+03,0.000000000000000000e+00,5.603459777963427646e-01
1.553000000000000000e+03,0.000000000000000000e+00,5.289416393082386758e-01
1.554000000000000000e+03,0.000000000000000000e+00,3.798216198778526231e-01
1.555000000000000000e+03,0.000000000000000000e+00,3.184591155607186530e-01
1.556000000000000000e+03,0.000000000000000000e+00,2.983077247971447910e-01
1.557000000000000000e+03,0.000000000000000000e+00,1.351373139321752348e-01
1.558000000000000000e+03,0.000000000000000000e+00,-2.301424839105161990e-01
1.559000000000000000e+03,0.000000000000000000e+00,-2.458180862568659641e-01
1.560000000000000000e+03,0.000000000000000000e+00,-4.191460481038786212e-01
1.561000000000000000e+03,0.000000000000000000e+00,-7.123235796897507965e-01
