9.000000000000000000e+02,1.000000000000000000e+00,-7.661899162591874479e-02
9.010000000000000000e+02,0.000000000000000000e+00,-1.162318317310850335e-01
9.020000000000000000e+02,0.000000000000000000e+00,3.136258090632145223e-01
9.030000000000000000e+02,0.000000000000000000e+00,4.910505698745425973e-01
9.040000000000000000e+02,1.000000000000000000e+00,-4.389365467864653203e-01
9.050000000000000000e+02,0.000000000000000000e+00,-6.221301820779563396e-01
9.060000000000000000e+02,0.000000000000000000e+00,1.534519158082095214e-01
9.070000000000000000e+02,0.000000000000000000e+00,-3.314729305590942698e-01
9.080000000000000000e+02,0.000000000000000000e+00,1.537632414602904674e-01
9.090000000000000000e+02,0.000000000000000000e+00,1.885231894338711633e+00
9.100000000000000000e+02,0.000000000000000000e+00,-6.918937914969812419e-02
9.110000000000000000e+02,0.000000000000000000e+00,-2.359542558594002859e+00
9.120000000000000000e+02,0.000000000000000000e+00,-2.212251790699134094e-02
9.130000000000000000e+02,0.000000000000000000e+00,1.109477036497867664e+00
9.140000000000000000e+02,0.000000000000000000e+00,-3.251140318978795185e-01
9.150000000000000000e+02,0.000000000000000000e+00,6.214030233603459186e-01
9.160000000000000000e+02,1.000000000000000000e+00,8.181747623137328729e-01
9.170000000000000000e+02,0.000000000000000000e+00,-1.233874947001440292e+00
9.180000000000000000e+02,0.000000000000000000e+00,-7.785152009158462505e-01
9.190000000000000000e+02,0.000000000000000000e+00,6.150112305985344641e-01
9.200000000000000000e+02,0.000000000000000000e+00,3.664431871733669910e-02
9.210000000000000000e+02,0.000000000000000000e+00,-2.665454557023054158e-02
9.220000000000000000e+02,0.000000000000000000e+00,6.013239546116689871e-01
9.230000000000000000e+02,0.000000000000000000e+00,1.270247262131146415e-01
9.240000000000000000e+02,0.000000000000000000e+00,-4.077601610301960222e-01
9.250000000000000000e+02,0.000000000000000000e+00,-2.165282284406855051e-01
9.260000000000000000e+02,0.000000000000000000e+00,1.494702220415775051e-01
9.270000000000000000e+02,0.000000000000000000e+00,-1.192541021596352502e-01
9.280000000000000000e+02,0.000000000000000000e+00,-7.718194323405940249e-01
9.290000000000000000e+02,1.000000000000000000e+00,3.299395770754586232e-01
9.300000000000000000e+02,0.000000000000000000e+00,1.301185557337565690e+00
9.310000000000000000e+02,0.000000000000000000e+00,-3.098299999713731712e-01
9.320000000000000000e+02,0.000000000000000000e+00,-5.117265846159706477e-01
9.330000000000000000e+02,0.000000000000000000e+00,5.505238384670927410e-01
9.340000000000000000e+02,0.000000000000000000e+00,-6.667314788831918415e-01
9.350000000000000000e+02,0.000000000000000000e+00,-8.437992184601685874e-01
9.360000000000000000e+02,0.000000000000000000e+00,7.878484604332403052e-01
9.370000000000000000e+02,0.000000000000000000e+00,5.904760884731800052e-01
9.380000000000000000e+02,0.000000000000000000e+00,-1.895702879528732565e-01
9.390000000000000000e+02,1.000000000000000000e+00,-4.471837701716849245e-02
9.400000000000000000e+02,0.000000000000000000e+00,-1.283209111358179499e-01
9.410000000000000000e+02,0.000000000000000000e+00,-5.118818443617778602e-03
9.420000000000000000e+02,0.000000000000000000e+00,2.017666782033160910e-01
9.430000000000000000e+02,0.000000000000000000e+00,-5.646696509555706456e-01
9.440000000000000000e+02,0.000000000000000000e+00,-4.527529378582096364e-01
9.450000000000000000e+02,0.000000000000000000e+00,1.052990032713970958e+00
9.460000000000000000e+02,1.000000000000000000e+00,7.306089456395263859e-01
9.470000000000000000e+02,0.000000000000000000e+00,-8.997167314333140986e-01
9.480000000000000000e+02,0.000000000000000000e+00,-7.375998446972454881e-01
9.490000000000000000e+02,0.000000000000000000e+00,3.780892180394698210e-01
9.500000000000000000e+02,0.000000000000000000e+00,5.573333395808025559e-01
9.510000000000000000e+02,0.000000000000000000e+00,-1.298625387972282830e-01
9.520000000000000000e+02,0.000000000000000000e+00,-4.278363360396031934e-01
9.530000000000000000e+02,0.000000000000000000e+00,3.346870908329854788e-01
9.540000000000000000e+02,0.000000000000000000e+00,3.056307101866625464e-01
9.550000000000000000e+02,0.000000000000000000e+00,-6.885787889962610153e-01
9.560000000000000000e+02,0.000000000000000000e+00,1.390222117168690708e-01
9.570000000000000000e+02,0.000000000000000000e+00,8.789265692884652426e-01
9.580000000000000000e+02,0.000000000000000000e+00,-9.560087678759110474e-01
9.590000000000000000e+02,0.000000000000000000e+00,-6.935768190753516249e-01
9.600000000000000000e+02,1.000000000000000000e+00,1.675252702411864414e+00
9.610000000000000000e+02,0.000000000000000000e+00,1.205389174756578280e-01
9.620000000000000000e+02,0.000000000000000000e+00,-1.851104394348139559e+00
9.630000000000000000e+02,0.000000000000000000e+00,4.773049601620612536e-01
9.640000000000000000e+02,0.000000000000000000e+00,1.391666602320043467e+00
9.650000000000000000e+02,0.000000000000000000e+00,-7.769815093642959969e-01
9.660000000000000000e+02,0.000000000000000000e+00,-5.100282579803226968e-01
9.670000000000000000e+02,0.000000000000000000e+00,8.569961345812204812e-01
9.680000000000000000e+02,0.000000000000000000e+00,-2.455063785956410061e-01
9.690000000000000000e+02,0.000000000000000000e+00,-8.994914674419967060e-01
9.700000000000000000e+02,1.000000000000000000e+00,3.564509773430894479e-01
9.710000000000000000e+02,0.000000000000000000e+00,9.351569528524176222e-01
9.720000000000000000e+02,0.000000000000000000e+00,-3.321358735292007092e-02
9.730000000000000000e+02,0.000000000000000000e+00,-7.816436788664170576e-01
9.740000000000000000e+02,0.000000000000000000e+00,1.271132535475014980e-01
9.750000000000000000e+02,0.000000000000000000e+00,1.672854842777331541e-01
9.760000000000000000e+02,1.000000000000000000e+00,-9.866541211202927153e-01
9.770000000000000000e+02,0.000000000000000000e+00,7.684387053932615341e-01
9.780000000000000000e+02,0.000000000000000000e+00,1.823202435444683633e+00
9.790000000000000000e+02,0.000000000000000000e+00,-1.383474615824697107e+00
9.800000000000000000e+02,0.000000000000000000e+00,-1.748636487284691343e+00
9.810000000000000000e+02,0.000000000000000000e+00,1.072406507671745945e+00
9.820000000000000000e+02,1.000000000000000000e+00,9.597761959590946912e-01
9.830000000000000000e+02,0.000000000000000000e+00,1.537925557852219960e-01
9.840000000000000000e+02,0.000000000000000000e+00,-2.997613356751132052e-01
9.850000000000000000e+02,0.000000000000000000e+00,-1.326432501375955919e+00
9.860000000000000000e+02,0.000000000000000000e+00,1.959952796153668075e-01
9.870000000000000000e+02,0.000000000000000000e+00,1.366816461542589956e+00
9.880000000000000000e+02,0.000000000000000000e+00,-3.873626194330036521e-01
9.890000000000000000e+02,0.000000000000000000e+00,-3.696613987247472921e-01
9.900000000000000000e+02,0.000000000000000000e+00,3.685180086198897031e-01
9.910000000000000000e+02,0.000000000000000000e+00,-8.670634554591396537e-01
9.920000000000000000e+02,0.000000000000000000e+00,-2.005842744118170318e-01
9.930000000000000000e+02,0.000000000000000000e+00,1.550250355007577463e+00
9.940000000000000000e+02,0.000000000000000000e+00,3.635418663295215125e-01
9.950000000000000000e+02,0.000000000000000000e+00,-9.533550607143461697e-01
9.960000000000000000e+02,0.000000000000000000e+00,-5.186259495441666312e-01
9.970000000000000000e+02,0.000000000000000000e+00,-3.751063059638097275e-01
9.980000000000000000e+02,0.000000000000000000e+00,1.546646884670266342e-02
9.990000000000000000e+02,0.000000000000000000e+00,7.021008406013509173e-01
1.000000000000000000e+03,0.000000000000000000e+00,5.822927354169009639e-01
1.001000000000000000e+03,0.000000000000000000e+00,2.366399212642528449e-01
1.002000000000000000e+03,0.000000000000000000e+00,-5.046130684527309063e-01
1.003000000000000000e+03,1.000000000000000000e+00,-8.851213108832167720e-01
1.004000000000000000e+03,0.000000000000000000e+00,2.253751666639505213e-01
1.005000000000000000e+03,0.000000000000000000e+00,3.918688704925595845e-01
1.006000000000000000e+03,0.000000000000000000e+00,-4.372661256254163353e-01
1.007000000000000000e+03,0.000000000000000000e+00,6.806950381806888828e-01
1.008000000000000000e+03,0.000000000000000000e+00,9.914723190012176834e-01
1.009000000000000000e+03,0.000000000000000000e+00,-1.472051825989926011e+00
1.010000000000000000e+03,0.000000000000000000e+00,-1.327738819895522004e+00
1.011000000000000000e+03,1.000000000000000000e+00,1.368490797257995828e+00
1.012000000000000000e+03,0.000000000000000000e+00,1.019751819184847141e+00
1.013000000000000000e+03,0.000000000000000000e+00,-5.265987125372129096e-01
1.014000000000000000e+03,0.000000000000000000e+00,-2.651537578966027819e-01
1.015000000000000000e+03,0.000000000000000000e+00,-1.560292260169417466e-01
1.016000000000000000e+03,0.000000000000000000e+00,-2.336343172462113094e-02
1.017000000000000000e+03,0.000000000000000000e+00,3.594513237602249833e-01
1.018000000000000000e+03,0.000000000000000000e+00,-4.583086242773235508e-01
1.019000000000000000e+03,0.000000000000000000e+00,-5.634268036309372230e-01
1.020000000000000000e+03,1.000000000000000000e+00,7.577828620890492139e-01
1.021000000000000000e+03,0.000000000000000000e+00,8.014103233418035099e-01
1.022000000000000000e+03,0.000000000000000000e+00,-3.943038491123537215e-01
1.023000000000000000e+03,0.000000000000000000e+00,-6.612666688504393875e-01
1.024000000000000000e+03,0.000000000000000000e+00,1.981683053923449789e-01
1.025000000000000000e+03,0.000000000000000000e+00,3.322410911052621763e-01
1.026000000000000000e+03,0.000000000000000000e+00,-6.151086520079545039e-01
1.027000000000000000e+03,0.000000000000000000e+00,-3.245737713246263922e-01
1.028000000000000000e+03,1.000000000000000000e+00,8.569441687476568870e-01
1.029000000000000000e+03,0.000000000000000000e+00,4.808579708731615665e-01
1.030000000000000000e+03,0.000000000000000000e+00,-3.629069828683909593e-01
1.031000000000000000e+03,0.000000000000000000e+00,-2.922385536118700111e-01
1.032000000000000000e+03,0.000000000000000000e+00,-2.680778449926223272e-01
1.033000000000000000e+03,0.000000000000000000e+00,-1.363910367568745563e-01
1.034000000000000000e+03,0.000000000000000000e+00,4.086754461904262281e-01
1.035000000000000000e+03,0.000000000000000000e+00,1.905325392084082914e-01
1.036000000000000000e+03,0.000000000000000000e+00,-3.855641702055427888e-01
1.037000000000000000e+03,0.000000000000000000e+00,2.923390757576433963e-01
1.038000000000000000e+03,0.000000000000000000e+00,6.818997939603845815e-01
1.039000000000000000e+03,1.000000000000000000e+00,-7.066164292048775497e-01
1.040000000000000000e+03,0.000000000000000000e+00,-9.774857242984151817e-01
1.041000000000000000e+03,0.000000000000000000e+00,5.321292630025206138e-01
1.042000000000000000e+03,0.000000000000000000e+00,7.376720905833991093e-01
1.043000000000000000e+03,0.000000000000000000e+00,1.521415843449707567e-03
1.044000000000000000e+03,0.000000000000000000e+00,-2.269220135214838063e-01
1.045000000000000000e+03,0.000000000000000000e+00,-3.823916660755699026e-01
1.046000000000000000e+03,0.000000000000000000e+00,9.208272063469012669e-02
1.047000000000000000e+03,0.000000000000000000e+00,4.328494754618668616e-01
1.048000000000000000e+03,0.000000000000000000e+00,-3.498375148966861303e-01
1.049000000000000000e+03,0.000000000000000000e+00,-3.371321316698697723e-01
1.050000000000000000e+03,0.000000000000000000e+00,5.762861566504041688e-01
1.051000000000000000e+03,0.000000000000000000e+00,2.835749047813317381e-01
1.052000000000000000e+03,0.000000000000000000e+00,-5.390243314327833879e-01
1.053000000000000000e+03,0.000000000000000000e+00,-1.580995521088399414e-01
1.054000000000000000e+03,0.000000000000000000e+00,2.542827157111812730e-01
1.055000000000000000e+03,0.000000000000000000e+00,-2.012777294500713854e-01
1.056000000000000000e+03,0.000000000000000000e+00,-5.934099915704258571e-02
1.057000000000000000e+03,0.000000000000000000e+00,5.866974935836479776e-01
1.058000000000000000e+03,0.000000000000000000e+00,2.451040108870979894e-01
1.059000000000000000e+03,0.000000000000000000e+00,-7.071151684755744293e-01
1.060000000000000000e+03,0.000000000000000000e+00,-4.037871725586741345e-01
1.061000000000000000e+03,0.000000000000000000e+00,7.558895979792155106e-01
1.062000000000000000e+03,0.000000000000000000e+00,5.687721436813239495e-02
1.063000000000000000e+03,0.000000000000000000e+00,-1.067876198787087061e+00
1.064000000000000000e+03,0.000000000000000000e+00,5.171755428318975945e-01
1.065000000000000000e+03,0.000000000000000000e+00,1.442192424136277129e+00
1.066000000000000000e+03,0.000000000000000000e+00,-6.693340697436155340e-01
1.067000000000000000e+03,0.000000000000000000e+00,-1.518658997343516281e+00
1.068000000000000000e+03,0.000000000000000000e+00,6.282800412773029142e-04
1.069000000000000000e+03,0.000000000000000000e+00,1.202170705700859044e+00
1.070000000000000000e+03,0.000000000000000000e+00,1.094713033934087587e+00
1.071000000000000000e+03,0.000000000000000000e+00,-4.608677531411836670e-01
1.072000000000000000e+03,0.000000000000000000e+00,-1.427966985986409698e+00
1.073000000000000000e+03,0.000000000000000000e+00,-2.962100369232627539e-01
1.074000000000000000e+03,0.000000000000000000e+00,5.111930642253474932e-01
1.075000000000000000e+03,0.000000000000000000e+00,2.776260151431751977e-01
1.076000000000000000e+03,0.000000000000000000e+00,5.536960623045942276e-01
1.077000000000000000e+03,0.000000000000000000e+00,4.368945742625303108e-01
1.078000000000000000e+03,0.000000000000000000e+00,-6.755374149137612916e-01
1.079000000000000000e+03,0.000000000000000000e+00,-8.124117541899961159e-01
1.080000000000000000e+03,0.000000000000000000e+00,2.474039511891363563e-01
1.081000000000000000e+03,0.000000000000000000e+00,3.040893820554022575e-01
1.082000000000000000e+03,0.000000000000000000e+00,-1.741169615757416356e-01
1.083000000000000000e+03,0.000000000000000000e+00,4.662393614947069054e-01
1.084000000000000000e+03,0.000000000000000000e+00,3.995281174630278542e-01
1.085000000000000000e+03,0.000000000000000000e+00,-6.371860637113634374e-01
1.086000000000000000e+03,0.000000000000000000e+00,-3.954287299004196066e-01
1.087000000000000000e+03,0.000000000000000000e+00,2.844014634973830447e-01
1.088000000000000000e+03,0.000000000000000000e+00,3.765489715666732184e-01
1.089000000000000000e+03,0.000000000000000000e+00,3.049882941365489319e-02
1.090000000000000000e+03,0.000000000000000000e+00,-8.095316179854616934e-01
1.091000000000000000e+03,0.000000000000000000e+00,-4.554618242574402509e-01
1.092000000000000000e+03,0.000000000000000000e+00,1.298329404375698326e+00
1.093000000000000000e+03,0.000000000000000000e+00,1.151139373827257506e+00
1.094000000000000000e+03,0.000000000000000000e+00,-1.130608110937046273e+00
1.095000000000000000e+03,0.000000000000000000e+00,-1.269430275058080593e+00
1.096000000000000000e+03,0.000000000000000000e+00,5.837147368259092417e-01
1.097000000000000000e+03,0.000000000000000000e+00,4.006515437130764856e-01
1.098000000000000000e+03,0.000000000000000000e+00,-5.455052910685724843e-01
1.099000000000000000e+03,0.000000000000000000e+00,2.924923917978475840e-01
1.100000000000000000e+03,0.000000000000000000e+00,9.104842845738273516e-01
1.101000000000000000e+03,0.000000000000000000e+00,6.202181668612009868e-02
1.102000000000000000e+03,0.000000000000000000e+00,-7.344576577456559674e-01
1.103000000000000000e+03,0.000000000000000000e+00,-5.799045825179739433e-01
1.104000000000000000e+03,0.000000000000000000e+00,-2.999187354420563070e-02
1.105000000000000000e+03,0.000000000000000000e+00,2.670564190173152497e-01
1.106000000000000000e+03,0.000000000000000000e+00,4.931917849884248639e-01
1.107000000000000000e+03,0.000000000000000000e+00,3.706603948282097272e-01
1.108000000000000000e+03,1.000000000000000000e+00,-4.323479268717834723e-01
1.109000000000000000e+03,0.000000000000000000e+00,-4.882464313917294629e-01
1.110000000000000000e+03,0.000000000000000000e+00,4.767524633547973734e-01
1.111000000000000000e+03,0.000000000000000000e+00,2.633747776092300596e-01
1.112000000000000000e+03,0.000000000000000000e+00,-7.467975584429682456e-01
1.113000000000000000e+03,0.000000000000000000e+00,-1.669972931117327530e-01
1.114000000000000000e+03,0.000000000000000000e+00,6.514566741608164291e-01
1.115000000000000000e+03,0.000000000000000000e+00,4.625745959857086032e-02
1.116000000000000000e+03,0.000000000000000000e+00,-8.574095643482233797e-02
1.117000000000000000e+03,0.000000000000000000e+00,4.070944709799535488e-01
1.118000000000000000e+03,0.000000000000000000e+00,-2.979466335118998166e-01
1.119000000000000000e+03,0.000000000000000000e+00,-8.958883524550548261e-01
1.120000000000000000e+03,0.000000000000000000e+00,1.250251905915860384e-01
1.121000000000000000e+03,0.000000000000000000e+00,7.235305789519285158e-01
1.122000000000000000e+03,0.000000000000000000e+00,1.836146317394957428e-01
1.123000000000000000e+03,0.000000000000000000e+00,1.789399618678612358e-01
1.124000000000000000e+03,0.000000000000000000e+00,-1.768409316623497096e-01
1.125000000000000000e+03,0.000000000000000000e+00,-8.459997529374470027e-01
1.126000000000000000e+03,0.000000000000000000e+00,-7.010284642164960056e-02
1.127000000000000000e+03,1.000000000000000000e+00,3.988933458933016096e-01
1.128000000000000000e+03,0.000000000000000000e+00,4.270783641204459191e-01
1.129000000000000000e+03,0.000000000000000000e+00,8.453006549889895416e-01
1.130000000000000000e+03,0.000000000000000000e+00,-7.677030743777993882e-01
1.131000000000000000e+03,0.000000000000000000e+00,-1.847950670420261732e+00
1.132000000000000000e+03,0.000000000000000000e+00,6.964571518671689443e-01
1.133000000000000000e+03,0.000000000000000000e+00,1.856467981017654090e+00
1.134000000000000000e+03,0.000000000000000000e+00,-2.186522734572156068e-01
1.135000000000000000e+03,0.000000000000000000e+00,-9.803808987100445238e-01
1.136000000000000000e+03,0.000000000000000000e+00,2.314703134404156454e-02
1.137000000000000000e+03,1.000000000000000000e+00,2.296591342532778024e-01
1.138000000000000000e+03,0.000000000000000000e+00,-3.637046563134729849e-01
1.139000000000000000e+03,0.000000000000000000e+00,-2.762286183311166710e-01
1.140000000000000000e+03,0.000000000000000000e+00,5.774046629371124562e-01
1.141000000000000000e+03,0.000000000000000000e+00,4.543957994215271912e-01
1.142000000000000000e+03,0.000000000000000000e+00,-1.817432620057050363e-01
1.143000000000000000e+03,0.000000000000000000e+00,-7.770577961658463317e-02
1.144000000000000000e+03,0.000000000000000000e+00,-3.901641201199048670e-01
1.145000000000000000e+03,0.000000000000000000e+00,-3.183533539563949688e-01
1.146000000000000000e+03,0.000000000000000000e+00,4.434514733837415790e-01
1.147000000000000000e+03,0.000000000000000000e+00,1.118278150430360336e-02
1.148000000000000000e+03,0.000000000000000000e+00,9.814526504976595761e-03
1.149000000000000000e+03,0.000000000000000000e+00,7.031176338878522003e-01
1.150000000000000000e+03,0.000000000000000000e+00,-3.444906153996714626e-01
1.151000000000000000e+03,0.000000000000000000e+00,-1.072123612073514254e+00
1.152000000000000000e+03,0.000000000000000000e+00,4.160433718298729433e-01
1.153000000000000000e+03,0.000000000000000000e+00,1.076136858736509883e+00
1.154000000000000000e+03,0.000000000000000000e+00,-5.919147564243716353e-01
1.155000000000000000e+03,0.000000000000000000e+00,-1.074642869191228645e+00
1.156000000000000000e+03,0.000000000000000000e+00,7.044850619005913472e-01
1.157000000000000000e+03,0.000000000000000000e+00,7.606693939963875550e-01
1.158000000000000000e+03,0.000000000000000000e+00,-5.083127429037762601e-01
1.159000000000000000e+03,0.000000000000000000e+00,7.077082628133277153e-02
1.160000000000000000e+03,0.000000000000000000e+00,5.753597322762751265e-01
1.161000000000000000e+03,0.000000000000000000e+00,-6.382349900265962273e-01
1.162000000000000000e+03,0.000000000000000000e+00,-1.115804043303366688e+00
1.163000000000000000e+03,0.000000000000000000e+00,5.259105817993249277e-01
1.164000000000000000e+03,0.000000000000000000e+00,1.217082673078914157e+00
1.165000000000000000e+03,0.000000000000000000e+00,-4.271077650199841536e-01
1.166000000000000000e+03,0.000000000000000000e+00,-5.184113897465266740e-01
1.167000000000000000e+03,0.000000000000000000e+00,6.216350936693164630e-01
1.168000000000000000e+03,0.000000000000000000e+00,-1.027000771792300066e-01
1.169000000000000000e+03,0.000000000000000000e+00,-6.204238803928585622e-01
1.170000000000000000e+03,0.000000000000000000e+00,6.727684959801533138e-02
1.171000000000000000e+03,1.000000000000000000e+00,4.522448132225543871e-01
1.172000000000000000e+03,0.000000000000000000e+00,3.731354564436977217e-01
1.173000000000000000e+03,0.000000000000000000e+00,-3.816025887267459060e-01
1.174000000000000000e+03,0.000000000000000000e+00,-7.952068773066395257e-01
1.175000000000000000e+03,0.000000000000000000e+00,4.948041531303550011e-02
1.176000000000000000e+03,0.000000000000000000e+00,7.501770248896061366e-01
1.177000000000000000e+03,0.000000000000000000e+00,4.966170950281528218e-01
1.178000000000000000e+03,0.000000000000000000e+00,-1.585963106487072172e-01
1.179000000000000000e+03,0.000000000000000000e+00,-3.774940265039198883e-01
1.180000000000000000e+03,0.000000000000000000e+00,-2.957241180107362255e-01
1.181000000000000000e+03,0.000000000000000000e+00,-2.852044948271560409e-01
1.182000000000000000e+03,1.000000000000000000e+00,8.961273152849105750e-02
1.183000000000000000e+03,0.000000000000000000e+00,1.628919192613562106e-01
1.184000000000000000e+03,0.000000000000000000e+00,3.635658451919274170e-01
1.185000000000000000e+03,0.000000000000000000e+00,9.387622551850025587e-01
1.186000000000000000e+03,0.000000000000000000e+00,-6.061442595829744651e-01
1.187000000000000000e+03,0.000000000000000000e+00,-1.745941971412816596e+00
1.188000000000000000e+03,0.000000000000000000e+00,7.937672217125166796e-01
1.189000000000000000e+03,0.000000000000000000e+00,1.533464229213379326e+00
1.190000000000000000e+03,0.000000000000000000e+00,-9.188439639252766744e-01
1.191000000000000000e+03,1.000000000000000000e+00,-6.658567993500849047e-01
1.192000000000000000e+03,0.000000000000000000e+00,6.499701693904359479e-01
1.193000000000000000e+03,0.000000000000000000e+00,-2.802931354545102338e-01
1.194000000000000000e+03,0.000000000000000000e+00,-1.957181701144701802e-01
1.195000000000000000e+03,0.000000000000000000e+00,8.377137401528466087e-01
1.196000000000000000e+03,0.000000000000000000e+00,1.329365333447424247e-01
1.197000000000000000e+03,0.000000000000000000e+00,-7.250319069983333087e-01
1.198000000000000000e+03,0.000000000000000000e+00,-3.862761399851527000e-01
1.199000000000000000e+03,0.000000000000000000e+00,-3.134046419876329592e-02
1.200000000000000000e+03,1.000000000000000000e+00,3.493873656268353112e-01
1.201000000000000000e+03,0.000000000000000000e+00,1.026494765173677104e+00
1.202000000000000000e+03,0.000000000000000000e+00,9.241330797210477177e-02
1.203000000000000000e+03,0.000000000000000000e+00,-1.454991238148388044e+00
1.204000000000000000e+03,0.000000000000000000e+00,-3.810475197390102431e-01
1.205000000000000000e+03,0.000000000000000000e+00,8.766702242868109618e-01
1.206000000000000000e+03,0.000000000000000000e+00,6.226120842533279520e-02
1.207000000000000000e+03,0.000000000000000000e+00,-1.855446619498998112e-02
1.208000000000000000e+03,0.000000000000000000e+00,5.056797904350471828e-01
1.209000000000000000e+03,0.000000000000000000e+00,-1.193144443264488180e-01
1.210000000000000000e+03,1.000000000000000000e+00,-4.358415121554175542e-01
1.211000000000000000e+03,0.000000000000000000e+00,-2.735131793974819869e-01
1.212000000000000000e+03,0.000000000000000000e+00,-3.084962837810670266e-01
1.213000000000000000e+03,0.000000000000000000e+00,2.695434229314736529e-01
1.214000000000000000e+03,0.000000000000000000e+00,6.264400540218368896e-01
1.215000000000000000e+03,0.000000000000000000e+00,1.570233002229575181e-01
1.216000000000000000e+03,0.000000000000000000e+00,-1.104080629029511873e-01
1.217000000000000000e+03,0.000000000000000000e+00,-3.429724976936577296e-01
1.218000000000000000e+03,0.000000000000000000e+00,-4.441970793142138718e-01
1.219000000000000000e+03,0.000000000000000000e+00,4.305709115784453478e-01
1.220000000000000000e+03,0.000000000000000000e+00,8.038910489224606604e-01
1.221000000000000000e+03,0.000000000000000000e+00,-7.879304162555643698e-01
1.222000000000000000e+03,0.000000000000000000e+00,-1.277739940230748772e+00
1.223000000000000000e+03,0.000000000000000000e+00,8.686971044956898202e-01
1.224000000000000000e+03,0.000000000000000000e+00,1.299939397386238094e+00
1.225000000000000000e+03,0.000000000000000000e+00,-4.207774563738211904e-01
1.226000000000000000e+03,0.000000000000000000e+00,-3.781286287245387845e-01
1.227000000000000000e+03,0.000000000000000000e+00,4.578347140849386987e-02
1.228000000000000000e+03,0.000000000000000000e+00,-6.575302522126734717e-01
1.229000000000000000e+03,0.000000000000000000e+00,3.116000176729541993e-01
1.230000000000000000e+03,1.000000000000000000e+00,9.031906625911128028e-01
1.231000000000000000e+03,0.000000000000000000e+00,-1.052714998402153768e+00
1.232000000000000000e+03,0.000000000000000000e+00,-4.700599313724589945e-01
1.233000000000000000e+03,0.000000000000000000e+00,1.434833810909853513e+00
1.234000000000000000e+03,0.000000000000000000e+00,-2.841707977172732713e-01
1.235000000000000000e+03,0.000000000000000000e+00,-7.284141988603781703e-01
1.236000000000000000e+03,0.000000000000000000e+00,1.091942413929632760e+00
1.237000000000000000e+03,0.000000000000000000e+00,-3.527078630571573448e-01
1.238000000000000000e+03,0.000000000000000000e+00,-1.201156802975136939e+00
1.239000000000000000e+03,0.000000000000000000e+00,9.862759748234597446e-01
1.240000000000000000e+03,0.000000000000000000e+00,1.891700044882639320e-01
1.241000000000000000e+03,0.000000000000000000e+00,-1.256098257507904270e+00
1.242000000000000000e+03,0.000000000000000000e+00,9.564515372608398680e-01
1.243000000000000000e+03,0.000000000000000000e+00,1.148682732032062503e+00
1.244000000000000000e+03,0.000000000000000000e+00,-1.134992199416577696e+00
1.245000000000000000e+03,0.000000000000000000e+00,-4.530422919466657317e-01
1.246000000000000000e+03,0.000000000000000000e+00,5.218802773026712805e-01
1.247000000000000000e+03,0.000000000000000000e+00,-4.184373193248124845e-01
1.248000000000000000e+03,0.000000000000000000e+00,1.549279203298436491e-01
1.249000000000000000e+03,0.000000000000000000e+00,9.976767279598861560e-01
1.250000000000000000e+03,0.000000000000000000e+00,-4.065264668114403346e-01
1.251000000000000000e+03,0.000000000000000000e+00,-1.402425101748989045e+00
1.252000000000000000e+03,0.000000000000000000e+00,-9.839873950895795113e-04
1.253000000000000000e+03,0.000000000000000000e+00,1.650324034654453209e+00
1.254000000000000000e+03,0.000000000000000000e+00,6.431527409821846675e-01
1.255000000000000000e+03,0.000000000000000000e+00,-1.427414782982894703e+00
1.256000000000000000e+03,0.000000000000000000e+00,-5.241832239637399526e-01
1.257000000000000000e+03,0.000000000000000000e+00,8.673191485753064534e-01
1.258000000000000000e+03,1.000000000000000000e+00,-5.436993884416767564e-01
1.259000000000000000e+03,0.000000000000000000e+00,-5.171470641806010793e-01
1.260000000000000000e+03,0.000000000000000000e+00,1.576741905939253563e+00
1.261000000000000000e+03,0.000000000000000000e+00,4.167636024520721127e-01
1.262000000000000000e+03,0.000000000000000000e+00,-1.745941233430654993e+00
1.263000000000000000e+03,0.000000000000000000e+00,-2.274216690964586951e-01
1.264000000000000000e+03,0.000000000000000000e+00,9.885034890300566923e-01
1.265000000000000000e+03,0.000000000000000000e+00,1.680540544322348812e-02
1.266000000000000000e+03,0.000000000000000000e+00,2.113915933937673131e-01
1.267000000000000000e+03,0.000000000000000000e+00,3.583797838134426816e-02
1.268000000000000000e+03,0.000000000000000000e+00,-9.052917395906083797e-01
1.269000000000000000e+03,1.000000000000000000e+00,1.147196147510436484e-02
1.270000000000000000e+03,0.000000000000000000e+00,4.784919693863676216e-01
1.271000000000000000e+03,0.000000000000000000e+00,-2.048757931495814311e-01
1.272000000000000000e+03,0.000000000000000000e+00,4.240216509895905483e-01
1.273000000000000000e+03,0.000000000000000000e+00,4.104560408678102346e-01
1.274000000000000000e+03,0.000000000000000000e+00,-8.132153871916069088e-01
1.275000000000000000e+03,0.000000000000000000e+00,-1.000932801580509124e-01
1.276000000000000000e+03,1.000000000000000000e+00,7.522994242019085398e-01
1.277000000000000000e+03,0.000000000000000000e+00,-6.811385925084181281e-01
1.278000000000000000e+03,0.000000000000000000e+00,-7.094185141441647913e-01
1.279000000000000000e+03,0.000000000000000000e+00,1.014303776188954620e+00
1.280000000000000000e+03,0.000000000000000000e+00,5.393587503405657957e-01
1.281000000000000000e+03,0.000000000000000000e+00,-4.939180559594963382e-01
1.282000000000000000e+03,0.000000000000000000e+00,-2.029893972768823801e-02
1.283000000000000000e+03,0.000000000000000000e+00,-9.076340606356081420e-02
1.284000000000000000e+03,0.000000000000000000e+00,-5.101396164161788871e-01
1.285000000000000000e+03,0.000000000000000000e+00,6.810653920441887832e-02
1.286000000000000000e+03,1.000000000000000000e+00,5.202453463371936593e-01
1.287000000000000000e+03,0.000000000000000000e+00,2.104880643124748818e-01
1.288000000000000000e+03,0.000000000000000000e+00,-1.012568919826146580e-01
1.289000000000000000e+03,0.000000000000000000e+00,-3.074170554356546181e-01
1.290000000000000000e+03,0.000000000000000000e+00,3.355570843925098634e-02
1.291000000000000000e+03,0.000000000000000000e+00,4.478189246437740967e-01
1.292000000000000000e+03,0.000000000000000000e+00,-6.258192702114234729e-01
1.293000000000000000e+03,0.000000000000000000e+00,-7.663073500513256642e-01
1.294000000000000000e+03,0.000000000000000000e+00,1.169147249950763578e+00
1.295000000000000000e+03,0.000000000000000000e+00,7.329421566508118602e-01
1.296000000000000000e+03,0.000000000000000000e+00,-1.133008911915332595e+00
1.297000000000000000e+03,0.000000000000000000e+00,-1.635136686418110774e-01
1.298000000000000000e+03,0.000000000000000000e+00,9.407261146945242736e-01
1.299000000000000000e+03,0.000000000000000000e+00,-7.749804040261400184e-02
1.300000000000000000e+03,0.000000000000000000e+00,-9.819817047584760150e-01
1.301000000000000000e+03,0.000000000000000000e+00,-4.584237582927396804e-01
1.302000000000000000e+03,0.000000000000000000e+00,9.847980265974503045e-01
1.303000000000000000e+03,0.000000000000000000e+00,8.622639126432182222e-01
1.304000000000000000e+03,0.000000000000000000e+00,-8.459991164737714620e-01
1.305000000000000000e+03,0.000000000000000000e+00,-4.865238831434114397e-01
1.306000000000000000e+03,0.000000000000000000e+00,8.941806377112719861e-01
1.307000000000000000e+03,0.000000000000000000e+00,-1.635423685582783615e-01
1.308000000000000000e+03,0.000000000000000000e+00,-1.154173674483216949e+00
1.309000000000000000e+03,0.000000000000000000e+00,5.530336257430291669e-01
1.310000000000000000e+03,0.000000000000000000e+00,1.320226204423248673e+00
1.311000000000000000e+03,0.000000000000000000e+00,-5.203799279930667598e-01
1.312000000000000000e+03,0.000000000000000000e+00,-1.182376924586393097e+00
1.313000000000000000e+03,0.000000000000000000e+00,1.365383772366508541e-01
1.314000000000000000e+03,0.000000000000000000e+00,8.575496626191184690e-01
1.315000000000000000e+03,0.000000000000000000e+00,1.019866477202658744e-01
1.316000000000000000e+03,0.000000000000000000e+00,-1.004892599658322005e+00
1.317000000000000000e+03,0.000000000000000000e+00,-1.147259813175406373e-01
1.318000000000000000e+03,0.000000000000000000e+00,1.871629431411921507e+00
1.319000000000000000e+03,0.000000000000000000e+00,5.197346043836172935e-01
1.320000000000000000e+03,0.000000000000000000e+00,-2.268693491122800943e+00
1.321000000000000000e+03,0.000000000000000000e+00,-9.728613417094879035e-01
1.322000000000000000e+03,0.000000000000000000e+00,1.375961801481110580e+00
1.323000000000000000e+03,0.000000000000000000e+00,3.705476690541768536e-01
1.324000000000000000e+03,0.000000000000000000e+00,-4.632444768652378420e-01
1.325000000000000000e+03,0.000000000000000000e+00,7.594931250358364361e-01
1.326000000000000000e+03,0.000000000000000000e+00,7.642112489948387211e-01
1.327000000000000000e+03,0.000000000000000000e+00,-7.816563955721512746e-01
1.328000000000000000e+03,0.000000000000000000e+00,-1.443364484752582833e+00
1.329000000000000000e+03,1.000000000000000000e+00,-3.572972985010948732e-01
1.330000000000000000e+03,0.000000000000000000e+00,1.277290947201685789e+00
1.331000000000000000e+03,0.000000000000000000e+00,1.278325896251663929e+00
1.332000000000000000e+03,0.000000000000000000e+00,-4.659311422438874306e-01
1.333000000000000000e+03,0.000000000000000000e+00,-1.144691361355550274e+00
1.334000000000000000e+03,0.000000000000000000e+00,-9.114618410645529412e-02
1.335000000000000000e+03,0.000000000000000000e+00,1.432858569801452042e-01
1.336000000000000000e+03,0.000000000000000000e+00,-1.279652451051018769e-01
1.337000000000000000e+03,0.000000000000000000e+00,9.295589474261463092e-01
1.338000000000000000e+03,0.000000000000000000e+00,8.220406441729448677e-01
1.339000000000000000e+03,0.000000000000000000e+00,-1.272824337893169622e+00
1.340000000000000000e+03,0.000000000000000000e+00,-9.864191401682187443e-01
1.341000000000000000e+03,0.000000000000000000e+00,9.047290216143925035e-01
1.342000000000000000e+03,0.000000000000000000e+00,2.867983042108972480e-01
1.343000000000000000e+03,0.000000000000000000e+00,-4.454866239572360387e-01
1.344000000000000000e+03,0.000000000000000000e+00,3.801838745395157426e-01
1.345000000000000000e+03,1.000000000000000000e+00,1.992220726824344423e-01
1.346000000000000000e+03,0.000000000000000000e+00,-3.156117656034013175e-01
1.347000000000000000e+03,0.000000000000000000e+00,-1.218066555766939979e-01
1.348000000000000000e+03,0.000000000000000000e+00,-2.920410822504835302e-01
1.349000000000000000e+03,0.000000000000000000e+00,1.887962378927982021e-01
1.350000000000000000e+03,0.000000000000000000e+00,8.675725702983305698e-01
1.351000000000000000e+03,0.000000000000000000e+00,-3.625643352476404235e-01
1.352000000000000000e+03,0.000000000000000000e+00,-9.021738224350319690e-01
1.353000000000000000e+03,0.000000000000000000e+00,5.828884262994376009e-01
1.354000000000000000e+03,0.000000000000000000e+00,6.196402053706636659e-01
1.355000000000000000e+03,0.000000000000000000e+00,-7.805645113568218108e-01
1.356000000000000000e+03,0.000000000000000000e+00,-6.802942081000412644e-01
1.357000000000000000e+03,0.000000000000000000e+00,8.580456674798749850e-01
1.358000000000000000e+03,0.000000000000000000e+00,9.255961072047560467e-01
1.359000000000000000e+03,0.000000000000000000e+00,-7.268546087515010967e-01
1.360000000000000000e+03,0.000000000000000000e+00,-7.976807816684918784e-01
1.361000000000000000e+03,0.000000000000000000e+00,1.841949322012010337e-01
1.362000000000000000e+03,0.000000000000000000e+00,4.074334895291825687e-01
1.363000000000000000e+03,0.000000000000000000e+00,6.904518074901786484e-01
1.364000000000000000e+03,0.000000000000000000e+00,-7.838663351236890842e-02
1.365000000000000000e+03,0.000000000000000000e+00,-1.110555016515307081e+00
1.366000000000000000e+03,0.000000000000000000e+00,-9.488330449589993387e-03
1.367000000000000000e+03,0.000000000000000000e+00,6.937588736770067266e-01
1.368000000000000000e+03,0.000000000000000000e+00,-1.799449416213086683e-01
1.369000000000000000e+03,0.000000000000000000e+00,-1.704246959858629062e-01
1.370000000000000000e+03,0.000000000000000000e+00,1.338059967806410899e-01
1.371000000000000000e+03,0.000000000000000000e+00,6.945323697830738108e-02
1.372000000000000000e+03,0.000000000000000000e+00,4.277154743047402174e-01
1.373000000000000000e+03,0.000000000000000000e+00,-5.275095039605725428e-03
1.374000000000000000e+03,0.000000000000000000e+00,-6.971347462936112738e-01
1.375000000000000000e+03,0.000000000000000000e+00,-2.910750956085188523e-01
1.376000000000000000e+03,0.000000000000000000e+00,3.246638325712673107e-02
1.377000000000000000e+03,0.000000000000000000e+00,3.765370928639836801e-01
1.378000000000000000e+03,0.000000000000000000e+00,9.033265332490790778e-01
1.379000000000000000e+03,0.000000000000000000e+00,4.282790885214285415e-03
1.380000000000000000e+03,0.000000000000000000e+00,-1.064627280418077859e+00
1.381000000000000000e+03,1.000000000000000000e+00,-2.174471721144749237e-01
1.382000000000000000e+03,0.000000000000000000e+00,3.387442750596048047e-01
1.383000000000000000e+03,0.000000000000000000e+00,-2.142331389182739187e-01
1.384000000000000000e+03,0.000000000000000000e+00,4.796902570656723097e-01
1.385000000000000000e+03,0.000000000000000000e+00,6.341188576026768331e-01
1.386000000000000000e+03,0.000000000000000000e+00,-6.379548267096577518e-01
1.387000000000000000e+03,0.000000000000000000e+00,-3.549209624332727575e-01
1.388000000000000000e+03,0.000000000000000000e+00,1.297105644450837481e-01
1.389000000000000000e+03,1.000000000000000000e+00,-2.907171928224180357e-01
1.390000000000000000e+03,0.000000000000000000e+00,3.056018572941905931e-01
1.391000000000000000e+03,0.000000000000000000e+00,6.142692132432737706e-01
1.392000000000000000e+03,0.000000000000000000e+00,-3.914885810212667683e-03
1.393000000000000000e+03,0.000000000000000000e+00,-3.393359051074326116e-01
1.394000000000000000e+03,0.000000000000000000e+00,-6.533685395078777658e-01
1.395000000000000000e+03,0.000000000000000000e+00,-1.234380707959905343e-01
1.396000000000000000e+03,0.000000000000000000e+00,7.898255421939098797e-01
1.397000000000000000e+03,0.000000000000000000e+00,9.114059821176287435e-03
1.398000000000000000e+03,0.000000000000000000e+00,-5.204607176355016129e-01
1.399000000000000000e+03,0.000000000000000000e+00,5.319082257743562581e-01
1.400000000000000000e+03,0.000000000000000000e+00,4.603348689814010242e-01
1.401000000000000000e+03,0.000000000000000000e+00,-4.230464737167856093e-01
1.402000000000000000e+03,0.000000000000000000e+00,-3.057230374049874633e-01
1.403000000000000000e+03,0.000000000000000000e+00,-3.990653053028031527e-01
1.404000000000000000e+03,0.000000000000000000e+00,-2.029124940920558617e-01
1.405000000000000000e+03,0.000000000000000000e+00,8.541396234385559838e-01
1.406000000000000000e+03,0.000000000000000000e+00,3.064775481462235773e-01
1.407000000000000000e+03,0.000000000000000000e+00,-7.813810531621030453e-01
1.408000000000000000e+03,0.000000000000000000e+00,1.189158324105047959e-01
1.409000000000000000e+03,0.000000000000000000e+00,9.422160835684729729e-01
1.410000000000000000e+03,0.000000000000000000e+00,-8.807148938821099393e-02
1.411000000000000000e+03,0.000000000000000000e+00,-1.317737521130727174e+00
1.412000000000000000e+03,0.000000000000000000e+00,-4.616078012418858290e-01
1.413000000000000000e+03,0.000000000000000000e+00,1.190801644454403840e+00
1.414000000000000000e+03,0.000000000000000000e+00,5.505332373722132688e-01
1.415000000000000000e+03,0.000000000000000000e+00,-4.126925143676039021e-01
1.416000000000000000e+03,0.000000000000000000e+00,-1.463494378311314681e-01
1.417000000000000000e+03,0.000000000000000000e+00,-3.500366404402914799e-01
1.418000000000000000e+03,0.000000000000000000e+00,1.690429960145554966e-01
1.419000000000000000e+03,0.000000000000000000e+00,4.892064421564914500e-01
1.420000000000000000e+03,0.000000000000000000e+00,-6.854667129640822365e-01
1.421000000000000000e+03,0.000000000000000000e+00,-1.086924777511748680e-01
1.422000000000000000e+03,0.000000000000000000e+00,7.644469192297256299e-01
1.423000000000000000e+03,0.000000000000000000e+00,-4.373491935426517818e-01
1.424000000000000000e+03,0.000000000000000000e+00,-1.523170390912059191e-01
1.425000000000000000e+03,0.000000000000000000e+00,9.982547447366653115e-01
1.426000000000000000e+03,0.000000000000000000e+00,-2.461431558871507441e-01
1.427000000000000000e+03,0.000000000000000000e+00,-1.162312100269892401e+00
1.428000000000000000e+03,0.000000000000000000e+00,-9.651522288792024201e-03
1.429000000000000000e+03,0.000000000000000000e+00,4.606286911375164217e-01
1.430000000000000000e+03,0.000000000000000000e+00,8.322862734086888814e-02
1.431000000000000000e+03,0.000000000000000000e+00,5.009987811089988696e-01
1.432000000000000000e+03,0.000000000000000000e+00,4.655317751101526458e-01
1.433000000000000000e+03,0.000000000000000000e+00,-6.142291674439679383e-01
1.434000000000000000e+03,0.000000000000000000e+00,-7.155702656875259082e-01
1.435000000000000000e+03,0.000000000000000000e+00,2.823774625624911674e-02
1.436000000000000000e+03,0.000000000000000000e+00,1.686391165019748006e-01
1.437000000000000000e+03,0.000000000000000000e+00,2.329801913009858783e-01
1.438000000000000000e+03,0.000000000000000000e+00,2.050254211829607709e-01
1.439000000000000000e+03,0.000000000000000000e+00,-3.930876976161278707e-02
1.440000000000000000e+03,0.000000000000000000e+00,2.596274408894483909e-01
1.441000000000000000e+03,0.000000000000000000e+00,2.243120639730496468e-01
1.442000000000000000e+03,0.000000000000000000e+00,-6.771189011377991562e-01
1.443000000000000000e+03,0.000000000000000000e+00,-9.507400005801769360e-01
1.444000000000000000e+03,0.000000000000000000e+00,1.989847370393973414e-01
1.445000000000000000e+03,0.000000000000000000e+00,1.126972795820504469e+00
1.446000000000000000e+03,0.000000000000000000e+00,4.324071089633702014e-01
1.447000000000000000e+03,0.000000000000000000e+00,-2.235191946436358434e-01
1.448000000000000000e+03,0.000000000000000000e+00,-1.962936388204271076e-01
1.449000000000000000e+03,0.000000000000000000e+00,-6.074649604255283331e-01
1.450000000000000000e+03,0.000000000000000000e+00,-4.412260753016672421e-01
1.451000000000000000e+03,0.000000000000000000e+00,4.535363333484135340e-01
1.452000000000000000e+03,0.000000000000000000e+00,5.436543435632691379e-01
1.453000000000000000e+03,1.000000000000000000e+00,1.990489341953512181e-03
1.454000000000000000e+03,0.000000000000000000e+00,-2.749130427124334419e-01
1.455000000000000000e+03,0.000000000000000000e+00,-1.448771707484293181e-01
1.456000000000000000e+03,0.000000000000000000e+00,4.600595554288548078e-02
1.457000000000000000e+03,0.000000000000000000e+00,3.355124769992698375e-01
1.458000000000000000e+03,1.000000000000000000e+00,3.922727391637116368e-01
1.459000000000000000e+03,0.000000000000000000e+00,-5.233679328680802545e-01
1.460000000000000000e+03,0.000000000000000000e+00,-9.912853184409093910e-01
1.461000000000000000e+03,0.000000000000000000e+00,2.365385549322416847e-01
1.462000000000000000e+03,0.000000000000000000e+00,1.176538726367017729e+00
1.463000000000000000e+03,0.000000000000000000e+00,2.577618229744574330e-01
1.464000000000000000e+03,0.000000000000000000e+00,-9.867675190868798740e-01
1.465000000000000000e+03,0.000000000000000000e+00,-6.164857210225892503e-01
1.466000000000000000e+03,0.000000000000000000e+00,9.339197537738967991e-01
1.467000000000000000e+03,0.000000000000000000e+00,1.163010213902354595e+00
1.468000000000000000e+03,0.000000000000000000e+00,-8.849717219757817777e-01
1.469000000000000000e+03,0.000000000000000000e+00,-1.814130402808031839e+00
1.470000000000000000e+03,1.000000000000000000e+00,4.903689551455901463e-01
1.471000000000000000e+03,0.000000000000000000e+00,1.601005021776665371e+00
1.472000000000000000e+03,0.000000000000000000e+00,-1.969360140460619246e-01
1.473000000000000000e+03,0.000000000000000000e+00,-2.283467230057278363e-01
1.474000000000000000e+03,0.000000000000000000e+00,4.928350355259267790e-01
1.475000000000000000e+03,0.000000000000000000e+00,-1.106317285539191619e+00
1.476000000000000000e+03,0.000000000000000000e+00,-8.902158836907092532e-01
1.477000000000000000e+03,1.000000000000000000e+00,1.434049129842956294e+00
1.478000000000000000e+03,1.000000000000000000e+00,8.574596666122719091e-01
1.479000000000000000e+03,0.000000000000000000e+00,-1.100824690421938756e+00
1.480000000000000000e+03,1.000000000000000000e+00,-7.844795491020378764e-01
1.481000000000000000e+03,0.000000000000000000e+00,5.647000731174725008e-01
1.482000000000000000e+03,0.000000000000000000e+00,9.917660891975386139e-01
1.483000000000000000e+03,0.000000000000000000e+00,2.248951106020817547e-02
1.484000000000000000e+03,0.000000000000000000e+00,-9.361255168497237822e-01
1.485000000000000000e+03,0.000000000000000000e+00,-9.639983091842146967e-02
1.486000000000000000e+03,0.000000000000000000e+00,3.745628308851056687e-01
1.487000000000000000e+03,0.000000000000000000e+00,-5.574752873860824298e-01
1.488000000000000000e+03,0.000000000000000000e+00,-1.485123944977571331e-01
1.489000000000000000e+03,0.000000000000000000e+00,9.000670774725286760e-01
1.490000000000000000e+03,0.000000000000000000e+00,6.606925653306345847e-01
1.491000000000000000e+03,0.000000000000000000e+00,-1.439661876822360131e-01
1.492000000000000000e+03,0.000000000000000000e+00,-9.104092343295536738e-01
1.493000000000000000e+03,0.000000000000000000e+00,-7.782444134412060954e-01
1.494000000000000000e+03,0.000000000000000000e+00,3.766952988687009563e-01
1.495000000000000000e+03,0.000000000000000000e+00,6.096186504548680718e-01
1.496000000000000000e+03,0.000000000000000000e+00,-1.420892212087963014e-01
1.497000000000000000e+03,0.000000000000000000e+00,2.541421972779503435e-01
1.498000000000000000e+03,0.000000000000000000e+00,9.272608196339808817e-01
1.499000000000000000e+03,0.000000000000000000e+00,-2.801739955218739420e-01
1.500000000000000000e+03,0.000000000000000000e+00,-1.713275103836447322e+00
1.501000000000000000e+03,0.000000000000000000e+00,-8.748811211201275029e-01
1.502000000000000000e+03,0.000000000000000000e+00,1.300712300310260305e+00
1.503000000000000000e+03,0.000000000000000000e+00,1.627556762496738862e+00
1.504000000000000000e+03,0.000000000000000000e+00,-7.269455030886842750e-02
1.505000000000000000e+03,0.000000000000000000e+00,-7.954022557271139826e-01
1.506000000000000000e+03,0.000000000000000000e+00,-7.618416119992426072e-01
1.507000000000000000e+03,0.000000000000000000e+00,-6.304974816335919829e-01
1.508000000000000000e+03,0.000000000000000000e+00,9.338733868368561675e-01
1.509000000000000000e+03,0.000000000000000000e+00,1.162070766229121865e+00
1.510000000000000000e+03,0.000000000000000000e+00,-9.499084170410435624e-01
1.511000000000000000e+03,0.000000000000000000e+00,-7.641878511705859633e-01
1.512000000000000000e+03,1.000000000000000000e+00,9.194380510021883390e-01
1.513000000000000000e+03,0.000000000000000000e+00,1.436201859276063086e-01
1.514000000000000000e+03,0.000000000000000000e+00,-6.409235305585740949e-01
1.515000000000000000e+03,0.000000000000000000e+00,3.602045449572606195e-01
1.516000000000000000e+03,0.000000000000000000e+00,1.014448357323029931e-01
1.517000000000000000e+03,0.000000000000000000e+00,-6.452597574409035808e-01
1.518000000000000000e+03,0.000000000000000000e+00,4.130877535727704997e-01
1.519000000000000000e+03,0.000000000000000000e+00,7.896429732258376522e-01
1.520000000000000000e+03,0.000000000000000000e+00,-3.167298391215870312e-01
1.521000000000000000e+03,0.000000000000000000e+00,-8.397756821766257929e-01
1.522000000000000000e+03,0.000000000000000000e+00,-5.415944925697873114e-01
1.523000000000000000e+03,0.000000000000000000e+00,4.015345257934948564e-01
1.524000000000000000e+03,0.000000000000000000e+00,1.258092417526848195e+00
1.525000000000000000e+03,0.000000000000000000e+00,4.666763378030011622e-01
1.526000000000000000e+03,0.000000000000000000e+00,-8.672832567969497308e-01
1.527000000000000000e+03,0.000000000000000000e+00,-6.543785096339332918e-01
1.528000000000000000e+03,1.000000000000000000e+00,-3.539453379512865205e-01
1.529000000000000000e+03,0.000000000000000000e+00,-3.862750125166384829e-01
1.530000000000000000e+03,0.000000000000000000e+00,1.234148598468937319e+00
1.531000000000000000e+03,0.000000000000000000e+00,1.564478230378745227e+00
1.532000000000000000e+03,0.000000000000000000e+00,-1.267973060186513345e+00
1.533000000000000000e+03,0.000000000000000000e+00,-1.733935314194221977e+00
1.534000000000000000e+03,0.000000000000000000e+00,1.022212565398785467e+00
1.535000000000000000e+03,0.000000000000000000e+00,1.129102964616667037e+00
1.536000000000000000e+03,0.000000000000000000e+00,-7.448168566980545302e-01
1.537000000000000000e+03,0.000000000000000000e+00,-3.588035028423626205e-01
1.538000000000000000e+03,0.000000000000000000e+00,-9.912386355246410874e-03
1.539000000000000000e+03,0.000000000000000000e+00,-5.591391695339250623e-01
1.540000000000000000e+03,0.000000000000000000e+00,1.086747407886243355e+00
1.541000000000000000e+03,1.000000000000000000e+00,1.348956045763403111e+00
1.542000000000000000e+03,0.000000000000000000e+00,-1.793438617314577543e+00
1.543000000000000000e+03,0.000000000000000000e+00,-1.451196903566501772e+00
1.544000000000000000e+03,0.000000000000000000e+00,1.964729250247211567e+00
1.545000000000000000e+03,0.000000000000000000e+00,1.028136275725263893e+00
1.546000000000000000e+03,0.000000000000000000e+00,-1.597048359583963739e+00
1.547000000000000000e+03,0.000000000000000000e+00,-5.216917293464977678e-01
1.548000000000000000e+03,0.000000000000000000e+00,5.685849800454489955e-01
1.549000000000000000e+03,0.000000000000000000e+00,5.030005340737436076e-02
1.550000000000000000e+03,0.000000000000000000e+00,6.612970687794675895e-01
1.551000000000000000e+03,0.000000000000000000e+00,2.139450507955257541e-01
1.552000000000000000e+03,0.000000000000000000e+00,-1.375089792154933210e+00
1.553000000000000000e+03,0.000000000000000000e+00,-1.630019406561301065e-01
1.554000000000000000e+03,1.000000000000000000e+00,1.435545171898868988e+00
1.555000000000000000e+03,0.000000000000000000e+00,3.210849136419431649e-02
1.556000000000000000e+03,0.000000000000000000e+00,-1.040699377522533275e+00
1.557000000000000000e+03,0.000000000000000000e+00,1.321860574766601723e-02
1.558000000000000000e+03,0.000000000000000000e+00,3.508368728480048548e-01
1.559000000000000000e+03,0.000000000000000000e+00,-1.553351351335365838e-01
1.560000000000000000e+03,0.000000000000000000e+00,2.333219056142693537e-01
1.561000000000000000e+03,0.000000000000000000e+00,3.940092081390781931e-01
1.562000000000000000e+03,0.000000000000000000e+00,-3.243145254801318988e-01
1.563000000000000000e+03,0.000000000000000000e+00,-3.134703623127574890e-01
1.564000000000000000e+03,0.000000000000000000e+00,2.456883218744246866e-01
1.565000000000000000e+03,0.000000000000000000e+00,7.274086156438920592e-02
1.566000000000000000e+03,0.000000000000000000e+00,-3.751666869374489233e-01
1.567000000000000000e+03,1.000000000000000000e+00,-4.413335206338894201e-01
1.568000000000000000e+03,0.000000000000000000e+00,2.221610754194203730e-01
1.569000000000000000e+03,0.000000000000000000e+00,1.180964865040200484e+00
1.570000000000000000e+03,0.000000000000000000e+00,5.096834734406967549e-01
1.571000000000000000e+03,0.000000000000000000e+00,-1.209840046751343934e+00
1.572000000000000000e+03,0.000000000000000000e+00,-9.699009348356676385e-01
1.573000000000000000e+03,0.000000000000000000e+00,4.744628197950041537e-01
1.574000000000000000e+03,0.000000000000000000e+00,4.704429290492809779e-01
1.575000000000000000e+03,0.000000000000000000e+00,1.566088355313301761e-01
1.576000000000000000e+03,0.000000000000000000e+00,3.642519388360309085e-01
1.577000000000000000e+03,0.000000000000000000e+00,-2.999695647327717540e-01
1.578000000000000000e+03,0.000000000000000000e+00,-4.448225469072550342e-01
1.579000000000000000e+03,0.000000000000000000e+00,1.204402136226018494e-01
1.580000000000000000e+03,0.000000000000000000e+00,-4.973015885598756070e-01
1.581000000000000000e+03,0.000000000000000000e+00,1.428814163796335301e-01
1.582000000000000000e+03,0.000000000000000000e+00,1.677939519747615904e+00
1.583000000000000000e+03,0.000000000000000000e+00,-1.656231155457779103e-01
1.584000000000000000e+03,0.000000000000000000e+00,-2.073285889781763647e+00
1.585000000000000000e+03,1.000000000000000000e+00,-2.855383352526552065e-01
1.586000000000000000e+03,0.000000000000000000e+00,1.449113286303946202e+00
1.587000000000000000e+03,0.000000000000000000e+00,1.019070885130668014e+00
1.588000000000000000e+03,0.000000000000000000e+00,-4.364018931229376452e-01
1.589000000000000000e+03,0.000000000000000000e+00,-1.356893842843413411e+00
1.590000000000000000e+03,0.000000000000000000e+00,-3.335799043295830657e-01
1.591000000000000000e+03,0.000000000000000000e+00,6.513075724802405153e-01
1.592000000000000000e+03,0.000000000000000000e+00,5.871737001057080185e-01
1.593000000000000000e+03,0.000000000000000000e+00,6.302435117614606508e-01
1.594000000000000000e+03,0.000000000000000000e+00,-1.786595591331416877e-01
1.595000000000000000e+03,1.000000000000000000e+00,-1.029153220938636260e+00
1.596000000000000000e+03,0.000000000000000000e+00,-4.985613945053892770e-01
1.597000000000000000e+03,0.000000000000000000e+00,1.503580842863101730e-01
1.598000000000000000e+03,0.000000000000000000e+00,4.580199216550564500e-01
1.599000000000000000e+03,0.000000000000000000e+00,6.831837386814726409e-01
1.600000000000000000e+03,0.000000000000000000e+00,3.507023786791039766e-01
1.601000000000000000e+03,1.000000000000000000e+00,-7.373021178665165598e-01
1.602000000000000000e+03,0.000000000000000000e+00,-6.878522944041379761e-01
1.603000000000000000e+03,0.000000000000000000e+00,8.803882515911767292e-01
1.604000000000000000e+03,0.000000000000000000e+00,2.418168028010452275e-01
1.605000000000000000e+03,0.000000000000000000e+00,-1.418633874728217670e+00
1.606000000000000000e+03,0.000000000000000000e+00,-8.562211666374183738e-02
1.607000000000000000e+03,0.000000000000000000e+00,1.259526084426812131e+00
1.608000000000000000e+03,0.000000000000000000e+00,3.779424746691487091e-01
1.609000000000000000e+03,0.000000000000000000e+00,-8.035894696807170667e-02
1.610000000000000000e+03,0.000000000000000000e+00,-1.804391021335489675e-01
1.611000000000000000e+03,0.000000000000000000e+00,-7.399785081388262631e-01
1.612000000000000000e+03,0.000000000000000000e+00,-4.772762659517086892e-01
1.613000000000000000e+03,0.000000000000000000e+00,2.033532419375103095e-01
1.614000000000000000e+03,0.000000000000000000e+00,5.159839550739901970e-01
1.615000000000000000e+03,0.000000000000000000e+00,7.632755069944288095e-01
1.616000000000000000e+03,0.000000000000000000e+00,2.585809140811718421e-01
1.617000000000000000e+03,0.000000000000000000e+00,-7.889624709916638334e-01
1.618000000000000000e+03,0.000000000000000000e+00,-6.693339579351791357e-01
1.619000000000000000e+03,0.000000000000000000e+00,6.847696811394329841e-02
1.620000000000000000e+03,0.000000000000000000e+00,1.106465713414050284e-01
1.621000000000000000e+03,1.000000000000000000e+00,3.861151575005502545e-01
1.622000000000000000e+03,0.000000000000000000e+00,5.176340569093149657e-01
1.623000000000000000e+03,0.000000000000000000e+00,-6.028321363851120163e-01
1.624000000000000000e+03,0.000000000000000000e+00,-6.199420815630681814e-01
1.625000000000000000e+03,0.000000000000000000e+00,9.688054892849993216e-01
1.626000000000000000e+03,0.000000000000000000e+00,6.006857660509543617e-01
1.627000000000000000e+03,0.000000000000000000e+00,-9.733520025185163904e-01
1.628000000000000000e+03,0.000000000000000000e+00,-3.589844566384894353e-01
1.629000000000000000e+03,0.000000000000000000e+00,4.958425671185048844e-01
1.630000000000000000e+03,0.000000000000000000e+00,-2.756315800866599997e-01
1.631000000000000000e+03,0.000000000000000000e+00,-3.669042899042913031e-01
1.632000000000000000e+03,0.000000000000000000e+00,2.231412657351237727e-01
1.633000000000000000e+03,0.000000000000000000e+00,4.832018984236249315e-01
1.634000000000000000e+03,0.000000000000000000e+00,1.002650246082557928e+00
1.635000000000000000e+03,0.000000000000000000e+00,1.484209057426711387e-01
1.636000000000000000e+03,0.000000000000000000e+00,-1.723567738566609497e+00
1.637000000000000000e+03,1.000000000000000000e+00,-1.195381424424429850e+00
1.638000000000000000e+03,0.000000000000000000e+00,6.376786095681670208e-01
1.639000000000000000e+03,0.000000000000000000e+00,1.284530850203073671e+00
1.640000000000000000e+03,0.000000000000000000e+00,1.031969562889056613e+00
1.641000000000000000e+03,1.000000000000000000e+00,-3.191820853840408589e-01
1.642000000000000000e+03,0.000000000000000000e+00,-1.493822047877372716e+00
1.643000000000000000e+03,0.000000000000000000e+00,-4.135446038021386994e-01
1.644000000000000000e+03,0.000000000000000000e+00,7.305613936150159304e-01
1.645000000000000000e+03,0.000000000000000000e+00,1.087900242620983005e-01
1.646000000000000000e+03,1.000000000000000000e+00,-5.138048326302289970e-03
1.647000000000000000e+03,0.000000000000000000e+00,7.978770913288872890e-01
1.648000000000000000e+03,0.000000000000000000e+00,-5.463566623301094327e-03
1.649000000000000000e+03,0.000000000000000000e+00,-1.422359954688306338e+00
1.650000000000000000e+03,0.000000000000000000e+00,-8.569575704208491629e-02
1.651000000000000000e+03,0.000000000000000000e+00,1.477933165635649138e+00
1.652000000000000000e+03,0.000000000000000000e+00,-1.510352370459998594e-01
1.653000000000000000e+03,0.000000000000000000e+00,-1.390000064996430584e+00
1.654000000000000000e+03,1.000000000000000000e+00,-1.422015850231068135e-01
1.655000000000000000e+03,0.000000000000000000e+00,1.167370010366236777e+00
1.656000000000000000e+03,0.000000000000000000e+00,1.436134750478967881e+00
1.657000000000000000e+03,0.000000000000000000e+00,-2.730799823919692337e-01
1.658000000000000000e+03,0.000000000000000000e+00,-2.416738409846571844e+00
1.659000000000000000e+03,0.000000000000000000e+00,-8.347310948271551290e-01
1.660000000000000000e+03,0.000000000000000000e+00,1.841004733551925732e+00
1.661000000000000000e+03,0.000000000000000000e+00,1.030041131248139896e+00
1.662000000000000000e+03,0.000000000000000000e+00,-4.144090399559552385e-01
1.663000000000000000e+03,0.000000000000000000e+00,-4.510124405641999790e-01
1.664000000000000000e+03,0.000000000000000000e+00,-5.562624952767178943e-01
1.665000000000000000e+03,0.000000000000000000e+00,2.891335433859236817e-02
1.666000000000000000e+03,0.000000000000000000e+00,8.331999379895216329e-01
1.667000000000000000e+03,1.000000000000000000e+00,2.249640284304017454e-02
1.668000000000000000e+03,0.000000000000000000e+00,-7.700127140374865009e-01
1.669000000000000000e+03,0.000000000000000000e+00,5.369295788232590627e-02
1.670000000000000000e+03,0.000000000000000000e+00,5.612912540991081833e-01
1.671000000000000000e+03,0.000000000000000000e+00,-8.561989674173559051e-02
1.672000000000000000e+03,0.000000000000000000e+00,-1.084528529551346404e-01
1.673000000000000000e+03,1.000000000000000000e+00,3.203630678198658710e-02
1.674000000000000000e+03,0.000000000000000000e+00,-4.964552056964836035e-01
1.675000000000000000e+03,0.000000000000000000e+00,-2.234491549209544417e-02
1.676000000000000000e+03,0.000000000000000000e+00,4.501678546771237799e-01
1.677000000000000000e+03,0.000000000000000000e+00,-3.939642545180845057e-02
1.678000000000000000e+03,0.000000000000000000e+00,5.372998151839253334e-01
1.679000000000000000e+03,0.000000000000000000e+00,2.948455031167952489e-01
1.680000000000000000e+03,0.000000000000000000e+00,-1.262177980288378576e+00
1.681000000000000000e+03,0.000000000000000000e+00,-2.773468344658783225e-01
1.682000000000000000e+03,0.000000000000000000e+00,7.577235269837894194e-01
1.683000000000000000e+03,0.000000000000000000e+00,-2.019885026856391430e-01
1.684000000000000000e+03,0.000000000000000000e+00,3.174225129538323364e-01
1.685000000000000000e+03,0.000000000000000000e+00,1.301763921765794474e-01
1.686000000000000000e+03,0.000000000000000000e+00,-1.080584206385124091e+00
1.687000000000000000e+03,0.000000000000000000e+00,1.041998682072445614e+00
1.688000000000000000e+03,0.000000000000000000e+00,1.609550832424200939e+00
1.689000000000000000e+03,0.000000000000000000e+00,-1.928821981441312783e+00
1.690000000000000000e+03,0.000000000000000000e+00,-1.804849509855926071e+00
1.691000000000000000e+03,0.000000000000000000e+00,1.193635855633092158e+00
1.692000000000000000e+03,0.000000000000000000e+00,1.083869827894005766e+00
1.693000000000000000e+03,1.000000000000000000e+00,3.468739946952844599e-01
1.694000000000000000e+03,0.000000000000000000e+00,1.123840986019514210e-01
1.695000000000000000e+03,1.000000000000000000e+00,-1.035596093206791579e+00
1.696000000000000000e+03,0.000000000000000000e+00,-6.604028556824736995e-01
1.697000000000000000e+03,0.000000000000000000e+00,4.446179605484090747e-01
1.698000000000000000e+03,0.000000000000000000e+00,3.495376057085466392e-01
1.699000000000000000e+03,0.000000000000000000e+00,5.135554647481335167e-01
1.700000000000000000e+03,0.000000000000000000e+00,3.053586372099093560e-01
1.701000000000000000e+03,0.000000000000000000e+00,-6.494968328740542418e-01
1.702000000000000000e+03,0.000000000000000000e+00,-5.814923646256676681e-01
1.703000000000000000e+03,0.000000000000000000e+00,-1.852068726074931893e-01
1.704000000000000000e+03,0.000000000000000000e+00,-1.873595066460749248e-01
1.705000000000000000e+03,0.000000000000000000e+00,7.776536933345624680e-01
1.706000000000000000e+03,0.000000000000000000e+00,1.421285399423200202e+00
1.707000000000000000e+03,0.000000000000000000e+00,-2.601009562120701335e-01
1.708000000000000000e+03,0.000000000000000000e+00,-1.679564014218501100e+00
1.709000000000000000e+03,0.000000000000000000e+00,-6.092304345300812995e-01
1.710000000000000000e+03,0.000000000000000000e+00,9.324933304329841022e-01
1.711000000000000000e+03,0.000000000000000000e+00,8.826361782520850685e-01
1.712000000000000000e+03,0.000000000000000000e+00,-3.514929413799559588e-01
1.713000000000000000e+03,0.000000000000000000e+00,-6.989273029762861356e-01
1.714000000000000000e+03,0.000000000000000000e+00,2.183387979805719858e-01
1.715000000000000000e+03,0.000000000000000000e+00,3.495230602187698321e-01
1.716000000000000000e+03,0.000000000000000000e+00,-1.824956000074420548e-01
1.717000000000000000e+03,0.000000000000000000e+00,3.467814399368378264e-02
1.718000000000000000e+03,0.000000000000000000e+00,3.103102695836704727e-01
1.719000000000000000e+03,0.000000000000000000e+00,7.490895733702027104e-02
1.720000000000000000e+03,0.000000000000000000e+00,-3.313634775486334338e-01
1.721000000000000000e+03,0.000000000000000000e+00,-6.319946720908792281e-01
1.722000000000000000e+03,0.000000000000000000e+00,-3.202481646610054744e-01
1.723000000000000000e+03,0.000000000000000000e+00,6.132025409005492644e-01
1.724000000000000000e+03,0.000000000000000000e+00,1.056142189687508282e+00
1.725000000000000000e+03,0.000000000000000000e+00,9.927041809531592098e-03
1.726000000000000000e+03,0.000000000000000000e+00,-7.150963296755442622e-01
1.727000000000000000e+03,0.000000000000000000e+00,1.700549132442979450e-01
1.728000000000000000e+03,0.000000000000000000e+00,-3.552378777264451060e-01
1.729000000000000000e+03,1.000000000000000000e+00,-1.514585972035693118e+00
1.730000000000000000e+03,0.000000000000000000e+00,6.071961576717966880e-01
1.731000000000000000e+03,0.000000000000000000e+00,2.386191500129725362e+00
1.732000000000000000e+03,0.000000000000000000e+00,3.175876576751135438e-01
1.733000000000000000e+03,0.000000000000000000e+00,-1.530905294858127208e+00
1.734000000000000000e+03,0.000000000000000000e+00,-1.031289283067962081e+00
1.735000000000000000e+03,0.000000000000000000e+00,-9.472528704102298192e-03
1.736000000000000000e+03,0.000000000000000000e+00,4.701372795058537113e-01
1.737000000000000000e+03,0.000000000000000000e+00,5.169760767589837158e-01
1.738000000000000000e+03,0.000000000000000000e+00,7.261543999257296100e-01
1.739000000000000000e+03,1.000000000000000000e+00,6.598916458479396618e-03
1.740000000000000000e+03,0.000000000000000000e+00,-1.309708344648405465e+00
1.741000000000000000e+03,0.000000000000000000e+00,-3.407220955153745234e-01
1.742000000000000000e+03,0.000000000000000000e+00,8.780503452231462891e-01
1.743000000000000000e+03,0.000000000000000000e+00,-1.093678020712580828e-01
1.744000000000000000e+03,0.000000000000000000e+00,-1.278637095488251163e-02
1.745000000000000000e+03,0.000000000000000000e+00,7.786223556681517444e-01
1.746000000000000000e+03,0.000000000000000000e+00,-2.470103625346056486e-01
1.747000000000000000e+03,0.000000000000000000e+00,-5.349461000663471300e-01
1.748000000000000000e+03,0.000000000000000000e+00,-5.458450144258254477e-01
1.749000000000000000e+03,0.000000000000000000e+00,-1.031670258170076959e+00
1.750000000000000000e+03,0.000000000000000000e+00,1.457280390425561345e+00
1.751000000000000000e+03,0.000000000000000000e+00,2.502011044348470659e+00
1.752000000000000000e+03,0.000000000000000000e+00,-1.492703463462158320e+00
1.753000000000000000e+03,0.000000000000000000e+00,-2.220071249740005914e+00
1.754000000000000000e+03,0.000000000000000000e+00,1.120373515113478824e+00
1.755000000000000000e+03,0.000000000000000000e+00,8.488107254857488737e-01
1.756000000000000000e+03,0.000000000000000000e+00,-1.057829905576858298e+00
1.757000000000000000e+03,0.000000000000000000e+00,-1.881687919619552951e-01
1.758000000000000000e+03,0.000000000000000000e+00,9.220297802955013111e-01
1.759000000000000000e+03,0.000000000000000000e+00,5.299629032753123692e-01
1.760000000000000000e+03,0.000000000000000000e+00,-3.458284378286465288e-01
1.761000000000000000e+03,0.000000000000000000e+00,-8.546190108184277268e-01
1.762000000000000000e+03,1.000000000000000000e+00,-7.241537565166702994e-02
1.763000000000000000e+03,0.000000000000000000e+00,4.484935062344587164e-01
1.764000000000000000e+03,0.000000000000000000e+00,-2.907386331833194393e-01
1.765000000000000000e+03,0.000000000000000000e+00,2.690284256270892294e-01
1.766000000000000000e+03,1.000000000000000000e+00,1.006301669437434709e+00
1.767000000000000000e+03,0.000000000000000000e+00,-3.177182152605264598e-01
1.768000000000000000e+03,0.000000000000000000e+00,-1.078383086228800858e+00
1.769000000000000000e+03,0.000000000000000000e+00,-3.109281330786598518e-01
1.770000000000000000e+03,0.000000000000000000e+00,3.648965243819907167e-01
1.771000000000000000e+03,0.000000000000000000e+00,6.815955781490210530e-01
1.772000000000000000e+03,0.000000000000000000e+00,3.267172674925216680e-01
1.773000000000000000e+03,0.000000000000000000e+00,-7.371330103967523861e-01
1.774000000000000000e+03,0.000000000000000000e+00,-5.714040390086514432e-01
1.775000000000000000e+03,0.000000000000000000e+00,1.154775645264572104e+00
1.776000000000000000e+03,0.000000000000000000e+00,7.627886061378834626e-01
1.777000000000000000e+03,0.000000000000000000e+00,-1.547090938124421999e+00
1.778000000000000000e+03,0.000000000000000000e+00,-1.049900650906409272e+00
1.779000000000000000e+03,0.000000000000000000e+00,1.121296683759243296e+00
1.780000000000000000e+03,0.000000000000000000e+00,9.400696708579764360e-01
1.781000000000000000e+03,0.000000000000000000e+00,-3.489244423188950783e-01
1.782000000000000000e+03,0.000000000000000000e+00,-4.459049096824648228e-01
1.783000000000000000e+03,1.000000000000000000e+00,5.836693632629706002e-02
1.784000000000000000e+03,0.000000000000000000e+00,4.968732628310445487e-01
1.785000000000000000e+03,0.000000000000000000e+00,-4.164286020913766928e-03
1.786000000000000000e+03,0.000000000000000000e+00,-1.467690279509625828e+00
1.787000000000000000e+03,0.000000000000000000e+00,-2.985563509571237395e-01
1.788000000000000000e+03,0.000000000000000000e+00,2.300253835009685499e+00
1.789000000000000000e+03,0.000000000000000000e+00,3.500106768667592405e-01
1.790000000000000000e+03,0.000000000000000000e+00,-2.113193030221455881e+00
1.791000000000000000e+03,0.000000000000000000e+00,3.835766958273613136e-01
1.792000000000000000e+03,0.000000000000000000e+00,1.595302350038853678e+00
1.793000000000000000e+03,0.000000000000000000e+00,-8.946952211495270424e-01
1.794000000000000000e+03,0.000000000000000000e+00,-1.440331037232754241e+00
1.795000000000000000e+03,0.000000000000000000e+00,-7.888471629186007139e-02
1.796000000000000000e+03,0.000000000000000000e+00,9.848000731395141205e-01
1.797000000000000000e+03,0.000000000000000000e+00,1.559125127039565406e+00
1.798000000000000000e+03,0.000000000000000000e+00,-3.926968272919992287e-02
1.799000000000000000e+03,0.000000000000000000e+00,-1.649220591644096956e+00
1.800000000000000000e+03,0.000000000000000000e+00,-1.389224527984974089e-01
1.801000000000000000e+03,0.000000000000000000e+00,5.222539009776760999e-01
1.802000000000000000e+03,0.000000000000000000e+00,-7.387315118146021709e-01
1.803000000000000000e+03,0.000000000000000000e+00,4.058928756474802224e-01
1.804000000000000000e+03,0.000000000000000000e+00,1.293152906004344516e+00
1.805000000000000000e+03,0.000000000000000000e+00,-7.340891462371534892e-01
1.806000000000000000e+03,0.000000000000000000e+00,-1.030444071498934244e+00
1.807000000000000000e+03,0.000000000000000000e+00,7.665825686576269726e-01
1.808000000000000000e+03,0.000000000000000000e+00,7.313738628841994771e-01
1.809000000000000000e+03,1.000000000000000000e+00,-6.353646912084085496e-01
1.810000000000000000e+03,0.000000000000000000e+00,-5.254811621385199194e-01
1.811000000000000000e+03,0.000000000000000000e+00,5.929641563073050348e-01
1.812000000000000000e+03,0.000000000000000000e+00,9.888838288977924718e-02
1.813000000000000000e+03,0.000000000000000000e+00,-9.363457573444720072e-01
1.814000000000000000e+03,0.000000000000000000e+00,1.452648361397768928e-01
1.815000000000000000e+03,1.000000000000000000e+00,1.356135800209197662e+00
1.816000000000000000e+03,0.000000000000000000e+00,2.875784885365090249e-01
1.817000000000000000e+03,0.000000000000000000e+00,-1.074426736512612113e+00
1.818000000000000000e+03,0.000000000000000000e+00,-1.079270695017198634e+00
1.819000000000000000e+03,0.000000000000000000e+00,-1.756537969704049518e-01
1.820000000000000000e+03,0.000000000000000000e+00,1.234609209549134112e+00
1.821000000000000000e+03,0.000000000000000000e+00,1.467559744176518466e+00
1.822000000000000000e+03,0.000000000000000000e+00,-2.474139914197254486e-01
1.823000000000000000e+03,0.000000000000000000e+00,-1.648373077909303985e+00
1.824000000000000000e+03,0.000000000000000000e+00,-8.755824189744779718e-01
1.825000000000000000e+03,0.000000000000000000e+00,1.010730397480421594e+00
1.826000000000000000e+03,0.000000000000000000e+00,1.075664338624259031e+00
1.827000000000000000e+03,0.000000000000000000e+00,-6.075572521443225460e-01
1.828000000000000000e+03,0.000000000000000000e+00,-6.933164541467137232e-01
1.829000000000000000e+03,0.000000000000000000e+00,4.655149100292850783e-01
1.830000000000000000e+03,0.000000000000000000e+00,1.260604644238561556e-01
1.831000000000000000e+03,0.000000000000000000e+00,-2.625935558412432758e-01
1.832000000000000000e+03,1.000000000000000000e+00,5.360651598890259217e-01
1.833000000000000000e+03,0.000000000000000000e+00,4.328164123540130248e-01
1.834000000000000000e+03,0.000000000000000000e+00,-5.736439404366600048e-01
1.835000000000000000e+03,0.000000000000000000e+00,-1.040000103582104263e+00
1.836000000000000000e+03,1.000000000000000000e+00,-2.298784754666703400e-01
1.837000000000000000e+03,0.000000000000000000e+00,1.200971616426850019e+00
1.838000000000000000e+03,0.000000000000000000e+00,8.416247498873195010e-01
1.839000000000000000e+03,0.000000000000000000e+00,-5.028623042671875876e-01
1.840000000000000000e+03,0.000000000000000000e+00,-4.737162888276165718e-01
1.841000000000000000e+03,0.000000000000000000e+00,-4.186547988986438762e-01
1.842000000000000000e+03,0.000000000000000000e+00,-6.433931518119948567e-01
1.843000000000000000e+03,0.000000000000000000e+00,7.441489597572596981e-01
1.844000000000000000e+03,0.000000000000000000e+00,1.784612959900400586e+00
1.845000000000000000e+03,0.000000000000000000e+00,-1.706681955803568407e-01
1.846000000000000000e+03,1.000000000000000000e+00,-2.091425516112485727e+00
1.847000000000000000e+03,0.000000000000000000e+00,-7.676514954187029227e-01
1.848000000000000000e+03,0.000000000000000000e+00,1.139661474794390950e+00
1.849000000000000000e+03,0.000000000000000000e+00,1.213902804708526295e+00
1.850000000000000000e+03,0.000000000000000000e+00,4.860829649363052618e-01
1.851000000000000000e+03,0.000000000000000000e+00,-1.056581162966258702e+00
1.852000000000000000e+03,0.000000000000000000e+00,-1.704567043203289334e+00
1.853000000000000000e+03,0.000000000000000000e+00,8.704833104575498970e-01
1.854000000000000000e+03,0.000000000000000000e+00,1.943805534594453155e+00
1.855000000000000000e+03,0.000000000000000000e+00,-1.008814950757275897e+00
1.856000000000000000e+03,0.000000000000000000e+00,-1.490844424273942481e+00
1.857000000000000000e+03,0.000000000000000000e+00,1.112569964752249119e+00
1.858000000000000000e+03,0.000000000000000000e+00,9.736605540244205326e-01
1.859000000000000000e+03,0.000000000000000000e+00,-5.440371017339219462e-01
1.860000000000000000e+03,0.000000000000000000e+00,-6.244228538590531619e-01
1.861000000000000000e+03,0.000000000000000000e+00,-4.978938237851162074e-01
1.862000000000000000e+03,1.000000000000000000e+00,3.552510220004813646e-01
1.863000000000000000e+03,0.000000000000000000e+00,9.544168344077544885e-01
1.864000000000000000e+03,0.000000000000000000e+00,-4.300350115390133010e-01
1.865000000000000000e+03,0.000000000000000000e+00,-5.038480819211649253e-01
1.866000000000000000e+03,0.000000000000000000e+00,1.164449928040017790e+00
1.867000000000000000e+03,0.000000000000000000e+00,1.653878134308221504e-01
1.868000000000000000e+03,0.000000000000000000e+00,-1.778893119185005034e+00
1.869000000000000000e+03,0.000000000000000000e+00,-4.251413420496329976e-01
1.870000000000000000e+03,0.000000000000000000e+00,1.171684555385583915e+00
1.871000000000000000e+03,0.000000000000000000e+00,1.148057015053392388e-01
1.872000000000000000e+03,0.000000000000000000e+00,-9.042958931767902664e-02
1.873000000000000000e+03,0.000000000000000000e+00,1.164641241421445983e+00
1.874000000000000000e+03,0.000000000000000000e+00,6.137197301223613205e-02
1.875000000000000000e+03,0.000000000000000000e+00,-1.693089290156960747e+00
1.876000000000000000e+03,0.000000000000000000e+00,-5.763853025934885244e-01
1.877000000000000000e+03,0.000000000000000000e+00,7.443823866918972687e-01
1.878000000000000000e+03,0.000000000000000000e+00,4.153095745180234166e-01
1.879000000000000000e+03,0.000000000000000000e+00,9.306850397356504490e-02
1.880000000000000000e+03,0.000000000000000000e+00,-3.042522399291047730e-01
1.881000000000000000e+03,0.000000000000000000e+00,-4.258800891155266333e-02
1.882000000000000000e+03,0.000000000000000000e+00,1.132521527609040346e+00
1.883000000000000000e+03,0.000000000000000000e+00,6.220941366763081681e-02
1.884000000000000000e+03,1.000000000000000000e+00,-1.695397670291594716e+00
1.885000000000000000e+03,0.000000000000000000e+00,-2.188862143055275711e-01
1.886000000000000000e+03,0.000000000000000000e+00,9.216314394063083171e-01
1.887000000000000000e+03,0.000000000000000000e+00,-5.320589937705716421e-01
1.888000000000000000e+03,0.000000000000000000e+00,2.510431048892736161e-02
1.889000000000000000e+03,0.000000000000000000e+00,1.834970922245570790e+00
1.890000000000000000e+03,0.000000000000000000e+00,3.251580353958467839e-02
1.891000000000000000e+03,0.000000000000000000e+00,-1.973096249203365238e+00
1.892000000000000000e+03,0.000000000000000000e+00,-2.626942677451047925e-01
1.893000000000000000e+03,0.000000000000000000e+00,5.253414310227223494e-01
1.894000000000000000e+03,0.000000000000000000e+00,-4.440940920988792895e-01
1.895000000000000000e+03,0.000000000000000000e+00,9.443272080595488394e-01
1.896000000000000000e+03,0.000000000000000000e+00,1.460239126055175474e+00
1.897000000000000000e+03,0.000000000000000000e+00,-1.030651374084484706e+00
1.898000000000000000e+03,0.000000000000000000e+00,-1.238959263051647941e+00
1.899000000000000000e+03,0.000000000000000000e+00,1.857029674971874267e-01
1.900000000000000000e+03,0.000000000000000000e+00,-3.597741353201119319e-01
1.901000000000000000e+03,0.000000000000000000e+00,2.859650542869653922e-01
1.902000000000000000e+03,0.000000000000000000e+00,1.469054706643348807e+00
1.903000000000000000e+03,0.000000000000000000e+00,-1.672777056845193566e-01
1.904000000000000000e+03,0.000000000000000000e+00,-8.037535344514238345e-01
1.905000000000000000e+03,0.000000000000000000e+00,9.745242575942839047e-02
1.906000000000000000e+03,0.000000000000000000e+00,-2.512965913171814614e-01
1.907000000000000000e+03,0.000000000000000000e+00,-1.521432050803533942e-02
1.908000000000000000e+03,1.000000000000000000e+00,1.016585453857306170e-01
1.909000000000000000e+03,0.000000000000000000e+00,-5.386073530777220064e-01
1.910000000000000000e+03,0.000000000000000000e+00,2.629231327951324637e-01
1.911000000000000000e+03,0.000000000000000000e+00,8.517019206130520548e-01
1.912000000000000000e+03,1.000000000000000000e+00,3.851255268935923071e-01
1.913000000000000000e+03,0.000000000000000000e+00,8.188290355247139496e-02
1.914000000000000000e+03,0.000000000000000000e+00,-9.029836470606386056e-01
1.915000000000000000e+03,0.000000000000000000e+00,-1.147558055033640390e+00
1.916000000000000000e+03,0.000000000000000000e+00,2.578719175677999242e-01
1.917000000000000000e+03,0.000000000000000000e+00,4.910421632221029231e-01
1.918000000000000000e+03,0.000000000000000000e+00,1.895943416030431150e-01
1.919000000000000000e+03,0.000000000000000000e+00,1.006962745973771778e+00
1.920000000000000000e+03,0.000000000000000000e+00,7.500540549891547837e-01
1.921000000000000000e+03,0.000000000000000000e+00,-9.911600380856853132e-01
1.922000000000000000e+03,0.000000000000000000e+00,-1.780189511085033649e+00
1.923000000000000000e+03,0.000000000000000000e+00,-4.572690958215010482e-01
1.924000000000000000e+03,0.000000000000000000e+00,1.411845170509939296e+00
1.925000000000000000e+03,1.000000000000000000e+00,1.128384095121218067e+00
1.926000000000000000e+03,1.000000000000000000e+00,-4.195819863478940093e-01
1.927000000000000000e+03,0.000000000000000000e+00,-9.572960064333008168e-02
1.928000000000000000e+03,0.000000000000000000e+00,2.436889407603659019e-01
1.929000000000000000e+03,0.000000000000000000e+00,-1.249576581670100328e+00
1.930000000000000000e+03,0.000000000000000000e+00,-7.084271245770457082e-01
1.931000000000000000e+03,0.000000000000000000e+00,1.416179250626467434e+00
1.932000000000000000e+03,0.000000000000000000e+00,8.120923158277209009e-01
1.933000000000000000e+03,0.000000000000000000e+00,-5.786092327787127898e-01
1.934000000000000000e+03,0.000000000000000000e+00,-5.977287141141430782e-01
1.935000000000000000e+03,0.000000000000000000e+00,-3.330112821693480551e-01
1.936000000000000000e+03,0.000000000000000000e+00,7.559561021477346765e-01
1.937000000000000000e+03,0.000000000000000000e+00,8.431161258166204320e-01
1.938000000000000000e+03,0.000000000000000000e+00,-9.562104877048636098e-01
1.939000000000000000e+03,0.000000000000000000e+00,-8.144847191900093097e-01
1.940000000000000000e+03,0.000000000000000000e+00,3.000594302735113961e-01
1.941000000000000000e+03,0.000000000000000000e+00,4.552162973156292369e-01
1.942000000000000000e+03,0.000000000000000000e+00,1.021626610518811207e+00
1.943000000000000000e+03,1.000000000000000000e+00,-2.672658154284092147e-01
1.944000000000000000e+03,0.000000000000000000e+00,-1.938308586984871962e+00
1.945000000000000000e+03,0.000000000000000000e+00,3.676804649320438712e-01
1.946000000000000000e+03,0.000000000000000000e+00,1.673783158886148037e+00
1.947000000000000000e+03,0.000000000000000000e+00,-5.355303797932996490e-01
1.948000000000000000e+03,0.000000000000000000e+00,-4.192733204142445880e-01
1.949000000000000000e+03,0.000000000000000000e+00,7.286078956926111960e-01
1.950000000000000000e+03,0.000000000000000000e+00,-6.378447183411760646e-01
1.951000000000000000e+03,0.000000000000000000e+00,-9.239565371601279331e-01
1.952000000000000000e+03,0.000000000000000000e+00,6.496365904223221355e-01
1.953000000000000000e+03,0.000000000000000000e+00,9.704555214965441268e-01
1.954000000000000000e+03,0.000000000000000000e+00,-2.333632682667470815e-01
1.955000000000000000e+03,0.000000000000000000e+00,-8.554634299385056595e-01
1.956000000000000000e+03,0.000000000000000000e+00,1.721095613510702504e-01
1.957000000000000000e+03,0.000000000000000000e+00,6.646704394936723270e-01
1.958000000000000000e+03,0.000000000000000000e+00,5.145841286907593126e-03
1.959000000000000000e+03,0.000000000000000000e+00,-2.806608314495756540e-01
1.960000000000000000e+03,0.000000000000000000e+00,-7.486277412800018682e-01
1.961000000000000000e+03,0.000000000000000000e+00,-3.293616108966062050e-01
1.962000000000000000e+03,0.000000000000000000e+00,1.206846117857198530e+00
1.963000000000000000e+03,0.000000000000000000e+00,6.832493000568574670e-01
1.964000000000000000e+03,1.000000000000000000e+00,-8.228277029879779159e-01
1.965000000000000000e+03,0.000000000000000000e+00,-3.539833014335607153e-01
1.966000000000000000e+03,0.000000000000000000e+00,4.666704089840009728e-01
1.967000000000000000e+03,0.000000000000000000e+00,-3.185021398340489029e-01
1.968000000000000000e+03,0.000000000000000000e+00,-6.681577488404855103e-01
1.969000000000000000e+03,0.000000000000000000e+00,7.311521839238310783e-01
1.970000000000000000e+03,0.000000000000000000e+00,7.750491828657238846e-01
1.971000000000000000e+03,0.000000000000000000e+00,-8.741531555296364608e-01
1.972000000000000000e+03,0.000000000000000000e+00,-5.661926641600617538e-01
1.973000000000000000e+03,0.000000000000000000e+00,1.059871159502573601e+00
1.974000000000000000e+03,0.000000000000000000e+00,5.577901926267974098e-01
1.975000000000000000e+03,0.000000000000000000e+00,-1.170950298788604460e+00
1.976000000000000000e+03,0.000000000000000000e+00,-5.709465489339746735e-01
1.977000000000000000e+03,0.000000000000000000e+00,7.908686779362615882e-01
1.978000000000000000e+03,0.000000000000000000e+00,4.399516192098117812e-03
1.979000000000000000e+03,0.000000000000000000e+00,1.435707659525609081e-01
1.980000000000000000e+03,0.000000000000000000e+00,8.076583870942584120e-01
1.981000000000000000e+03,0.000000000000000000e+00,-1.151446624464041113e+00
1.982000000000000000e+03,0.000000000000000000e+00,-1.091992487377051901e+00
1.983000000000000000e+03,0.000000000000000000e+00,1.651765153622385629e+00
1.984000000000000000e+03,0.000000000000000000e+00,8.703521648811148870e-01
1.985000000000000000e+03,0.000000000000000000e+00,-1.455679429845271544e+00
1.986000000000000000e+03,0.000000000000000000e+00,-6.628983279321414290e-01
1.987000000000000000e+03,0.000000000000000000e+00,8.556687637920959988e-01
1.988000000000000000e+03,0.000000000000000000e+00,5.630649127364583117e-01
1.989000000000000000e+03,0.000000000000000000e+00,-5.164681479345796244e-01
1.990000000000000000e+03,0.000000000000000000e+00,-4.948901093224347680e-01
1.991000000000000000e+03,1.000000000000000000e+00,7.561510583390717022e-01
1.992000000000000000e+03,0.000000000000000000e+00,7.354413240253951933e-01
1.993000000000000000e+03,0.000000000000000000e+00,-6.794723457614920692e-01
1.994000000000000000e+03,0.000000000000000000e+00,-1.135670801038625832e+00
1.995000000000000000e+03,0.000000000000000000e+00,-4.790031186618181613e-01
1.996000000000000000e+03,0.000000000000000000e+00,8.946513256465864483e-01
1.997000000000000000e+03,0.000000000000000000e+00,1.461530566365587758e+00
1.998000000000000000e+03,0.000000000000000000e+00,-2.467322667383688162e-02
1.999000000000000000e+03,0.000000000000000000e+00,-7.175438910073371757e-01
2.000000000000000000e+03,0.000000000000000000e+00,-4.452740828703514175e-01
2.001000000000000000e+03,0.000000000000000000e+00,-9.471674809641604798e-01
2.002000000000000000e+03,0.000000000000000000e+00,9.814766576118286179e-02
